new stimulus
167989544.979094, 73
167990329.999925, 16
167990828.736129, 16
167990858.957909, 16
167990886.371624, 16
167990921.65441, 16
167990947.857457, 16
167990980.825157, 16
167991009.796597, 16
167991041.092831, 16
167991089.481024, 16
167991120.307305, 16
167991151.587171, 16
167991181.083493, 16
167991212.701813, 16
167991243.717574, 16
167991274.277531, 16
167991305.187039, 16
167991338.358922, 16
167991385.21963, 16
167991417.430247, 16
167991445.778042, 16
167991476.632897, 16
167991507.892512, 16
167991538.905221, 16
167991570.417567, 16
167991601.784821, 16
167991632.68878, 16
167991681.872064, 16
167991711.221074, 16
167991741.991039, 16
167991773.035097, 16
167991804.071942, 16
167991835.656972, 16
167991867.103291, 16
167991898.085484, 16
167991928.786371, 16
167991962.473149, 61
167993611.793091, 173
167994738.091598, 32
167995420.226659, 50
168004904.6626, 40
168005428.970995, 37
168005716.078453, 37
new stimulus
168030883.985519, 77
168030987.591753, 65
168031219.059767, 88
168031434.516657, 32
168032258.125754, 16
168032378.5751, 188
168032833.122169, 32
168034777.642241, 88
168035929.781205, 80
168036084.568993, 219
168037332.922841, 73
168038249.975378, 80
168038362.526525, 219
168039227.443455, 8
168039389.177607, 8
168039843.255278, 39
new stimulus
168058108.523258, 73
168058253.604056, 78
168058425.615578, 84
168058937.933801, 32
168059463.312766, 65
168059779.11008, 66
168060042.251622, 83
168060353.44956, 79
168060545.295355, 76
168060721.356126, 85
168060888.795459, 84
168060978.116133, 69
168061280.738685, 16
168061786.009006, 16
168061817.992969, 16
168061847.73786, 16
168061878.844615, 16
168061910.296206, 16
168061941.045086, 16
168061974.685258, 16
168062003.816214, 16
168062034.625296, 16
168062082.44838, 16
168062113.108764, 16
168062154.734522, 16
168062175.035419, 16
168062206.601862, 16
168062238.733691, 16
168062239.485227, 86
168062408.950016, 65
168062513.065874, 76
168062689.004857, 85
168062840.583706, 69
168062956.264448, 32
168063274.982737, 61
168063849.498934, 32
168063984.837509, 173
168064662.574602, 8
168064929.774825, 48
168065521.246212, 59
new stimulus
168093178.378075, 88
168093849.376591, 49
168094793.325175, 219
168094826.025718, 221
168096386.074089, 73
168097496.450248, 8
168097639.563848, 8
168098209.327532, 73
168099785.380368, 221
168101018.503481, 219
168101288.363624, 221
168101770.11551, 74
168103336.578706, 32
168103800.248514, 61
168104721.739523, 32
168105146.632972, 88
168105538.049374, 50
168106120.401629, 80
168106126.625033, 219
168107465.46334, 73
168108350.263647, 39
new stimulus
168133162.889059, 69
168133980.700318, 88
168134112.608017, 65
168134281.65168, 77
168134616.343641, 16
168134760.498404, 173
168136208.602074, 83
168136385.018777, 67
168136421.414579, 79
168137842.022693, 82
168137921.6189, 69
168138176.823126, 32
168138624.194124, 16
168138768.040394, 188
168138976.033528, 32
168139448.465982, 53
168139640.220505, 48
new stimulus
168160843.351544, 73
168160944.313948, 78
168161049.491777, 84
168161152.14368, 32
168161312.102055, 73
168161464.070127, 32
168162024.408959, 173
168162551.956531, 32
168162855.902385, 48
168163538.317919, 8
168164034.476597, 8
168164063.06464, 8
168164094.241305, 8
168164261.24675, 8
168164436.773484, 8
168164968.374743, 32
168165128.10591, 75
168165327.742543, 32
168165472.163354, 61
168165727.72046, 32
168166464.146418, 173
168166976.34313, 59
168167135.581041, 32
168167888.185408, 75
168168031.84969, 32
168168600.210174, 16
168169114.536376, 16
168169138.964201, 188
168169387.739175, 32
168169777.714094, 48
168170654.340167, 8
168170912.895926, 57
168171624.862433, 55
168172840.441389, 59
168173159.795251, 32
168173408.543871, 75
168173640.838601, 32
168174112.441287, 16
168174382.71673, 8
168174720.004527, 16
168174968.965374, 61
168175184.422542, 61
new stimulus
168193289.445292, 67
168193447.779363, 65
168193552.184572, 83
168193655.568036, 69
168194248.117484, 32
168195024.08715, 219
168195127.890631, 221
168195735.858907, 8
168196352.386757, 59
168196424.324734, 222
168197235.926459, 8
168197396.765927, 8
168198020.310884, 8
168198220.144486, 16
168198338.250727, 222
168199130.348311, 67
168199263.741327, 79
168199377.520342, 87
168199968.501802, 39
168200231.858623, 16
168200496.039109, 222
168201866.164496, 13
168202499.874744, 8
168202675.775719, 8
168202827.531841, 8
168203548.460184, 9
168204600.556397, 67
168204688.0619, 79
168204783.413448, 85
168204903.884987, 84
168204943.715549, 32
168205183.693755, 16
168205333.390852, 188
168205436.574572, 188
168205543.536501, 32
168206082.58293, 16
168206185.993582, 222
168207194.929061, 77
168207409.091501, 79
168207563.361897, 79
168208131.576457, 39
168208353.164647, 32
168208921.196942, 190
168209104.08118, 190
168209628.766036, 8
168209756.648067, 8
168210073.136162, 188
168210081.556747, 190
168210758.41136, 8
168210892.284038, 8
168211152.308746, 188
168211311.452611, 188
168211553.753947, 32
168212217.446836, 69
168212321.538559, 78
168212452.053323, 68
168212597.157702, 76
168212959.544406, 59
168214130.760282, 37
168214636.083591, 37
168214669.011343, 37
168214699.593493, 37
168214730.778481, 37
168214761.215817, 37
168214791.878697, 37
new stimulus
168232392.752188, 73
168232490.909857, 70
168232783.534681, 16
168233111.863972, 57
168233167.745883, 48
168234291.703228, 37
168236263.929696, 65
168236352.37344, 71
168236495.526989, 69
168236615.644815, 32
168236799.484772, 16
168237287.687824, 190
168237975.356896, 32
168238706.126777, 52
168239165.970384, 8
168239802.811059, 54
168240352.069663, 53
168240980.913378, 39
168242183.947041, 16
168242359.686002, 219
168242905.141708, 13
168243416.235113, 82
168243503.369704, 69
168243655.488971, 84
168243751.365955, 85
168243855.336722, 82
168244335.618272, 78
168244439.346571, 32
168244615.411226, 84
168245063.57787, 82
168245175.208808, 85
168245277.070059, 69
168245438.535112, 59
168246166.001732, 40
168246333.726809, 40
168247318.549061, 38
168247910.535343, 13
168248664.474664, 82
168248751.518537, 69
168248959.581858, 84
168249056.892836, 85
168249184.006409, 82
168249280.819692, 78
168249360.860052, 32
168249575.544599, 70
168249671.458204, 65
168249816.730977, 76
168249943.200099, 83
168250719.331224, 69
168251223.338999, 59
new stimulus
168282153.139901, 75
168282623.317193, 32
168282887.002204, 16
168283158.974637, 61
168284079.186454, 32
168284695.115905, 49
new stimulus
168300416.513645, 82
168300520.434198, 69
168300647.1874, 84
168300744.136065, 85
168300871.668545, 82
168301002.480428, 78
168301111.564634, 32
168301535.123406, 77
168301649.916676, 73
168301735.240534, 78
168302007.391349, 16
168302215.637491, 57
168302335.469851, 48
168303827.329323, 37
168304468.688646, 78
168304638.723815, 85
168304822.825103, 77
168305695.46074, 49
168306287.269472, 188
168306638.916623, 32
168307118.95959, 78
168307310.825915, 85
168307503.501479, 77
168308383.228851, 50
new stimulus
168342680.862804, 73
168343047.16504, 70
168343326.888361, 16
168343567.658052, 57
168343663.532817, 48
168344915.074797, 37
168345719.440251, 84
168345807.236492, 69
168345931.100901, 77
168346079.953526, 80
168346640.082904, 69
168346758.880758, 82
168346959.873151, 84
168347812.894511, 8
168347895.017476, 65
168348007.117811, 84
168348126.542916, 85
168348246.303146, 82
168348327.401037, 69
168348423.078, 32
168348710.716722, 16
168348862.988016, 190
168351135.68452, 32
168351590.882698, 48
168352260.68719, 8
168352607.334644, 57
168353095.218107, 56
168354070.81747, 190
168354534.85181, 53
168355424.614917, 8
168355543.894098, 54
168355769.203902, 39
168356887.012746, 16
new stimulus
168369663.917601, 73
168369750.547561, 78
168369855.552556, 84
168377644.242567, 8
168377794.6826, 8
168377930.683936, 8
168378727.249676, 67
168379100.535729, 8
168379491.638644, 8
168379943.077756, 67
168380079.628942, 79
168380150.475542, 85
168380360.169826, 78
168380462.543475, 84
168380971.744864, 8
168381139.839189, 8
168381290.697019, 8
168381410.367364, 8
168381554.239158, 8
168381684.040671, 8
168382594.748571, 8
168384023.27791, 67
168384134.470245, 79
168384225.748407, 85
168384614.961248, 8
168384747.373855, 8
168384890.892768, 8
168385320.523472, 32
168385559.231641, 67
168385662.815404, 79
168385744.385745, 85
168385934.528725, 78
168386070.057612, 84
168386150.515768, 32
168386870.470082, 61
168387198.137445, 32
168388438.825018, 48
168389366.644297, 59
168389894.062035, 32
168390598.465468, 67
168390767.876993, 79
168390838.794335, 85
168391102.300132, 78
168391750.977842, 84
168391942.133967, 32
new stimulus
168414710.98915, 16
168414870.864576, 56
168416659.25192, 8
168416935.058601, 88
168417221.983516, 32
168417622.453579, 61
168418614.487966, 32
168419158.454194, 49
168419926.365033, 59
168423625.719389, 37
168425520.370946, 37
168425744.229833, 37
168425984.107058, 37
168426183.852163, 37
168426375.855256, 37
168426543.669108, 37
168427336.745436, 39
new stimulus
168452400.559115, 66
168452926.866889, 32
168453054.199348, 61
168453238.097285, 32
168453549.655317, 65
168453950.714069, 59
168454181.776492, 13
168454750.427992, 84
168454870.146609, 69
168454967.1011, 77
168455653.936796, 80
168455813.690434, 32
168455966.091007, 61
168456173.872467, 32
168456782.70519, 66
168457102.348403, 59
new stimulus
168481199.305113, 88
168482245.986885, 32
168482757.997447, 16
168483254.034337, 56
168484035.200946, 8
168484226.364006, 16
168484438.047405, 55
168486387.144105, 8
168486669.478799, 16
168487120.48652, 56
168487842.528711, 8
168487997.699618, 16
168488117.722289, 55
168489072.0495, 8
168489248.305299, 16
168489633.62064, 54
168490351.759783, 8
168490758.172777, 16
168491267.221861, 16
168491277.69509, 52
168492229.150986, 8
168492398.674866, 16
168492583.326282, 51
168493626.6199, 8
168493797.381914, 16
168493998.702498, 50
168494309.487632, 16
168495181.267978, 8
168495597.457317, 16
168496078.250988, 55
168496549.683891, 32
168496989.571435, 50
168497524.282316, 8
168497630.420024, 51
168498485.818612, 32
168498805.42576, 16
168498958.126226, 49
168499509.845007, 61
168500045.669181, 32
168500356.940636, 48
new stimulus
168511831.800254, 73
168514181.899668, 70
168515197.569285, 16
168516890.467758, 8
168517033.051482, 8
168518982.059685, 82
168519061.551304, 69
168519453.518388, 84
168519543.624166, 85
168519661.290971, 82
168519758.879371, 78
168519893.311886, 32
168521181.506561, 65
168521605.63599, 80
168521725.755759, 219
168523974.253312, 48
168525954.957791, 39
168526558.057314, 32
168526893.367371, 173
168527101.257026, 173
168527509.589501, 32
168528663.889581, 66
168529063.194473, 80
168529293.394669, 219
168529914.200918, 8
168530121.330437, 8
168531349.900225, 80
new stimulus
168553479.565801, 89
168553757.140213, 32
168554740.151178, 8
168555295.467842, 32
168555685.396431, 16
168555885.448642, 190
168556413.005091, 32
168557069.369883, 88
168557325.04628, 32
168557973.480969, 16
168558204.804446, 55
168558453.605776, 55
168558965.176069, 32
168560309.315353, 89
168560455.104686, 32
168560710.371331, 16
168560854.299719, 191
168561196.95535, 32
168561578.43478, 8
168561737.558948, 8
168561981.574474, 32
168562174.334097, 16
168562659.708279, 8
168563046.860708, 16
168563246.112834, 191
168564283.155861, 8
168564509.071277, 16
168564621.481216, 190
168565245.923078, 32
168565421.844028, 90
