new stimulus
new stimulus
166667504.742387, 76
166667810.57249, 65
166667904.954448, 85
166668105.893022, 78
166668213.001152, 67
166668337.139653, 72
new stimulus
166703366.588812, 70
166703500.014842, 79
166703589.459246, 82
166703868.781971, 67
166704014.569362, 69
new stimulus
166740177.439557, 67
166740269.242324, 72
166740364.265959, 65
166740500.404342, 78
166740581.790474, 71
166740690.084305, 69
new stimulus
166778148.072792, 59
166779019.976036, 8
166779684.976137, 80
166779914.347119, 73
166780050.422527, 69
166780593.692148, 67
166780865.300049, 69
166781010.836096, 83
new stimulus
166818028.603577, 84
166818233.068182, 72
166818513.501981, 69
166821111.141843, 8
166821294.441382, 8
166821461.48844, 8
166822317.391102, 8
166825322.141951, 76
166825520.969345, 79
166825689.771096, 84
166825899.234565, 83
new stimulus
166846924.573443, 68
166846925.812963, 79
166846926.851631, 65
166846927.683896, 78
166846930.038653, 84
166846931.384149, 68
166846932.000025, 69
new stimulus
166879306.511451, 67
166879464.51428, 79
166879728.824044, 76
166879840.58759, 76
166880392.653426, 69
166880584.585777, 67
166880876.363632, 84
166880962.004028, 73
166881017.21014, 79
166881089.530127, 78
new stimulus
166922477.482086, 68
166922690.105667, 69
166922911.884446, 86
166923088.971122, 69
166923170.62247, 76
166923400.651774, 79
166923985.960236, 80
166925249.695737, 83
new stimulus
166954602.171547, 82
166954673.370472, 69
166955017.349406, 80
166955264.054814, 79
166955378.596461, 82
166955649.768255, 84
166955785.201431, 73
166955888.888118, 78
166956008.048562, 71
new stimulus
166988883.627368, 67
166989096.061747, 79
166989367.887979, 76
166989520.253874, 76
166989607.794887, 69
166989783.677276, 67
166990376.015051, 84
166990479.991366, 69
166990799.647618, 68
new stimulus
167040993.873138, 67
167041071.651123, 79
167041368.372357, 77
167041615.560202, 80
167041945.635308, 65
new stimulus
167053521.811875, 79
167054072.704493, 82
167054567.783724, 68
167055511.6599, 69
167055670.917786, 82
new stimulus
167098217.391907, 77
167098615.188734, 79
167098967.01177, 85
167100087.380386, 84
167101111.64037, 65
167101271.168464, 73
167101385.03237, 78
167102125.00156, 8
167102282.616553, 8
167102427.032094, 8
167102565.625659, 8
167103663.828826, 78
167103768.373301, 84
167103848.704953, 65
167103921.861367, 73
167103961.308809, 78
new stimulus
167132064.393768, 80
167132462.818123, 82
167132566.972265, 69
167132687.932899, 83
167132982.627567, 69
167133150.485529, 78
167133278.563421, 84
167133375.265458, 83
new stimulus
167163335.781118, 82
167163439.364881, 69
167163582.376667, 80
167163790.498801, 76
167163919.059684, 65
167164038.981928, 67
167164150.438368, 69
new stimulus
167199503.650177, 84
167199630.658052, 65
167199758.854958, 75
167199857.174364, 69
