79.2668521442
145.457385774
211.551371918
471.586946493
