new stimulus
1020117573.604413, 76
1020117574.648065, 69
1020118076.329783, 65
1020118543.35125, 86
1020118675.946722, 69
1020127095.845974, 8
1020127252.210479, 8
1020127436.211247, 8
1020127587.521444, 8
1020128025.154744, 8
1020128207.69684, 68
1020128302.238665, 69
1020128597.864756, 79
1020128735.48069, 65
1020128831.385477, 82
1020129190.046018, 84
1020129309.435206, 85
1020129470.269773, 82
1020129827.307964, 69
1020131580.779038, 37
1020131780.421833, 37
1020131961.454766, 37
1020132119.232724, 37
1020132277.793282, 37
1020132411.371651, 37
1020132707.743446, 37
1020133263.025404, 39
1020133696.954321, 8
1020134014.252154, 80
1020134843.172759, 39
1020135043.658631, 39
1020135582.599466, 39
1020135591.681906, 39
1020135602.960399, 39
1020135640.195381, 39
1020135855.759008, 39
1020136607.769468, 37
new stimulus
1020154793.741302, 67
1020154936.640137, 79
1020155013.224037, 77
1020155245.924428, 65
1020155707.950956, 8
1020156031.219137, 77
1020156095.119135, 65
1020156255.190798, 78
1020156340.751163, 68
new stimulus
1020192111.094897, 66
1020192277.164372, 69
1020192548.710442, 71
1020192708.578757, 73
1020192765.910291, 78
1020192908.387726, 83
1020200444.767699, 8
1020200627.04264, 8
1020200801.886897, 8
1020200962.664038, 8
1020201120.841757, 8
1020201488.534802, 8
1020201724.814461, 83
1020201989.040816, 80
1020202300.974464, 82
1020202422.048421, 69
1020202523.701343, 65
1020202804.33457, 68
1020202972.106291, 83
new stimulus
1020224821.416959, 68
1020224979.386891, 79
1020225108.05521, 78
1020225220.265612, 65
1020225380.904876, 84
1020225483.759856, 69
1020225811.463421, 68
new stimulus
1020259412.248852, 67
1020259545.054329, 72
1020259628.620048, 65
1020259803.74006, 78
1020259917.396095, 71
1020260043.390921, 69
new stimulus
1020293924.264727, 80
1020294060.418659, 85
1020294370.463634, 76
1020294538.299717, 76
1020311420.222723, 32
1020311930.33439, 32
1020311961.747443, 32
1020311992.69998, 32
1020312023.545988, 32
1020312054.652493, 32
1020312086.574334, 32
1020312117.101586, 32
1020312149.429292, 32
1020313324.11431, 61
1020313823.559748, 8
1020314023.276059, 8
1020314175.194914, 8
1020314334.139422, 8
1020314478.797097, 8
1020314774.386847, 8
1020314925.741986, 8
1020315086.854805, 8
1020315246.15219, 8
1020315406.813924, 8
1020315599.686293, 8
1020316283.395216, 76
new stimulus
1020341526.777371, 80
1020341698.645748, 65
1020341882.53, 73
1020342657.61206, 78
1020343280.181032, 8
1020343454.681844, 8
1020343621.829648, 8
1020343781.938486, 8
1020345090.75255, 67
1020345193.81726, 76
1020345401.729655, 79
1020345489.709674, 84
1020345657.559905, 72
1020345801.475761, 69
1020345897.743136, 83
new stimulus
1020367293.483025, 77
1020367629.961372, 85
1020367796.960757, 76
1020368052.028658, 84
1020368210.772313, 73
1020370076.912641, 84
1020370362.388505, 85
1020370970.467851, 68
1020371089.740801, 69
1020371177.661175, 83
new stimulus
1020406920.360878, 70
1020407017.289344, 65
1020407938.404526, 8
1020408118.31169, 8
1020408850.407584, 80
1020408968.333939, 82
1020409067.602994, 69
1020409227.412773, 83
1020409385.041479, 69
1020409576.663796, 78
1020409736.775407, 84
1020409833.062479, 69
1020410088.628626, 68
new stimulus
1020440484.773825, 78
1020441277.623224, 8
1020442585.569797, 66
1020443432.487166, 65
1020443616.399715, 83
1020443808.415412, 69
1020444233.604224, 77
1020444416.042287, 69
1020444687.922926, 78
1020445056.21381, 84
1020458262.552127, 8
1020458774.590195, 8
1020458806.784462, 8
1020458837.492315, 8
new stimulus
1020473457.142278, 83
1020473655.655143, 76
1020473823.419096, 73
1020474071.634733, 80
1020474319.573783, 80
1020474511.447997, 69
1020474703.935862, 82
1020475201.307866, 89
1020484194.56768, 109
1020484697.678108, 109
1020484729.097542, 109
1020484760.17797, 109
1020484791.379907, 109
1020484822.35214, 109
1020484853.784336, 109
1020484884.889176, 109
1020484916.202636, 109
1020484948.441567, 109
1020484995.531047, 109
1020485025.627745, 109
1020485056.543939, 109
1020485087.714528, 109
1020485119.05462, 109
1020485153.614721, 109
1020485184.239903, 109
1020485213.534858, 109
1020485259.317137, 109
1020485290.473577, 109
1020485321.465507, 109
1020485352.697683, 109
1020485384.148188, 109
1020485414.952583, 109
1020485446.40503, 109
1020485477.524296, 109
1020485509.131266, 109
1020485555.461171, 109
1020485581.042309, 8
1020486787.447761, 8
1020487291.025919, 8
1020487323.304522, 8
1020487354.170504, 8
1020487384.645047, 8
1020487415.766255, 8
1020487446.878863, 8
1020487475.184816, 8
1020487507.413761, 8
1020487539.415776, 8
1020487587.327528, 8
1020487618.430149, 8
1020487650.292344, 8
1020487681.468481, 8
1020487712.147205, 8
1020487743.220142, 8
1020487775.528706, 8
1020487805.953036, 8
1020487857.234881, 8
1020487884.019188, 8
1020487916.205132, 8
1020487949.4916, 8
1020487978.464471, 8
1020488008.603891, 8
1020488039.848828, 8
1020488070.706765, 8
1020488102.417767, 8
1020488148.887214, 8
1020488180.620132, 8
1020488213.23469, 8
1020488243.921181, 8
1020488273.775969, 8
1020488305.033112, 8
1020488335.996191, 8
1020488367.359031, 8
1020489400.771725, 83
1020489631.525463, 76
1020489807.922437, 73
1020489999.439057, 80
1020490151.697197, 80
1020490280.645155, 69
1020490418.911083, 82
1020490624.966709, 84
1020491261.087074, 8
1020491471.767562, 89
new stimulus
1020502232.571668, 76
1020502303.533105, 65
1020503143.45839, 89
1020503375.475774, 69
1020503727.786457, 82
1020521887.761301, 109
1020522006.835618, 109
new stimulus
1020539760.897874, 74
1020539991.228269, 79
1020540183.237586, 85
1020540384.160117, 82
1020540750.451361, 78
1020541198.815251, 89
1020541803.568337, 8
1020541839.231181, 69
1020542086.465308, 89
1020551556.235449, 8
1020552061.448995, 8
1020552092.535803, 8
1020552123.807095, 8
1020552154.733277, 8
1020552189.09003, 8
1020552214.222858, 8
1020552243.916188, 8
1020552275.84968, 8
1020553151.306868, 32
1020553454.400818, 32
1020553931.605804, 8
1020554098.012344, 8
1020554254.640952, 82
1020554462.477889, 79
1020554526.655584, 85
1020554664.91846, 84
1020555191.018651, 69
1020558500.305161, 36
1020560165.25608, 34
1020562711.405108, 39
new stimulus
1020572121.026519, 37
1020572399.972202, 37
1020572992.422006, 39
1020573768.667287, 39
1020579639.112334, 84
1020579758.48793, 65
1020579918.427818, 75
1020580078.074474, 69
1020580162.949336, 78
1020583571.737656, 8
new stimulus
1020620071.422785, 67
1020620293.802335, 79
1020620605.488802, 76
1020620805.526642, 76
1020620997.557043, 69
1020621221.42911, 67
1020621549.524114, 84
1020621670.305394, 69
1020621965.992518, 68
new stimulus
1020643984.054753, 37
1020644359.63456, 37
1020644985.783632, 39
1020645470.72058, 39
1020650142.329847, 73
1020650381.037482, 83
1020650845.919768, 83
1020651149.187105, 85
1020651893.286667, 69
new stimulus
1020688607.354171, 82
1020688717.09859, 69
1020688860.261251, 83
1020689060.480246, 69
1020689484.628457, 78
1020689916.347171, 68
1020692609.985219, 8
1020692832.615833, 8
1020693081.012903, 8
1020693346.206619, 8
1020693694.388744, 70
1020693892.895783, 85
1020693988.909596, 78
1020694493.743633, 68
1020698937.873268, 8
1020699128.12957, 8
1020699280.998033, 8
1020699434.731213, 8
1020699909.29572, 80
1020700012.601507, 76
1020700133.654659, 65
1020700364.444184, 67
1020700429.02275, 69
