new stimulus
1020797156.144233, 73
1020797206.154387, 78
1020797355.66857, 84
1020797437.223551, 32
1020797660.971057, 73
1020797836.798766, 32
1020798013.182979, 61
1020798186.910344, 32
1020798430.342158, 48
1020799464.781859, 76
1020800302.981594, 8
1020800645.234708, 59
1020802586.625656, 8
1020802732.662384, 8
1020802898.49633, 8
1020803066.53798, 8
1020803225.608714, 8
1020803393.295822, 8
1020803561.438453, 8
1020803709.668183, 8
1020803872.598378, 8
1020804081.452613, 8
1020804295.779782, 8
1020804824.865285, 8
1020805493.30309, 8
1020805995.662821, 8
1020806017.32957, 8
1020806046.455021, 8
1020806079.001611, 8
1020806111.65362, 8
1020806139.810877, 8
1020806171.621195, 8
1020806202.513532, 8
1020806233.866663, 8
1020806408.065087, 8
1020806568.205272, 8
1020806711.262236, 8
1020806863.607764, 8
1020806991.297069, 8
1020807144.263462, 8
1020807394.044023, 8
1020807573.243212, 8
1020808076.543673, 191
1020808666.642901, 8
1020808915.979313, 191
1020809609.310257, 8
1020809837.938406, 222
1020810439.645424, 8
1020810683.459522, 59
1020812291.380462, 32
1020812595.455645, 67
1020812726.324179, 79
1020812779.686116, 85
1020813013.048708, 84
1020813019.667384, 78
1020813107.110042, 32
1020813323.748671, 16
1020813499.886257, 188
1020813808.482825, 8
1020813959.351925, 8
1020814120.309111, 8
1020814478.954116, 82
1020814913.128272, 8
new stimulus
1020827824.956833, 67
1020828425.28674, 8
1020828546.192582, 88
1020829058.179328, 61
1020829535.425373, 8
1020829681.317565, 32
1020830261.717926, 61
1020830613.155292, 32
1020830932.118475, 88
1020831221.044884, 32
1020831400.132828, 16
1020831674.244752, 8
1020832157.854248, 32
1020832395.066036, 16
1020832507.396283, 61
1020832923.380868, 32
1020833070.407429, 49
1020833843.239339, 222
1020834387.432559, 8
1020834598.375763, 76
1020835172.051751, 8
1020835436.215685, 59
1020836186.436511, 13
1020836767.073789, 8
1020837327.811758, 8
1020837723.119982, 8
1020838323.027935, 13
1020838571.071017, 82
1020838660.175972, 69
1020838891.135001, 84
1020839491.146985, 85
1020839554.996493, 82
1020839714.774923, 78
1020840146.958038, 59
1020841135.627112, 37
1020841644.14001, 37
1020841675.00405, 37
1020841949.347897, 37
1020842333.305221, 37
1020842668.539618, 37
1020842836.658946, 37
1020843271.644554, 9
1020844000.235529, 38
1020844357.1769, 39
1020844864.477197, 39
1020844888.340831, 39
1020844919.174632, 39
1020844950.724453, 39
1020844979.230149, 39
1020845010.797448, 39
1020845040.260796, 39
1020845244.96095, 39
1020845655.641826, 39
1020849162.720187, 40
1020849765.634536, 38
1020850468.521753, 37
1020850973.726422, 37
1020851269.118094, 37
1020851532.752157, 37
1020851748.482792, 37
1020852068.602537, 37
new stimulus
1020865204.496805, 8
1020865702.367054, 8
1020865734.011198, 8
1020865769.266513, 8
1020865791.783552, 8
1020865822.417889, 8
1020865856.985758, 8
1020865889.773703, 8
1020865920.204968, 8
1020865952.451667, 8
1020866263.545844, 8
1020866432.494379, 8
1020866608.853901, 8
1020866758.929582, 8
1020866918.481638, 8
1020867086.72303, 8
1020867247.574797, 8
1020867414.770041, 8
1020867591.040234, 8
1020867743.386039, 8
1020868147.733426, 76
1020868831.374935, 8
1020869106.778803, 59
1020870047.823532, 8
1020870329.978683, 222
1020871087.43905, 8
1020872916.008997, 75
1020873778.844147, 16
1020873978.455593, 61
1020874353.929981, 49
new stimulus
1020895228.723026, 67
1020895276.85283, 65
1020895565.038528, 83
1020895652.757772, 69
1020896266.927311, 16
1020896586.719701, 80
1020897079.677682, 8
1020897399.968318, 16
1020897435.055794, 32
1020897585.832514, 16
1020897883.864665, 221
1020898265.580994, 67
1020898695.866281, 8
1020898838.651929, 8
1020899089.741356, 16
1020899202.851429, 13
1020899721.363361, 8
1020899895.044675, 8
1020900258.007994, 16
1020900346.292342, 219
1020900871.072015, 8
1020901066.073025, 16
1020901121.513945, 221
1020901584.214602, 8
1020901777.958069, 16
1020901873.989082, 61
1020902513.864321, 16
1020902809.674342, 16
1020902959.857938, 8
1020903185.401459, 16
1020903289.996138, 222
1020903961.970489, 67
1020904449.405323, 80
1020904609.795464, 87
1020904771.575754, 16
1020904897.508161, 222
1020905238.872977, 8
1020905397.481806, 8
1020905624.406876, 8
1020906154.992387, 80
1020906537.519613, 87
1020906689.419327, 16
1020906785.035875, 222
1020907521.521934, 16
1020907769.817469, 59
1020908211.677256, 13
1020908466.888861, 67
1020908571.100978, 79
1020908675.440708, 85
1020908793.594547, 84
1020908897.410509, 32
1020908985.39469, 16
1020909225.526875, 188
1020909393.211209, 188
1020909500.509897, 32
1020909809.325348, 16
1020909970.115528, 222
1020911145.495205, 16
1020911339.264749, 77
1020911521.51916, 79
1020911682.267172, 79
1020911938.541294, 16
1020912057.791773, 49
1020912481.512203, 16
1020912625.640007, 222
1020913171.368743, 32
1020913297.25066, 16
1020913377.30286, 188
1020913569.400673, 188
1020913669.152161, 32
1020913777.407946, 69
1020913866.924592, 78
1020914009.716066, 68
1020914041.437333, 76
1020914833.845634, 59
1020915145.055772, 13
1020915613.552002, 66
1020915733.563998, 82
1020915802.289987, 69
1020915890.85231, 65
1020915969.518521, 76
1020916547.660409, 8
1020916755.756179, 75
1020917425.565547, 59
1020918932.305734, 37
1020919515.533833, 37
1020919738.738151, 37
1020919922.975835, 37
1020920115.503094, 37
1020920354.72784, 37
1020920725.033345, 9
1020920932.406714, 38
1020921043.433367, 37
1020921272.339213, 37
1020921466.761525, 37
1020921667.462121, 37
new stimulus
1020934842.72112, 88
1020936457.433569, 49
1020936898.472749, 219
1020937795.380852, 73
1020938579.50596, 40
1020939311.571615, 37
1020939885.657628, 37
1020940092.625965, 37
1020940641.105872, 13
1020941325.136323, 8
1020941484.527199, 8
1020941620.933583, 8
1020941765.340748, 8
1020941924.483888, 8
1020942079.214392, 8
1020942230.215266, 8
1020942397.678774, 8
1020942548.186119, 8
1020942732.606345, 8
1020942998.735244, 8
1020943576.966183, 219
1020944289.160827, 32
1020944380.549779, 72
1020944831.810762, 8
1020944957.519291, 8
1020945129.88203, 74
1020946231.02006, 39
1020946473.432357, 32
1020946887.170675, 8
1020947037.285748, 8
1020947115.009565, 32
1020947686.077531, 8
1020948169.653736, 221
1020948688.626184, 32
1020949018.710287, 173
1020949566.541587, 8
1020949817.69593, 61
1020949984.863709, 61
1020950136.686023, 32
1020950993.018181, 67
1020951485.726761, 8
1020951649.144105, 88
1020952097.811214, 50
1020952568.608086, 222
1020953311.355228, 8
1020953577.044138, 219
1020954449.867781, 89
1020955022.439639, 8
1020955321.012481, 85
new stimulus
1020965561.963886, 73
1020965720.870387, 70
1020965841.065479, 32
1020967614.033325, 8
1020967816.870052, 8
1020968020.12263, 8
1020981289.580563, 73
1020981432.155095, 70
1020981552.644807, 32
1020982680.351313, 65
1020983421.280524, 8
1020983816.553793, 78
1020983953.810469, 85
1020984176.027728, 77
1020984326.585841, 32
1020984699.111813, 8
1020984832.49682, 49
1020985304.63668, 32
1020985431.864082, 16
1020985680.986603, 188
1020985794.425974, 32
1020987096.373349, 173
1020987540.9893, 8
1020987610.605806, 48
1020987992.45807, 32
1020988625.143425, 220
1020988973.234002, 8
1020989158.18188, 8
1020989409.050481, 32
1020989472.527137, 16
1020989583.841196, 219
1020990554.507957, 13
new stimulus
1021001785.567134, 32
1021005712.342508, 16
1021007064.121933, 69
1021007375.6278, 88
1021007488.16195, 65
1021007928.206859, 77
1021008488.156679, 16
1021008823.681813, 16
1021008967.8651, 173
1021009359.862044, 83
1021009431.914017, 67
1021009671.978512, 79
1021009895.846695, 82
1021009978.246697, 69
1021010160.91696, 32
1021010273.406168, 16
1021010463.657755, 188
1021010752.124479, 32
1021012210.057681, 53
1021012969.034979, 48
1021013914.837454, 37
1021014426.108457, 37
1021014881.743515, 37
1021020048.96012, 17
1021020495.528273, 17
1021021329.730947, 37
1021021625.659981, 37
1021021865.395733, 37
1021022065.478515, 37
1021022361.572891, 37
1021022713.535968, 37
1021023218.789462, 37
1021023514.188902, 37
1021023843.001036, 37
1021024057.941579, 37
1021024409.774824, 37
1021024778.509302, 37
1021025497.910752, 37
new stimulus
1021041781.381704, 73
1021041932.346514, 78
1021042074.928814, 84
1021042156.909357, 32
1021042363.228809, 73
1021044413.349652, 8
1021045238.181647, 8
1021045427.561304, 8
1021045595.792709, 8
1021045751.081381, 8
1021045977.44107, 59
1021046272.070393, 32
1021047042.012146, 77
1021047186.348847, 75
1021047555.026454, 8
1021047736.687188, 8
1021047913.430382, 75
1021048106.553261, 32
1021048256.678044, 16
1021048392.042718, 188
1021048531.490176, 32
1021050124.801367, 57
1021050527.131081, 56
1021051246.082557, 8
1021051618.844613, 54
1021052200.878421, 8
1021052439.890663, 56
1021052936.137453, 8
1021053362.861228, 55
1021054528.606954, 59
1021054751.647595, 32
1021054943.871079, 16
1021055032.209525, 61
1021055183.16518, 61
1021055296.653376, 32
1021055655.220426, 76
1021055957.950401, 8
1021056139.9998, 8
1021056335.575068, 75
new stimulus
1021077432.183114, 67
1021077441.907781, 88
1021077934.411071, 8
1021078095.438445, 8
1021078153.383353, 67
1021078860.106451, 8
1021079055.118835, 88
1021079574.962936, 16
1021079927.479188, 57
1021080419.595477, 8
1021080574.838097, 16
1021080942.97224, 48
1021081374.523393, 8
1021081647.126154, 173
1021081686.827118, 16
1021082051.904374, 8
1021082182.501314, 16
1021082375.146754, 79
1021082741.303172, 8
1021082848.709499, 16
1021083359.394592, 16
1021083390.770471, 16
1021083422.530299, 16
1021083452.670274, 16
1021083483.864998, 16
1021083515.167361, 16
1021083546.141814, 16
1021083577.335151, 16
1021083606.749396, 219
1021084067.97113, 8
1021084215.279827, 16
1021084343.700133, 59
1021084758.652162, 76
1021085093.02212, 8
1021085339.433697, 8
1021085623.549095, 49
1021085686.972209, 50
1021086212.675689, 8
1021086504.106087, 52
1021086894.851591, 53
1021087230.927125, 54
1021087724.782835, 8
1021087875.502684, 8
1021088035.48696, 8
1021088203.657333, 8
1021088416.002061, 54
1021088948.654348, 8
1021089094.60785, 16
1021089407.489163, 53
1021090231.45339, 51
1021090782.872002, 32
1021091126.913085, 16
1021091627.566686, 16
1021091657.607067, 16
1021091689.053688, 16
1021091720.72918, 16
1021091751.259762, 16
1021091783.208512, 16
1021091813.814275, 16
1021091844.659173, 16
1021091876.460614, 16
1021091924.488604, 16
1021091954.194695, 16
1021091986.53322, 16
1021092014.040205, 16
1021092516.432949, 16
1021092546.885854, 16
1021092578.055332, 16
1021092609.126327, 16
1021092641.599679, 16
1021092672.14108, 16
1021092702.914958, 16
1021092734.015915, 16
1021092765.454768, 16
1021092812.293461, 16
1021092843.350585, 16
1021092874.527277, 16
1021092905.692317, 16
1021092937.582532, 16
1021092968.549772, 16
1021092999.492322, 16
1021093022.209103, 173
1021093492.657258, 8
1021093711.06943, 61
1021093998.600418, 13
1021094189.495895, 8
1021094589.357962, 8
1021094936.645686, 16
1021095055.596552, 49
1021095854.496472, 221
1021096301.502948, 8
1021096478.952729, 61
1021097118.963904, 32
1021097479.834092, 61
1021097917.894895, 8
new stimulus
1021109311.981086, 82
1021109374.504805, 69
1021109678.664047, 84
1021110339.60431, 8
1021110516.314491, 8
1021110651.461945, 8
1021111200.328298, 82
1021111254.604055, 69
1021111502.096459, 84
1021111646.48476, 85
1021111766.419356, 82
1021111950.352433, 78
1021112118.818536, 32
1021112582.650511, 65
1021112918.589276, 70
1021113062.715693, 69
1021113223.74168, 32
1021113556.51592, 8
1021113721.923472, 8
1021113858.618095, 8
1021113946.015255, 71
1021114054.38395, 69
1021114182.29103, 32
1021114320.24181, 16
1021114481.837616, 190
1021114990.344688, 61
1021115534.165333, 32
1021116030.310033, 53
1021116158.778332, 52
1021116603.926097, 8
1021116756.433637, 8
1021116887.840088, 54
1021116990.757211, 53
1021118846.547568, 222
1021119371.107525, 8
1021119735.871297, 76
1021120213.093206, 8
1021120430.995481, 59
new stimulus
1021145343.494288, 66
1021145997.987043, 32
1021146485.855206, 61
1021146685.569853, 32
1021146957.741504, 65
1021147292.778102, 13
1021147913.487807, 8
1021148081.334987, 8
1021148249.492599, 8
1021148433.098321, 8
1021148657.489996, 8
1021149030.049536, 222
1021149073.403561, 8
1021149393.702797, 8
1021149770.704934, 8
1021150198.336703, 59
1021150676.558432, 13
1021150885.899261, 65
1021151763.334727, 8
1021152538.479485, 9
1021153030.2232, 65
1021153253.568725, 32
1021153769.360558, 61
1021156111.768749, 32
1021157493.77193, 66
1021158699.60451, 39
1021158898.975156, 38
1021159143.609029, 38
1021159495.671976, 39
1021159671.618144, 39
1021160719.732134, 39
1021160911.199373, 39
1021161031.580614, 39
1021161215.783066, 39
1021161352.041031, 39
1021161737.630692, 8
1021162251.985769, 8
1021162282.742448, 8
1021162313.950765, 8
1021162344.891651, 8
1021162785.30414, 8
1021163424.147378, 40
1021163623.21952, 39
1021163775.219938, 39
1021163919.365219, 39
1021164039.167763, 39
1021164519.385526, 39
1021165133.973969, 59
1021165564.162436, 13
1021166005.646598, 66
1021166285.529405, 32
1021166509.318801, 173
1021166701.338105, 32
1021166893.426764, 84
1021166981.753835, 69
new stimulus
1021177966.616157, 48
1021178715.270117, 8
1021178989.612578, 73
1021179613.531751, 16
1021180053.101162, 61
1021180757.143554, 61
1021181421.840634, 49
1021181973.42875, 50
1021182061.130518, 8
1021182337.976135, 8
1021182509.693318, 50
new stimulus
1021213423.577003, 73
1021213556.710669, 70
1021213653.226334, 32
1021214989.157887, 78
1021215118.434865, 85
1021215292.509837, 77
1021215779.183154, 8
1021215930.009809, 8
1021216081.430142, 8
1021216284.632507, 16
1021216388.498405, 57
1021216901.486081, 78
1021217110.267909, 85
1021217228.583207, 77
1021217405.791078, 32
1021217891.218227, 8
1021218013.990547, 49
1021218224.428016, 32
1021218404.739103, 16
1021218532.558518, 77
1021218652.977489, 32
1021218900.446867, 78
1021219217.878971, 8
1021219368.854046, 8
1021219521.33856, 8
1021219748.866186, 16
1021219868.796342, 188
1021220468.703185, 32
1021220668.364844, 78
1021220806.341701, 85
1021220972.488575, 77
1021221252.851041, 51
1021221890.781291, 8
1021222006.833399, 50
1021222458.366531, 40
1021222709.161893, 32
1021223383.930136, 37
1021223569.392351, 37
1021224017.503234, 37
1021224461.349069, 32
1021224566.622039, 16
1021224684.202174, 219
1021224965.605518, 13
1021225965.286208, 82
1021226036.806922, 69
1021226221.781155, 84
1021226350.47583, 85
1021226482.234881, 82
1021226588.47438, 78
1021226716.654719, 32
1021226924.530495, 78
1021227070.053442, 85
1021227244.560911, 77
1021227452.209203, 49
1021228020.834766, 16
1021228364.0619, 222
1021229437.828326, 220
1021229938.185087, 8
1021230088.4336, 8
1021230309.144471, 76
1021230961.837882, 8
1021231236.867511, 59
1021232037.086006, 40
1021232522.921794, 13
1021233603.895026, 8
1021234004.926972, 69
1021234252.252924, 76
1021234414.104789, 83
1021234484.365186, 69
1021234804.18837, 32
1021234956.262026, 16
1021235132.239541, 173
1021235700.063362, 8
1021235927.485846, 16
1021236052.598755, 61
new stimulus
1021253525.38417, 88
1021255603.55269, 8
1021256976.267585, 88
1021257127.332821, 16
1021257278.261566, 190
1021257652.381036, 32
1021258266.184104, 8
1021258524.170182, 8
1021259040.731855, 8
1021259716.794538, 89
1021260356.219247, 16
1021260659.730714, 190
1021261171.965196, 88
1021263412.162574, 32
1021264326.265976, 16
1021264702.961842, 54
1021265281.613905, 8
1021265500.417239, 55
1021265622.928507, 16
1021265922.599377, 8
1021266261.094287, 53
1021266300.552508, 16
1021266681.218526, 8
1021266837.174947, 52
1021267020.158972, 16
1021267434.188026, 8
1021267724.151706, 51
1021267828.094726, 16
1021268257.731684, 8
1021268404.134328, 50
1021268483.940456, 16
1021268966.406983, 8
1021269196.439707, 54
1021269228.367651, 16
1021269715.833279, 16
1021269899.834879, 53
1021270242.075786, 8
1021270592.137429, 8
1021270844.11876, 53
1021271187.730951, 52
1021271475.68001, 51
1021271875.738213, 50
1021272404.024748, 49
new stimulus
1021284293.07494, 70
1021284452.460267, 69
1021284916.760249, 86
1021285075.79464, 69
1021285259.330453, 82
1021285469.47136, 32
1021286307.490772, 61
1021286611.374259, 32
1021287011.482674, 84
1021287083.661983, 82
1021287422.048976, 85
1021287668.102128, 69
1021288355.862486, 76
1021288881.645586, 8
1021289107.879326, 59
new stimulus
1021324316.101322, 77
1021324413.023407, 65
1021324722.777092, 67
1021325649.470905, 8
1021325779.146257, 88
1021325962.971973, 32
1021326154.764348, 16
1021326669.161316, 16
1021326699.752652, 16
1021326730.56204, 16
1021326761.974539, 16
1021326793.996251, 16
1021326824.655278, 16
1021326855.490189, 16
1021326886.752326, 16
1021326918.420605, 16
1021326964.791291, 16
1021326996.321971, 16
1021327027.200436, 16
1021327059.126716, 16
1021327090.185782, 16
1021327120.900293, 16
1021327151.873636, 16
1021327183.145483, 16
1021327229.829098, 16
1021327261.11759, 16
1021327292.573921, 16
1021327323.637148, 16
1021327365.885379, 16
1021327385.796061, 16
1021327402.421262, 188
1021327668.349031, 32
1021330155.613807, 88
1021330755.237127, 219
1021331435.685259, 89
1021332032.836215, 8
1021332141.025697, 85
1021333033.421571, 8
1021333267.063802, 73
1021333761.555635, 40
1021334503.628648, 37
1021334935.25831, 38
1021335309.421058, 39
1021335812.352274, 39
1021335843.601649, 39
1021335874.749212, 39
1021335905.789136, 39
1021335937.064035, 39
1021335968.363346, 39
1021336000.086554, 39
1021336031.10373, 39
1021336062.084009, 39
1021336108.796198, 39
1021336139.778696, 39
1021336295.226884, 39
1021336488.606654, 39
1021336865.935314, 39
1021337248.507759, 39
1021337507.110819, 219
1021338475.589849, 74
1021340584.220428, 37
1021341125.991497, 40
new stimulus
1021355723.699512, 73
1021355866.365869, 70
1021356002.876841, 32
1021356306.715107, 65
1021356642.721286, 219
1021357523.61562, 173
1021358063.758236, 8
1021358276.720223, 61
1021358767.886351, 8
1021359098.898422, 48
1021359968.193288, 39
1021360274.82406, 32
1021360687.871603, 8
1021360838.458013, 8
1021361707.12813, 61
1021362160.328276, 8
1021362354.712304, 222
1021362968.41883, 8
1021363084.253996, 222
1021363218.15861, 32
1021363418.06967, 61
1021363642.185311, 61
1021363826.282066, 32
1021364818.669395, 78
1021365250.671632, 219
1021365534.255217, 8
1021365686.584653, 8
1021365794.718374, 66
1021366298.42581, 219
1021368347.236124, 66
1021368738.298441, 190
1021369290.33348, 83
1021369356.160435, 73
1021369570.652945, 90
1021369690.552031, 69
1021369818.04964, 16
1021370201.255712, 8
1021370366.556457, 8
1021370526.619797, 8
1021370671.680563, 8
1021370890.522458, 59
1021370980.05353, 69
1021371114.073274, 77
1021371266.167736, 71
1021371663.863434, 8
1021371831.093355, 8
1021371998.497772, 8
1021372144.136403, 8
1021372562.948726, 76
1021372924.001733, 69
1021373114.486074, 77
1021373253.530996, 71
1021374179.918538, 84
1021374410.287495, 72
1021374658.113912, 16
1021374804.737106, 57
1021374914.526744, 48
1021375602.79589, 61
1021376215.954789, 8
1021376484.682276, 61
1021377498.413714, 49
