new stimulus
109342334.224225, 82
109343276.334756, 8
109343701.393597, 82
109344215.11235, 8
109344980.632952, 69
109345462.487391, 8
109345738.811882, 84
109346450.570488, 81
109347539.413498, 8
109347858.911654, 87
109348571.888416, 75
109348820.023037, 69
109354968.210311, 37
109355515.06258, 37
109356662.464753, 8
109357041.635086, 81
109357581.830358, 8
109358648.460534, 9
109359292.716474, 8
109361250.437215, 65
new stimulus
109377914.575928, 80
109378416.506224, 85
109378888.511935, 76
109379088.069559, 76
109389996.766101, 8
109390225.864915, 8
109390397.270675, 8
109390570.507414, 8
109390983.56141, 70
109391322.239354, 79
109391548.69268, 82
109391770.742501, 69
109392608.715517, 8
109392827.073417, 88
109393475.752282, 8
109393892.377798, 90
109394463.578765, 8
109395521.193865, 90
109396008.842798, 87
109396916.604709, 8
109397272.564325, 69
109398775.96745, 40
109399811.027934, 39
new stimulus
109413888.906428, 88
109415094.137314, 8
109415415.63318, 90
109416008.095981, 8
109416466.045317, 67
109417224.06362, 79
109417592.264444, 76
109417775.52968, 76
109417959.507055, 69
109418705.679753, 88
109419423.928627, 8
109419624.552381, 67
109420088.594162, 84
109420337.043101, 73
109420480.058136, 79
109420888.030054, 78
new stimulus
109454229.017529, 67
109454753.695804, 79
109455401.333785, 78
109455584.383187, 78
109455791.59708, 69
109456224.235621, 67
109456704.396126, 84
109456920.602902, 73
109457122.640671, 79
109457479.892515, 78
new stimulus
109480810.679215, 68
109481263.338685, 79
109481631.320347, 78
109482287.338665, 65
109482695.39381, 84
109483119.300521, 69
109483398.868621, 68
new stimulus
109516386.024577, 37
109526247.846102, 68
109526655.067873, 65
109527027.089341, 78
109527742.807024, 70
109529500.055484, 8
109529840.358838, 71
109530262.597693, 69
109530456.916497, 82
109530822.899339, 79
109531048.391956, 85
109531328.99872, 83
new stimulus
109558304.564299, 73
109562094.833919, 78
109562510.220194, 70
109563006.63092, 69
109563718.333486, 67
109564382.617568, 84
109564677.933478, 83
new stimulus
109592696.010795, 83
109593088.41911, 74
109593939.678657, 8
109594303.071495, 74
109594590.787731, 72
109594890.849763, 8
109595233.895148, 8
109595647.376927, 72
109596094.791473, 69
109596316.119999, 69
109596630.549671, 84
new stimulus
109624996.383815, 67
109625177.036021, 74
109625392.465741, 65
109625933.264126, 8
109626114.460909, 8
109626456.669037, 72
109626677.84942, 65
109626902.036215, 78
109627141.897305, 69
109627466.619024, 8
109627748.470299, 71
109627911.693522, 69
109636350.830099, 13
109637346.615517, 8
new stimulus
109655862.466529, 82
109655998.24642, 69
109656784.895417, 70
109657982.840392, 85
109658406.805362, 78
109658814.01465, 70
109659546.329052, 8
109659845.550497, 68
109664154.356288, 8
109664344.832531, 8
109664528.95916, 8
109664938.660244, 8
109665694.187305, 80
109666117.206269, 76
109666408.809175, 65
109666685.302616, 67
109667125.077261, 69
new stimulus
109705720.867728, 67
109706053.778642, 79
109706502.855773, 78
109706804.464427, 84
109707022.358756, 69
109707428.929698, 78
109707644.377727, 84
109710790.835281, 17
109711340.818525, 17
109711880.578245, 37
109712286.764681, 37
109712510.743133, 37
109712686.322971, 37
new stimulus
109727598.359109, 67
109727980.351647, 79
109728365.245734, 77
109728852.593943, 77
109729052.469492, 65
109729629.543464, 66
109731708.979678, 68
109733417.061067, 40
109735712.3681, 38
109736422.905498, 37
109738473.381164, 8
109739165.58047, 78
new stimulus
109765605.33958, 83
109768321.206238, 8
109775917.019176, 88
109776737.266369, 8
109776964.508126, 67
109777419.960395, 76
109777779.797804, 79
109778124.146791, 84
109778843.973081, 74
109779505.077084, 8
109779908.320081, 72
109780171.97253, 69
109780443.980627, 83
109783616.966022, 8
109783864.443154, 8
109784476.550978, 73
109784763.942354, 78
109784947.991304, 71
109785293.172832, 32
109785772.843411, 61
109786160.820201, 8
109786359.591059, 8
new stimulus
109806501.443977, 59
109807289.239832, 8
109808212.66716, 76
109808723.659972, 65
109809043.552621, 73
109809632.808711, 8
109809984.142885, 85
109810262.776353, 67
109810889.188842, 8
109811276.208529, 78
109811571.667312, 67
109811763.510686, 72
new stimulus
109841893.198687, 74
109842435.516508, 61
109843336.859171, 8
109843471.198692, 8
109843743.37435, 8
109844684.401275, 71
109845467.689037, 65
109845843.523659, 86
109846251.308595, 69
new stimulus
109869236.518164, 67
109869595.167656, 79
109869915.294726, 76
109870082.870687, 76
109870243.12911, 69
109870570.945462, 67
109871003.252762, 84
109871251.877586, 69
109871515.429054, 68
new stimulus
109909356.384348, 87
109909562.891649, 79
109909780.534912, 69
109909979.679733, 75
109910657.008434, 8
109911047.110825, 8
109911219.758044, 82
109911458.920587, 75
