new stimulus
108655392.170287, 8
108655718.054678, 8
108655918.087525, 8
108656040.63748, 8
108656258.956541, 8
108656467.801393, 8
108656629.851679, 8
108656844.807841, 8
108657055.591312, 8
108665343.540581, 8
108665729.514945, 8
108665890.856976, 8
108666194.439481, 8
108666460.936052, 8
108666740.424532, 8
108666979.534642, 8
108667236.464345, 8
108667679.592734, 8
108670457.528765, 85
108671309.305426, 8
108672098.181005, 73
108672852.451903, 8
108674671.907059, 84
108676092.496091, 8
108676342.995726, 84
108677109.11112, 8
108677383.477851, 89
108678329.9561, 32
108678681.285281, 16
108679009.281401, 191
108679812.09434, 8
108680350.519942, 16
108680688.026892, 188
new stimulus
108689003.785966, 38
108689913.231545, 39
108690192.318874, 39
108690703.998304, 39
108690734.49299, 39
108690765.553616, 39
108690796.791791, 39
108690828.565111, 39
108690859.961693, 39
108691202.308532, 39
108692067.466601, 39
108692427.739561, 39
108695582.400458, 39
108696307.192864, 39
108697671.84991, 39
108698380.131874, 39
108699532.890217, 39
108700138.003422, 39
108700667.49745, 39
108701187.582186, 39
108702321.174057, 39
108705554.537666, 8
108706494.413293, 8
108706927.233267, 8
108707129.447476, 8
108707308.278413, 8
108708572.8261, 8
108712507.022083, 8
108712741.278711, 8
108712947.012562, 8
108713158.365301, 8
108713353.338541, 8
108713651.299662, 8
108714050.085334, 8
108714578.287967, 8
108714890.113764, 8
108715202.134034, 8
108715491.312279, 8
new stimulus
108726817.168373, 38
108727368.544826, 39
108727878.574432, 39
108727908.952047, 39
108727940.43352, 39
108727971.087446, 39
108728002.375002, 39
108728033.287762, 39
108728064.363091, 39
108728097.654182, 39
108728125.862918, 39
108728174.470153, 39
108728311.668222, 39
108728640.078532, 39
108728856.201527, 39
108729263.423299, 39
108729495.246111, 39
108729647.958402, 39
108729851.658479, 39
108730041.072754, 39
108730217.189956, 39
108731472.965865, 61
108732123.587787, 8
108732622.156017, 8
108732652.834078, 8
108732684.600463, 8
108732715.34788, 8
108732746.440686, 8
108732778.617377, 8
108732804.243322, 8
108732837.263928, 8
108732869.576, 8
108732918.35801, 8
108732949.499088, 8
108732980.345822, 8
108733012.361885, 8
108733043.105418, 8
108733074.484246, 8
108733277.486886, 8
108733435.026027, 8
108733579.014256, 8
108733738.030665, 8
108733954.665224, 8
108734647.335591, 73
108734823.35209, 70
108735374.761556, 32
108735718.02, 16
108736208.680618, 173
108736779.217439, 8
108737030.231691, 16
108737453.505327, 57
108739319.031811, 20
108739551.262987, 72
108740381.278733, 8
108740807.327968, 65
108740959.379997, 72
108741454.853316, 69
108741844.162282, 8
108742025.971057, 8
108742589.91219, 20
108743679.111131, 72
108744301.86083, 69
108744572.679067, 8
108744757.101426, 8
108745098.129127, 74
108745293.348162, 69
108745693.24019, 32
108746387.955705, 8
108746578.336516, 8
108747567.523195, 69
108747870.58831, 32
108748213.422023, 16
108748716.925574, 16
108748747.200265, 16
108748779.934018, 16
108748810.093857, 16
108748840.888158, 16
108748872.325244, 16
108748903.361733, 16
108748935.319261, 16
108748959.370009, 16
new stimulus
108759019.490499, 8
108759378.763079, 8
108759907.854569, 8
108760357.684343, 8
108760860.903261, 8
108760891.093893, 8
108761099.375857, 8
108761274.651642, 8
108761466.649263, 8
108761665.908659, 8
108761849.86717, 8
108762049.718306, 8
108762249.606894, 8
108762457.740438, 8
108763106.351057, 8
108763313.620157, 8
108768594.738486, 8
108768937.876529, 8
108769490.72914, 8
108770002.1428, 8
108770727.979142, 67
108771229.954935, 79
108771356.559123, 73
108771583.208586, 82
108772395.140081, 8
108772570.88332, 8
108772757.550571, 84
108773454.171137, 8
108773789.906475, 85
108773967.700966, 82
108774174.432424, 78
108775181.319126, 32
108776773.507002, 61
108777589.451116, 32
108780669.823626, 49
108781424.208267, 32
108781956.380519, 8
108783182.907639, 59
108783909.227526, 32
new stimulus
108797528.426789, 88
108798289.760274, 8
108798453.209873, 67
108798861.031152, 65
108799015.744204, 83
108799421.051215, 69
108800276.942863, 32
108800748.941083, 16
108800860.951254, 59
108802260.333105, 8
108803037.99865, 16
108803261.722707, 76
108803898.396727, 8
108804213.592082, 16
108804606.574381, 76
108805218.788457, 8
108805492.39866, 16
108805893.468063, 59
108806683.10017, 8
108806943.944839, 16
108807297.002908, 222
108809701.996988, 67
108810212.882993, 79
108810886.472335, 81
108811954.107885, 40
108813337.813499, 37
108815133.252862, 16
108815366.729937, 59
108816353.923345, 8
108819997.197491, 16
108820237.734101, 80
new stimulus
108844173.613754, 82
108844948.53283, 61
108845164.46385, 84
108845961.888438, 8
108846176.300578, 8
108846471.735224, 8
108846716.693095, 84
108847028.322201, 69
108847412.749665, 77
108847772.433382, 80
108848100.516891, 32
108849273.590506, 8
108849416.09148, 8
108849672.070183, 8
108849944.569592, 8
108851144.432934, 8
108852605.11681, 65
108853076.549924, 32
108854293.882475, 173
108854897.332262, 8
108855325.417768, 61
new stimulus
108877685.441604, 61
108878388.769382, 8
108879213.140995, 75
108885401.807065, 8
new stimulus
108908348.872061, 16
108911564.71597, 73
108912428.097157, 32
108912795.746745, 16
108913275.823746, 61
108914283.967998, 61
108915084.218676, 32
108916076.361555, 50
new stimulus
108938510.787798, 70
108938724.394583, 79
108938916.95953, 82
108939148.00057, 32
108939500.265769, 16
108939659.818433, 73
108940412.05306, 61
108940976.067433, 8
108941183.96073, 8
108941771.823888, 16
108942223.88718, 8
108942383.748891, 8
108942555.799377, 8
108942711.157989, 8
108943039.351633, 8
108943640.260243, 8
108943850.026133, 8
108944025.996579, 8
108944185.444101, 8
108944687.523095, 8
108944717.981162, 8
108944748.922496, 8
108944781.419885, 8
108944812.471078, 8
108944843.098649, 8
108944874.203662, 8
108944905.106435, 8
108944936.504404, 8
108944983.386912, 8
108945014.020864, 8
108945175.309352, 8
108945359.559987, 8
108945695.65736, 8
108945879.69993, 8
108946071.49642, 8
108946311.554479, 8
108946575.328438, 8
108949321.928088, 90
108950016.897998, 8
108950203.97611, 88
108951379.971802, 81
108951937.569979, 8
108954982.103839, 51
108956384.875498, 8
108956731.937664, 50
108957891.652897, 32
108958312.457207, 8
108958860.130088, 80
108959417.042757, 8
108960386.063693, 173
108960920.709155, 8
108961403.639709, 16
new stimulus
108970811.943146, 83
108971344.601162, 8
108971596.250431, 65
108972659.569031, 80
108973240.338531, 8
108973524.145071, 16
108973701.302603, 59
108974280.679726, 8
108974613.626149, 16
108974876.225507, 80
108975456.97753, 8
108975828.614769, 219
108978100.729118, 65
108978755.49599, 191
108979641.264507, 8
108984440.659618, 8
108984711.612127, 8
108984927.613889, 8
108985572.122837, 73
108985684.69229, 70
108986243.383228, 32
108986523.146355, 16
108987036.500021, 16
108987067.261587, 16
108987098.536658, 16
108987128.968093, 16
108987160.834627, 16
108987191.503256, 16
108987222.856283, 16
108987254.123032, 16
108987285.401988, 16
108987332.610188, 16
108987364.409864, 16
108987395.268249, 16
108987397.22712, 48
108988017.065561, 8
108988651.85284, 57
108988691.417255, 16
108989624.795401, 8
108989818.909468, 16
108990131.484302, 57
108991589.213366, 65
108992627.959944, 16
108993107.007436, 222
108993768.96007, 8
108994019.831172, 16
new stimulus
108999535.509073, 110
109002360.825028, 8
109010763.882708, 188
109011704.765373, 8
109012629.595065, 75
109013619.47058, 32
109014359.90399, 8
109015147.87795, 32
109015930.843626, 173
109017211.085582, 61
109018256.555184, 8
109018486.968419, 8
109019603.527187, 173
109020976.595088, 36
109024459.414674, 110
109024690.642696, 110
109025912.977982, 8
109026599.288192, 8
new stimulus
109042036.473666, 88
109043898.639193, 32
109044410.690368, 16
109044911.892711, 16
109044945.693425, 16
109044975.602198, 16
109045005.183613, 16
109045035.787604, 16
109045067.161715, 16
109045098.185166, 16
109045130.025622, 16
109045161.051292, 16
109045208.103582, 16
109045239.018561, 16
109045270.121632, 16
109045301.372846, 16
109045332.110553, 16
109045363.28714, 16
109045394.596613, 16
109045428.641457, 16
109045433.700786, 80
109046167.930227, 8
109046570.565672, 16
109046731.128149, 173
109047489.631939, 8
109048291.721087, 48
109048919.690464, 8
109049506.84065, 16
109049714.931194, 173
109050231.865812, 8
109050650.431611, 16
109050835.394387, 61
109051498.773243, 32
109051978.66243, 49
109053170.584315, 32
109054536.295007, 8
109054758.153129, 8
109054918.018724, 8
109055095.293051, 8
109055352.021345, 8
109055867.00819, 32
109056314.623589, 16
109056814.867997, 16
109056845.293328, 16
109056876.70711, 16
109056907.324972, 16
109056939.267242, 16
109056970.336744, 16
109057001.327737, 16
109057031.973618, 16
109057063.376304, 16
109057112.335586, 16
109057114.284192, 61
109058123.806118, 61
109058898.83422, 32
109059210.575682, 49
109059730.549171, 222
109060495.814547, 8
109061147.068157, 59
109063637.442476, 13
109064179.020414, 82
109064434.435398, 69
109064970.828889, 84
109065426.793832, 73
new stimulus
109090396.032822, 8
109091286.605719, 8
109092310.625396, 8
109092823.624795, 8
109092854.184398, 8
109092886.007654, 8
109092916.784478, 8
109092948.696786, 8
109092979.581526, 8
109093010.626339, 8
109093278.154916, 8
109093494.100362, 8
109093673.90144, 8
109093839.778751, 8
109094022.400369, 8
109094174.535347, 8
109094350.156243, 8
109094526.108658, 8
109094710.500501, 8
109094990.392628, 8
109095518.296756, 8
109096155.013776, 32
109096610.904648, 69
109097178.252513, 88
109097609.852389, 65
109098170.150428, 76
109098570.097108, 16
109099354.267624, 16
109099561.879062, 173
109100362.581658, 83
109100681.766606, 67
109101626.30263, 79
109101873.629678, 82
109101970.007445, 69
new stimulus
109116759.514435, 39
109118446.682986, 37
109129226.856141, 90
109130199.270215, 8
109130402.048422, 88
109131057.824552, 80
109131791.451156, 8
109132265.650436, 16
109132497.735688, 48
109134424.461553, 40
109136303.540892, 38
109137437.879304, 37
109139106.307225, 20
new stimulus
109153114.962487, 90
109154393.264991, 8
109154618.14201, 88
109155618.017448, 20
109156374.648091, 8
109156611.243934, 88
109157873.812221, 32
109159817.73348, 16
109160319.63326, 16
109160350.291347, 16
109160381.755343, 16
109160412.631761, 16
109160443.614431, 16
109160474.984936, 16
109160507.005993, 16
109160537.84801, 16
109160568.976327, 16
109160615.533142, 16
109160646.432586, 16
109160677.87633, 16
109160709.066511, 16
109160740.531894, 16
109160771.658545, 16
109160803.942598, 16
109160834.827338, 16
109160880.790472, 16
109160912.494437, 16
109160943.17555, 16
109160974.095801, 16
109160993.083336, 69
109161670.65589, 8
109162026.179677, 87
109162494.241569, 8
109162673.1979, 16
109162986.017142, 87
109163710.646701, 8
109164082.615182, 81
109164639.036816, 8
109165537.718455, 16
109165609.585233, 51
109166124.43947, 51
109166550.653215, 8
109166973.532081, 8
109167426.049234, 51
109167609.273689, 16
109168097.668053, 16
109168518.828017, 8
109168914.381733, 52
109169439.035317, 8
109169713.593191, 51
109170279.099257, 8
109170489.820586, 50
109171063.141883, 8
109171550.201574, 8
new stimulus
109194530.689158, 70
109195161.19139, 69
109195681.226745, 67
109196001.357699, 69
109196114.120791, 82
109196873.127823, 32
109197228.076794, 173
109198416.425217, 8
109198825.710447, 173
109199559.520427, 8
109200081.724105, 173
109200494.013251, 8
109200793.48715, 61
109201433.084634, 32
109202177.398888, 84
109202305.355781, 82
109202993.294453, 85
109204505.240485, 87
109205502.298434, 8
109205673.554941, 69
new stimulus
109218978.099265, 73
109220905.200203, 61
109221671.886252, 8
109221928.922207, 8
109222254.789398, 8
109224633.165197, 13
109226574.92701, 38
109227385.648671, 73
109228231.029387, 8
109228806.648841, 9
109229442.432617, 73
109229641.557187, 70
109229912.646187, 32
109230112.71815, 16
109230304.717158, 57
109231049.454756, 78
109231320.687738, 85
109231744.723727, 77
109232409.083822, 49
109232833.129798, 32
109233504.91396, 16
109233842.096327, 190
109234481.027168, 32
109234840.944474, 78
109235104.300637, 85
109235400.661316, 77
109235581.339877, 69
109236292.169677, 8
109236585.213231, 50
109236936.682786, 32
109238190.278719, 8
109238933.280771, 39
