new stimulus
110715816.62546, 16
110716167.852826, 79
110716900.405534, 8
110717081.303812, 16
110717455.474184, 79
110718284.318104, 8
110718590.315006, 20
110718981.888561, 79
110719781.932282, 8
110720685.997001, 20
110721217.681824, 20
110721219.434848, 75
110721934.095279, 8
110722164.236087, 20
110722677.650786, 20
110722707.88109, 20
110722738.528358, 20
110722770.164077, 20
110722800.889023, 20
110722832.511704, 20
110722865.824157, 20
110722895.479089, 20
110722926.458153, 20
110722972.774166, 20
110723004.398512, 20
110723036.236194, 20
110723066.859326, 20
110723097.180624, 20
110723129.537638, 20
110723159.655309, 20
110723191.231661, 20
110723237.315195, 20
110723268.905418, 20
110723300.774171, 20
110723332.080037, 20
110723362.746169, 20
110723393.647277, 20
110723424.876575, 20
110723456.76447, 20
110723487.058581, 20
110723534.273439, 20
110723565.818997, 20
110723596.788073, 20
110723628.00239, 20
110723658.525928, 20
110723690.996407, 20
110723721.481661, 20
110723753.600926, 20
110723784.296465, 20
110723839.769873, 20
110723859.307257, 20
110723890.610626, 20
110723922.25439, 20
110723952.678889, 20
110723984.180337, 20
110724015.354982, 20
110724048.950127, 20
110724096.233231, 20
110724125.338037, 20
110724157.194306, 20
110724189.519417, 20
110724221.288021, 20
110724252.213265, 20
110724283.6387, 20
110724293.258555, 80
110725757.791372, 188
110726527.790107, 8
110728153.772871, 76
110729612.191882, 20
110729613.197256, 78
110730602.612807, 8
110730602.895777, 65
110730817.544001, 8
110731851.263431, 20
110732543.178658, 65
110732756.387344, 78
110732867.684543, 78
110733871.763743, 73
110734083.41249, 78
110734251.547455, 70
110734420.068867, 32
110734683.631986, 68
110734999.302008, 8
110735183.366217, 8
110735351.514774, 8
110735868.217746, 70
110736427.970375, 32
110736843.350548, 68
110737045.196342, 79
110737259.746914, 69
110737666.388875, 8
110737830.611647, 8
110737990.845657, 8
110738148.384798, 70
110738355.395064, 79
110738561.98143, 82
110738796.209761, 32
110739192.093608, 89
110739414.78982, 79
110739561.09285, 85
110739885.720523, 69
110740570.104321, 8
110740761.439738, 82
110740960.384816, 32
110741207.390055, 70
110741893.933576, 82
110742163.656277, 69
110742317.375607, 69
110742629.243849, 32
110743087.52942, 84
110743293.620867, 73
110743606.181553, 77
110745459.553107, 69
110745770.019264, 32
110745950.437049, 65
110746238.566365, 67
110746636.641561, 84
110746649.307223, 82
110747337.842628, 61
110747942.46341, 8
110748100.170392, 8
110748766.817269, 73
110749193.270429, 86
110749726.111543, 73
110749942.132724, 84
110750115.869376, 73
new stimulus
110760907.79742, 16
110761337.855945, 73
110761861.812924, 32
110762142.336185, 66
110762572.469891, 69
110762808.299219, 76
110763084.457813, 73
110763307.857842, 69
110763491.681527, 86
110763652.701471, 69
110763822.727615, 32
110763989.077097, 84
110764101.709524, 72
110764323.195347, 65
110764459.953426, 84
110764619.539103, 32
110764723.348983, 84
110764821.051992, 72
110764900.908776, 69
110765013.050722, 82
110765123.928183, 69
110765307.666977, 32
110765539.894546, 83
110765723.308757, 72
110766027.581486, 79
110766156.85724, 85
110766387.271307, 76
110766468.720489, 68
110766715.147582, 32
110766924.528134, 66
110767059.867481, 69
110767259.330505, 32
110767483.264847, 65
110767683.3357, 32
110767948.03042, 66
110768235.318873, 65
110768467.144737, 76
110768611.296644, 65
110768811.437407, 78
110769139.290378, 67
110769323.597053, 69
110769555.624325, 32
110770035.402266, 84
110770203.116382, 79
110770466.9486, 32
110772323.450852, 72
110773147.308127, 73
110773507.43988, 83
110773947.374042, 84
110774139.120042, 79
110774699.521282, 82
110774961.113601, 73
110775396.224797, 67
110775596.342535, 32
110775763.712371, 65
110775884.416921, 78
110776028.099432, 68
110776235.263944, 32
110777387.790917, 77
110777557.360426, 79
110777818.964398, 82
110778091.343406, 68
110778269.035528, 69
110778601.151353, 8
110778791.189548, 8
110779260.579177, 70
110779507.359427, 69
110779656.114861, 82
110779969.496158, 78
110780379.044106, 32
110780650.854124, 83
110781033.281381, 8
110781203.434584, 65
110781307.239193, 83
110781755.199426, 80
110781971.07191, 69
110782250.89607, 67
110782586.98401, 84
110782899.121074, 83
110783066.946714, 32
110783189.029492, 84
110783323.042211, 79
110783490.853702, 32
110783610.927119, 65
110783739.365338, 32
110783963.041678, 67
110784461.576617, 73
110784643.184262, 84
110785059.105405, 85
110785179.138873, 85
110785592.031688, 8
110785782.576454, 8
110786115.543406, 89
110786771.458247, 190
110787059.201948, 32
110787194.966581, 16
110787338.746189, 73
110787771.215504, 84
110788037.078999, 222
110788226.944084, 83
110788477.662604, 32
110789077.402716, 79
110789817.24189, 8
110790187.949214, 73
110790811.301471, 77
110791302.644822, 219
110791507.34084, 65
110791978.562559, 8
110792144.227365, 8
110792988.950316, 80
110793355.674704, 79
110793723.034665, 82
110793977.602959, 84
110794194.7882, 65
110794338.911255, 78
110794474.869806, 84
110794610.865531, 32
110794748.043903, 84
110794883.740014, 79
110795428.878097, 32
110795618.901312, 219
110795892.873827, 82
110796227.312776, 8
110796406.968208, 8
110797037.231026, 79
110797427.761755, 82
110797761.218633, 8
110797951.144195, 8
110798723.491578, 80
110799147.004351, 82
110799275.231452, 69
110799555.015108, 83
110799788.362072, 69
110800062.780403, 82
110800467.80167, 86
110800682.709561, 69
110800882.941873, 32
110801122.942783, 65
110801282.678822, 32
110801539.254813, 67
110801722.732553, 73
110801914.620315, 84
110802125.327773, 73
110802929.129718, 8
110803243.475332, 89
110803992.730456, 222
110804554.916346, 83
110804858.488864, 32
110805323.015024, 67
110805678.578483, 73
110806060.763551, 59
110806384.894918, 8
110806533.033644, 8
110806846.839673, 85
110807115.825544, 76
110807398.669155, 84
110807845.00592, 85
110808021.58808, 82
110808153.29321, 69
110808309.671899, 32
110808461.594927, 65
110808574.112779, 78
110808691.598134, 68
110808773.295607, 32
110809099.53482, 72
110809362.950351, 73
110809571.156857, 83
110809818.999353, 84
110810114.147146, 79
110810294.465892, 82
110810740.824018, 89
110811111.392077, 188
110811363.470516, 32
110811601.084217, 78
110811781.453176, 73
110812315.822603, 8
110812482.89227, 8
110813316.703415, 66
110813544.344381, 85
110813933.261906, 84
110814197.209254, 32
new stimulus
110823220.107317, 16
110823732.542997, 16
110823762.978593, 16
110823793.894404, 16
110823825.082088, 16
110823856.903957, 16
110823877.115752, 87
110824499.652946, 72
110824772.040831, 73
110825318.231728, 76
110825716.730824, 69
110825882.595929, 32
110826154.643142, 16
110826642.935692, 16
110827148.889982, 16
110827178.963266, 16
110827210.370113, 16
110827241.183556, 16
110827273.25982, 16
110827303.791681, 16
110827334.836493, 16
110827365.975351, 16
110827403.649142, 16
110827446.03493, 16
110827476.361499, 16
110827507.070909, 16
110827538.180361, 16
110827568.946643, 16
110827600.059978, 16
110827631.0543, 16
110827662.399837, 16
110827710.14346, 16
110831539.417659, 84
110834124.654471, 72
110836040.833894, 8
110836271.463518, 8
110836891.376308, 73
110837130.765504, 84
110837458.818219, 32
110837962.510139, 68
110838443.3445, 73
110838634.739285, 70
110838810.798229, 70
110839034.695951, 69
110839138.76744, 82
110839298.566176, 69
110839784.453763, 8
110839931.05835, 83
110840106.617659, 32
110840522.637287, 80
110840706.493984, 69
110840781.518092, 82
110840979.581249, 32
110841179.783877, 67
110841442.873716, 65
110841564.422181, 83
110841810.867862, 69
110841955.078859, 188
110842218.891103, 32
110842362.666549, 16
110842594.236631, 73
110843403.147287, 32
110843714.533094, 87
110843874.201443, 79
110843962.804761, 85
110844138.63289, 76
110844282.417492, 68
110844680.463004, 8
110844855.118475, 8
110844990.739127, 8
110845150.408585, 8
110845294.585738, 8
110845731.049362, 68
110846154.87784, 79
110846346.222966, 83
110846799.568221, 8
110846984.801205, 8
110847299.214509, 79
110847846.956468, 8
110848170.96133, 73
110848530.760733, 83
110849106.70255, 65
110849668.945311, 71
110849812.289922, 82
110850090.911461, 69
110850250.308492, 69
110850410.074493, 32
110850554.229174, 84
110851186.514392, 72
110851362.235714, 65
110851540.831397, 84
110851698.126686, 32
110851803.835791, 84
110851907.941124, 72
110852034.13029, 69
110852178.294126, 32
110852378.233482, 66
110852610.219972, 69
110852850.233089, 83
110853146.198442, 84
110853338.096746, 32
110853546.049966, 87
110853802.295548, 65
110853890.114597, 83
110854334.681137, 8
110854788.00087, 89
110855194.268312, 32
110855362.263734, 84
110855475.52341, 79
110855674.396914, 32
110855874.067171, 84
110856138.210933, 82
110856386.258443, 65
110856707.022194, 86
110857194.711631, 69
110857394.161894, 76
110857620.97559, 32
110857901.699703, 73
110858131.44907, 83
110858298.305678, 32
110858425.912743, 73
110858642.2033, 78
110858874.034435, 65
110859311.41771, 8
110859538.395085, 32
110859715.577307, 65
110859844.769557, 32
110860034.945908, 71
110860226.353454, 82
110860402.134977, 79
110860530.327678, 85
110860986.367247, 80
110861242.011658, 32
110861826.251973, 87
110861954.446616, 73
110862154.080254, 84
110862267.551048, 72
110862394.588012, 32
110862570.411426, 65
110862683.890265, 32
110862905.961447, 84
110863066.118889, 79
110863562.591757, 73
110863970.28015, 82
110864238.851276, 8
110864461.591875, 8
110864882.707175, 89
110865431.017292, 8
110865770.546919, 85
110866129.840305, 82
110866385.992951, 32
110866730.276466, 71
110867193.927639, 85
110867328.280199, 73
110867597.150662, 68
110867917.130699, 69
110868106.422354, 190
110868386.520051, 16
110868401.718291, 32
110868842.020313, 16
110869354.897925, 16
110869643.979351, 65
110869923.58296, 32
110870114.534426, 84
110870335.210179, 79
110870454.906026, 85
110870669.709884, 82
110870916.112286, 32
110871172.033286, 71
110871387.054087, 73
110871798.642467, 8
110872213.540204, 85
110872368.235224, 73
110872804.306297, 68
110873171.426288, 69
110873383.708388, 32
110873732.318841, 77
110873948.863239, 65
110874506.803753, 85
110874803.238225, 32
110875242.904399, 8
110875398.665826, 8
110875707.793425, 89
110876044.056973, 32
110876519.052728, 66
110876710.92551, 69
110876868.641646, 32
110877051.968746, 65
110877219.264512, 66
new stimulus
110890369.93859, 16
110890503.451118, 73
110890747.122865, 32
110890957.568714, 66
110891148.996234, 69
110891388.857324, 76
110891699.203634, 73
110891906.573438, 69
110892090.645137, 86
110892258.45968, 69
110892429.802465, 32
110892533.76132, 84
110892669.770639, 72
110892866.09492, 65
110893020.729739, 84
110893148.013331, 32
110893290.812533, 73
110893634.090951, 84
110893802.08776, 32
110893953.974168, 73
110894146.920292, 83
110894274.239394, 32
110894379.98179, 73
110894666.119499, 77
110894882.175081, 80
110895083.961784, 79
110895314.164734, 82
110895482.182627, 84
110896106.585755, 65
110896281.928676, 78
110896441.811471, 84
110896618.26685, 32
110896930.182809, 70
110897102.838628, 79
110897321.480607, 82
110897490.154323, 32
110897626.234662, 83
110897770.235375, 84
110898001.915592, 85
110898201.90211, 70
110898433.937149, 82
110898928.156248, 8
110899109.833525, 8
110899267.890889, 68
110899499.995838, 69
110899746.35635, 78
110899922.044105, 84
110900218.403396, 83
110900564.490427, 32
110901658.502347, 84
110901977.832664, 79
110902362.514245, 32
110903730.395757, 72
110903962.130905, 65
110904114.004274, 86
110904363.159249, 69
110904651.046377, 32
110905138.414282, 65
110905386.222933, 32
110905634.478231, 70
110906287.637725, 8
110906530.679171, 71
110906882.069384, 73
110907207.863335, 8
110907404.223126, 8
110907538.549609, 68
110907825.804493, 73
110908924.801671, 86
110909554.144005, 69
110909674.265139, 82
110909945.946155, 83
110910090.43291, 69
110910298.861075, 32
110910497.825295, 83
110910681.457559, 69
110910929.891794, 84
110911089.576788, 32
110911265.957541, 79
110911397.803601, 70
110911537.589177, 32
110911730.120833, 75
110911889.735917, 78
110912113.688014, 79
110912298.024095, 87
110912578.129005, 76
110912769.855585, 69
110913194.523262, 70
110913489.782579, 71
110913920.008111, 8
110914093.361645, 8
110914638.858156, 70
110915167.667509, 8
110915354.892377, 71
110916465.947387, 69
110916833.550369, 32
110916977.700888, 65
110917105.608956, 78
110917227.40377, 68
110917353.559646, 32
110917489.544274, 83
110917829.170166, 75
110918044.175709, 73
110918482.069717, 76
110918666.136699, 76
110919129.968751, 83
110921801.86943, 32
110922113.953506, 84
110922273.533357, 72
110922505.677701, 65
110922666.096196, 84
110922929.62658, 32
110923265.489254, 67
110924129.964312, 65
110924465.507675, 78
110924753.570687, 32
110924961.593262, 67
110925185.664651, 79
110927286.332459, 77
110927698.372758, 69
110928049.810132, 32
110928321.61266, 70
110928465.850845, 82
110928657.475057, 79
110929001.644829, 77
110929907.27781, 32
110930129.519329, 84
110930353.476697, 65
110930515.596338, 75
110930729.580417, 73
110930945.368842, 78
110931105.32987, 71
110931233.093123, 32
110931617.575239, 67
110931793.631964, 76
110932009.754682, 65
110932281.56137, 83
110932465.255776, 83
110933810.141573, 69
110934033.423143, 83
110934233.437125, 32
110934489.299311, 73
110934729.474164, 78
110934891.950292, 32
110935128.280643, 77
110935349.680743, 65
110935492.631972, 78
110935819.240709, 89
110936067.298761, 32
110936290.305684, 83
110936645.123158, 85
110937059.939888, 66
110937619.803763, 74
110937859.36496, 69
110938147.041248, 67
110938487.149575, 84
110938731.604759, 83
110939276.207974, 190
110939514.572377, 32
110939745.461112, 16
110939967.481526, 78
110940363.64862, 79
110940579.817945, 32
110940836.128166, 67
110941108.345993, 65
110941355.551807, 82
110941572.132824, 82
110941899.87344, 69
110942075.482685, 69
110942350.424787, 8
110942533.186226, 8
110942680.849452, 8
110942858.780989, 69
110943034.352227, 69
new stimulus
110954328.620595, 16
110954837.655092, 16
110954865.949551, 16
110954897.047906, 16
110954927.493488, 16
110954960.674166, 16
110954989.363118, 16
110955021.041006, 16
110955052.978004, 16
110955084.527446, 16
110955132.981544, 16
110955161.995079, 16
110955193.725122, 16
110955223.143414, 16
110955530.26831, 16
110956035.407537, 16
110956065.082721, 16
110956096.370554, 16
110956127.303843, 16
110956158.790033, 16
110956190.330319, 16
110956221.069136, 16
110956252.126433, 16
110956284.126406, 16
110956340.769421, 16
110956362.125023, 16
110956393.807349, 16
110956424.537844, 16
110956455.06582, 16
110956486.264324, 16
110956497.727088, 73
110956769.605629, 32
110956993.722514, 87
110957153.715445, 79
110957250.267988, 85
110957457.864722, 76
110957617.319734, 68
110957755.472686, 32
110957945.532243, 73
110958249.390783, 77
110958466.055859, 65
110958745.264976, 71
110959059.337052, 73
110959259.255601, 78
110959473.387267, 71
110959762.404608, 32
110960137.512664, 72
110960471.731063, 8
110960655.38885, 8
110960807.607054, 8
110960966.239234, 8
110961133.982757, 8
110962163.720361, 73
110962409.956311, 78
110962594.439981, 69
110962801.821713, 32
110963233.573339, 84
110963441.746554, 72
110963681.653141, 65
110963841.320935, 84
110964089.437523, 32
110964377.698059, 65
110964553.331162, 32
110964865.242959, 83
110964978.677966, 80
110965233.104775, 65
110965481.365622, 67
110965661.879949, 69
110965865.186643, 32
110966193.4219, 83
110966458.205673, 69
110966698.517017, 84
110966865.116733, 84
110967145.239952, 76
110967385.191204, 69
110967807.101037, 77
110968273.448189, 69
110968649.586032, 78
110969065.4012, 84
110971305.633757, 32
110971577.250412, 87
110971898.097112, 79
110972059.593666, 85
110972545.771158, 76
110973342.926093, 68
110974343.874874, 32
110974699.869168, 72
110975051.01414, 65
110975290.454659, 86
110975513.537874, 69
110975651.264984, 32
110975793.995385, 84
110975889.704846, 79
110976043.2064, 32
110976225.287047, 66
110976374.603703, 69
110976497.29126, 32
110976953.472313, 66
110977450.522217, 85
110977705.319661, 73
110977978.070968, 76
110978441.388958, 84
110978633.427915, 32
110978785.114025, 84
110979250.071852, 79
110979793.753474, 32
110980633.521128, 69
110980873.085378, 77
110981305.133012, 85
110981761.056342, 76
110982105.162308, 65
110982305.466749, 84
110982466.794631, 69
110982817.087366, 32
110983177.464359, 77
110983473.33428, 85
110983681.006472, 67
110983817.05463, 72
110983952.918303, 32
110984136.994719, 79
110984296.996805, 70
110984440.895981, 32
110984569.25347, 84
110984680.915756, 72
110984826.455323, 69
110985001.324408, 32
110985897.478463, 16
110986185.420243, 69
110986537.126438, 65
110987241.419086, 82
110987745.452235, 84
110987897.076203, 72
110988577.187437, 222
110988777.901076, 83
110988994.78254, 32
110989346.413832, 69
110989544.933346, 78
110989977.020374, 86
110990474.31857, 73
110990810.094134, 82
110991105.215295, 79
110991394.272862, 78
110991627.840098, 77
110992011.018335, 69
110992154.082196, 78
110992361.394573, 84
110992520.843204, 32
110992689.163486, 65
110992818.546324, 78
110992968.96989, 68
110993025.320782, 32
110999023.309756, 8
110999204.536223, 8
110999365.115623, 8
110999517.276678, 8
110999697.690857, 84
110999886.207397, 79
111000117.277289, 32
111000333.103166, 66
111000524.164768, 69
111000722.451248, 32
111000931.055298, 76
111001097.785125, 73
111001261.24693, 86
111001652.748078, 65
111001915.549954, 66
111002123.054861, 75
111002651.164003, 8
111003455.408158, 76
111003627.469186, 69
111003835.615769, 188
111004073.696647, 32
111004298.064044, 83
111004395.722942, 79
111004560.226464, 32
111004687.129712, 16
111004795.12116, 73
111004915.288623, 32
111005083.753164, 84
111005236.116736, 72
111005467.72094, 73
111005908.479044, 78
111006267.642042, 75
new stimulus
111025688.281564, 16
111026191.942968, 16
111026221.088278, 16
111026251.28224, 16
111026281.137748, 16
111026321.56855, 16
111026343.821886, 16
111026354.083417, 73
111026745.641159, 70
111029073.861158, 32
111030773.687603, 8
111030987.628126, 8
111031146.926673, 8
111031473.247724, 16
111031770.360769, 87
111032058.550285, 72
111032217.336435, 73
111032457.083782, 76
111032627.040848, 69
111032793.405033, 32
111032945.339158, 16
111033032.6533, 73
111033145.994815, 32
111033320.581485, 84
111033450.849019, 72
111033539.245381, 73
111033787.44464, 78
111033931.877852, 75
111034066.348039, 32
111034204.323996, 73
111034345.593775, 84
111034626.77064, 32
111034793.121509, 73
111034993.383783, 83
111035129.862498, 32
111035273.057025, 73
111035639.728704, 77
111035865.030177, 80
111036017.57768, 79
111036146.347417, 82
111036304.961566, 84
111036585.532543, 65
111036711.683147, 78
111036904.690026, 84
111036984.699669, 32
111037225.358067, 79
111037385.051106, 84
111037544.827371, 32
111038031.380214, 8
111038205.006452, 8
111038359.427935, 8
111038538.514376, 84
111038713.61594, 80
111038976.79067, 32
111039406.750987, 8
111039572.441594, 8
111039865.493748, 79
111040192.627089, 32
111040377.845092, 71
111040554.116263, 80
111040833.132018, 32
111040976.870012, 84
111041269.82812, 8
111041909.481089, 8
111042538.176755, 32
111042792.022089, 8
111042948.438229, 8
111043219.611288, 80
111043592.725241, 32
111044001.097478, 84
111044192.521946, 80
111044441.785671, 32
111044824.8829, 67
111045352.877467, 59
111045536.60988, 65
111046064.81168, 83
111046248.581545, 83
111046448.918723, 69
111046648.306565, 83
111046880.538296, 188
111047192.49143, 32
111047880.754685, 83
111048553.032102, 84
111049113.099326, 85
111049304.686919, 68
111049496.976941, 69
111049665.136596, 78
111049872.78715, 84
111050224.608198, 83
111050568.913907, 32
111051632.87224, 85
111051808.434323, 83
111051920.615664, 85
111052536.799359, 65
111052680.556218, 76
111052944.727444, 76
111053168.7206, 89
111053376.348682, 32
111053529.520938, 72
111053632.484683, 65
111053802.79879, 86
111053946.256035, 69
111054072.330903, 32
111054184.501424, 84
111054274.035212, 79
111054392.335075, 32
111054848.751382, 80
111055352.892725, 65
111055632.691639, 89
111055880.502232, 32
111056136.386057, 70
111056552.565757, 79
111056784.793604, 82
111056992.42779, 32
111057152.403798, 84
111057272.348214, 72
111057701.18886, 8
111057876.081526, 8
111058028.028134, 8
111058203.905923, 8
111058347.881667, 8
111058499.955335, 8
111058785.794262, 84
111058920.567115, 80
111059145.934892, 32
111059265.576364, 84
111059585.002946, 65
111059712.264899, 75
111059920.157086, 69
111060081.761002, 32
111060200.068356, 84
111060312.226948, 72
111060592.783222, 73
111061061.322277, 8
111061200.943897, 69
111061344.236631, 73
111061536.300555, 82
111061760.352247, 32
111062224.484468, 67
111062400.470173, 79
111062528.699216, 85
111062720.194982, 82
111062922.728226, 83
111063041.279155, 69
111063281.900101, 83
111063480.483977, 188
111063728.280699, 32
111063912.265565, 83
111064048.09678, 79
111064384.243533, 32
111064880.460618, 73
111065011.787901, 84
111065169.959285, 32
111065370.572497, 73
111065521.031019, 83
111065684.601018, 32
111065990.31384, 82
111066075.357013, 69
111066298.598634, 65
111066410.164932, 76
111066590.099172, 76
111066923.014802, 85
111067146.839562, 32
111067630.863989, 8
111067805.706441, 8
111068162.118254, 85
111068432.284551, 32
111069009.180697, 80
111069280.855056, 77
111069596.648253, 59
111069842.097436, 85
111070100.291347, 32
111070475.550597, 65
111070861.526348, 32
111071066.328342, 59
111071313.854023, 80
111071489.482132, 83
111071849.122849, 8
111072029.363362, 8
111072175.315455, 8
111072755.787837, 76
111073327.502865, 73
new stimulus
111084911.380037, 16
111085244.708191, 83
111085546.56486, 80
111085770.715313, 69
111086073.476652, 78
111086691.22528, 68
111087026.207697, 73
111087258.053258, 78
111087425.255255, 71
111087560.771319, 32
111087715.946832, 84
111087882.090745, 73
111088178.603728, 77
111088376.327321, 69
111088560.609305, 32
111088816.941443, 87
111089080.25738, 73
111089320.74017, 72
111089560.487795, 84
111089926.736129, 8
111090094.837802, 8
111090256.948567, 84
111090384.248804, 72
111090712.557578, 32
111090944.383165, 79
111091232.194833, 78
111091392.155307, 69
111091536.262549, 32
111091640.211971, 79
111091792.210458, 82
111091984.36288, 32
111092192.211235, 84
111092368.731253, 87
111092528.560228, 79
111092745.028058, 32
111093040.853036, 67
111093216.481145, 76
111093456.737005, 79
111093648.437231, 83
111093992.435835, 69
111094208.089988, 32
111094448.113647, 70
111094576.244483, 82
111094760.172755, 73
111094936.138486, 69
111095040.295975, 78
111095272.345995, 68
111095520.661216, 83
111095721.674192, 32
111095937.523095, 65
111096057.386226, 76
111096232.825134, 76
111096428.133499, 79
111096576.48473, 87
111097104.927332, 83
111097240.384583, 32
111097480.364409, 89
111097633.916454, 79
111097770.425686, 85
111097890.097951, 32
111098040.267678, 84
111098199.947678, 79
111098400.139209, 32
111098880.850673, 66
111099168.140512, 69
111099304.044966, 85
111099568.234225, 73
111099880.797685, 8
111100044.155735, 8
111100203.753896, 8
111100640.782072, 85
111100825.168089, 73
111101112.371096, 76
111101320.068256, 68
111101648.228055, 32
111102136.519219, 83
111102376.192494, 84
111102528.954721, 82
111102679.966698, 79
111102935.969259, 78
111103552.404852, 70
111103776.072038, 69
111103888.159887, 82
111104120.057881, 188
111104416.327288, 32
111104944.249725, 77
111105096.270683, 79
111105255.887431, 82
111105344.252166, 69
111106766.340382, 8
111107059.912701, 8
111107244.316195, 8
111107395.87053, 8
111107555.76359, 8
111107733.725643, 8
111108243.708643, 8
111108881.305921, 82
111109176.004569, 32
111109361.834008, 65
111109520.414589, 78
111109658.034892, 68
111109833.763428, 32
111110079.903945, 68
111110335.735892, 69
111110647.963118, 80
111111044.654538, 8
111111248.130181, 69
111111367.983603, 80
111111575.929055, 69
111111656.20641, 82
111111831.821758, 32
111111999.818011, 82
111112120.164965, 69
111112335.652666, 76
111112568.152663, 65
111112775.855927, 84
111112979.452248, 73
111113104.134185, 79
111113320.030527, 78
111113543.924088, 83
111113819.970604, 72
111114185.138938, 73
111114495.870586, 80
111114711.754722, 83
111114865.289844, 32
111115128.119461, 84
111115288.164825, 72
111115447.789896, 65
111115615.713188, 78
111116256.006167, 32
111116752.163884, 73
111116992.010548, 70
111119136.073125, 32
111122680.228861, 89
111123120.079242, 79
111123311.856868, 85
111123671.654328, 32
111125480.208776, 65
111125767.64121, 76
111126511.986812, 87
111126719.706998, 65
111126951.667689, 89
111127185.853574, 83
111127648.725194, 32
111127849.035184, 79
111128055.877888, 78
111128287.674622, 76
111128728.545913, 85
111129280.422279, 32
111129509.307201, 8
111129668.458159, 8
111129981.461609, 89
111130358.01281, 32
111130571.554956, 83
111130995.689985, 219
111131282.737081, 69
111131801.548731, 8
111131967.787799, 8
111132297.554421, 80
111132736.801966, 69
111132952.896387, 78
111133148.90635, 84
111133329.483375, 32
111133449.875826, 84
111133568.433968, 73
111133840.651518, 77
111134023.374117, 69
111134179.366081, 32
111134398.360385, 87
111134484.820347, 73
111134689.868691, 84
111134820.220838, 72
111135017.491402, 32
111135209.24406, 76
111135427.407488, 79
111135562.341523, 84
111135787.915146, 83
111135961.756109, 32
111136042.748655, 79
111136189.922233, 70
111136376.753995, 32
111137120.573329, 80
111137295.925682, 69
111137447.963284, 79
111137544.122722, 80
111137776.1278, 76
111137944.471662, 69
111138616.623962, 59
new stimulus
111151958.386274, 16
111152196.031601, 73
111153306.286529, 8
111153537.676009, 16
111153696.630831, 77
111153932.114492, 79
111154160.260365, 83
111154376.211914, 84
111154584.156256, 32
111154944.653095, 67
111155235.244524, 65
111155505.590035, 82
111156274.296543, 69
111156504.152439, 69
111156744.079832, 82
111157031.865701, 83
111160192.296125, 32
111160767.777978, 82
111161012.297801, 69
111161740.536332, 81
111162950.144369, 8
111163126.32094, 8
111163292.364427, 8
111163664.346778, 65
111163783.595144, 78
111163951.500404, 68
111164103.90337, 32
111164263.641074, 80
111164623.584181, 82
111164960.156776, 79
111165231.853051, 66
111165479.485539, 76
111165639.340314, 69
111165759.588506, 77
111165936.704425, 83
111166159.580683, 32
111166463.763251, 87
111166796.555983, 8
111166970.932645, 82
111167039.854043, 69
111168047.890656, 81
111168384.57949, 85
111168521.270156, 73
111168807.926088, 82
111169143.808459, 69
111169488.068116, 32
111169976.111265, 67
111170192.176002, 79
111170489.361176, 76
111170639.541722, 76
111170831.61064, 65
111171143.823995, 66
111171607.727898, 79
111172015.52199, 82
111172311.46404, 65
111172591.77757, 84
111172807.651441, 73
111172968.72687, 79
111173360.332883, 78
111176152.330559, 32
111176367.095578, 73
111176695.425436, 78
111177055.554415, 32
111177247.792837, 79
111177503.789017, 82
111177775.401234, 68
111177999.947012, 69
111178195.387152, 82
111178487.941612, 32
111179047.994689, 84
111179383.308069, 79
111180096.349193, 32
111180367.296708, 66
111180991.535881, 69
111181359.436535, 32
111181719.5239, 83
111181887.21832, 85
111182095.521091, 67
111182288.866423, 67
111182543.233032, 69
111182807.15236, 83
111182975.222963, 83
111183455.523288, 70
111183663.431566, 85
111183919.716542, 76
111184495.446964, 190
111188295.626899, 32
111188575.333709, 16
111188863.674698, 66
111189191.033582, 82
111189893.325746, 8
111190327.837435, 69
111190495.318795, 73
111190735.282808, 78
111190927.187216, 71
111191143.008377, 32
111191464.500913, 66
111191520.861792, 65
111191989.160601, 8
111192163.056492, 8
111192370.541426, 65
111192569.15887, 66
111192759.254769, 76
111192935.126176, 69
111193110.875241, 32
111193238.991929, 84
111193358.9971, 79
111193575.159766, 32
111194544.734158, 87
111194788.172871, 79
111195051.655538, 82
111195459.194957, 75
111195769.524344, 32
111195995.656694, 87
111196144.214881, 73
111196383.98997, 84
111196520.040902, 72
111196800.100038, 32
111197380.812943, 79
111197657.377127, 84
111197857.621091, 72
111198095.570749, 69
111198296.038315, 82
111198897.654626, 83
111199269.275775, 32
111200330.954262, 69
111200675.181738, 70
111200872.617091, 70
111201123.253772, 69
111201472.157737, 67
111201800.223767, 84
111202007.979186, 73
111202271.895185, 86
111203090.268399, 69
111203313.043953, 76
111203905.84382, 89
111204231.329834, 32
111205672.39643, 83
new stimulus
111225918.771368, 16
111226416.239623, 16
111226445.732819, 16
111226475.976716, 16
111226505.6003, 16
111226539.31002, 16
111226567.694364, 16
111226598.42458, 16
111226631.49318, 16
111226662.335752, 16
111226714.806909, 16
111226740.933599, 16
111226772.211723, 16
111226801.274084, 16
111226832.967507, 16
111226863.925209, 16
111226894.544457, 16
111226926.207641, 16
111226972.70065, 16
111227004.161594, 16
111227036.083335, 16
111227066.560543, 16
111227097.358174, 16
111227128.486212, 16
111227159.873362, 16
111227190.979207, 16
111227222.386054, 16
111227269.731578, 16
111227300.535311, 16
111227331.86559, 16
111227362.710937, 16
111227394.230694, 16
111227424.929285, 16
111227456.705102, 16
111227488.460945, 16
111227518.846882, 16
111227566.041766, 16
111227596.548104, 16
111227627.845924, 16
111227659.014744, 16
111227690.516469, 16
111227721.295789, 16
111227753.244995, 16
111227784.490382, 16
111227830.971462, 16
111227863.016377, 16
111227894.484534, 16
111227934.805477, 16
111227957.765406, 16
111227986.944006, 16
111228018.057896, 16
111228049.193703, 16
111228080.732325, 16
111228126.933209, 16
111228158.007705, 16
111228189.867581, 16
111228220.860238, 16
111228252.09009, 16
111228283.625383, 16
111228314.848855, 16
111228345.792963, 16
111228376.803376, 16
111228423.437591, 16
111228454.528733, 16
111228485.607113, 16
111228518.229342, 16
111228548.460201, 16
111228582.362729, 16
111228610.363676, 16
111228641.647071, 16
111228672.336784, 76
111230625.015396, 8
111231551.639725, 16
111232059.655809, 16
111232089.696911, 16
111232120.852692, 16
111232151.896672, 16
111232183.240545, 16
111232214.363312, 16
111232245.756288, 16
111232276.685694, 16
111232307.852849, 16
111232354.399399, 16
111232385.97048, 16
111232417.214758, 16
111232448.417978, 16
111232479.230589, 16
111232512.210136, 16
111232542.009328, 16
111232573.179534, 16
111232591.185831, 84
111232766.905766, 72
111232945.053969, 79
111233094.81228, 83
111233223.185859, 69
111233478.725682, 32
111233750.774559, 87
111234047.062276, 72
111234206.907065, 79
111234422.882472, 32
111234649.653168, 76
111234888.55549, 73
111235183.038582, 86
111235406.731013, 69
111235590.730028, 32
111235734.917722, 84
111235870.551968, 72
111235998.781566, 69
111236343.028462, 73
111236703.010962, 82
111237006.651171, 32
111237326.671712, 76
111237518.827185, 73
111237726.582049, 86
111237950.005659, 69
111238310.542447, 83
111244879.246624, 32
111245310.883952, 87
111245486.544797, 73
111245742.995948, 84
111245910.541115, 72
111246126.643304, 79
111246351.006539, 85
111246558.696764, 84
111246784.132509, 32
111247174.892388, 65
111247374.878628, 78
111247734.794547, 89
111248182.812484, 32
111248639.100345, 67
111248862.521735, 72
111249062.585376, 65
111249254.423757, 78
111249470.497926, 71
111249886.513115, 69
111252078.982352, 32
111252454.542604, 70
111252762.359666, 73
111253022.700539, 78
111253174.420772, 71
111253414.474114, 32
111253758.894121, 67
111253928.539644, 79
111254223.348983, 77
111255182.778084, 70
111255662.874227, 79
111256166.753407, 82
111256390.16259, 84
111256566.434317, 32
111256702.283286, 65
111256838.375277, 78
111256990.421757, 68
111257198.76947, 32
111257406.302675, 83
111257574.485633, 65
111257918.637373, 70
111258454.519301, 69
111258700.045053, 84
111258920.762142, 89
111259148.067706, 32
111259330.067069, 73
111259530.245839, 78
111259656.040234, 32
111259795.27291, 80
111259935.510682, 82
111260039.919237, 69
111260672.094041, 83
111261343.742821, 8
111261531.775817, 68
111262017.207878, 73
111262305.04396, 67
111262727.086123, 84
111262999.186046, 65
111263150.926531, 66
111263578.886364, 73
111263877.55269, 76
111263969.565791, 73
111264241.067316, 84
111264448.166357, 89
111266146.808491, 77
111266431.420107, 32
111266894.422947, 8
111267053.611357, 8
111267447.73247, 77
111267996.125258, 8
