new stimulus
76164914.201195, 16
76165540.045979, 65
76165649.946915, 83
76165710.197943, 68
76165862.796317, 70
76166415.150117, 221
76166415.886672, 118
76177132.250315, 8
76177274.906723, 8
new stimulus
76192553.2274, 84
76192707.220929, 69
76192730.840901, 72
76193475.738767, 8
76193589.942515, 8
76193972.371559, 72
76194118.591729, 69
76194229.094115, 32
76194471.153261, 81
76194558.024301, 85
76194773.707567, 65
76194861.441112, 75
76194871.371703, 76
76194997.487113, 73
76195005.414441, 79
76195099.480971, 84
76195428.138174, 89
76196008.83422, 8
76196153.076372, 8
76196318.753244, 8
76196476.113841, 8
76196585.067381, 8
76196926.166954, 8
76197235.163549, 75
76197242.563499, 76
76197389.383454, 73
76197395.772479, 79
76197650.472629, 84
76198082.824009, 89
new stimulus
76227013.083768, 82
76227092.569006, 69
76227252.056874, 83
76227355.982976, 80
76227578.1163, 75
76227585.195827, 76
76227698.178642, 65
76228071.295468, 8
76228198.725024, 8
76228345.864847, 8
76228471.797435, 8
76228742.185789, 8
76228978.720635, 80
76229210.385896, 75
76229220.915996, 76
76229317.879642, 65
76229467.747909, 67
76230089.572573, 8
76230231.228043, 8
76230390.874874, 8
76230509.988989, 8
76230762.591275, 75
76230769.377568, 76
76230889.86603, 65
76231026.004967, 67
76231098.347148, 69
76231832.012204, 8
76231967.014266, 8
76232134.921887, 8
76232270.398341, 8
76232406.49622, 8
76233002.709856, 75
76233025.792462, 76
76233226.234728, 65
76233426.233674, 67
76233525.471624, 69
76236915.368586, 75
76236922.983538, 76
76237466.123604, 75
76237473.868944, 76
76237673.639017, 75
76237679.424926, 76
76238174.691971, 8
76238309.4782, 8
76238517.683283, 8
76238686.63512, 8
76238901.829291, 8
76239149.569482, 8
new stimulus
76263068.0488, 72
76263233.86466, 65
76263498.924019, 86
76263801.901671, 69
76264356.15581, 32
76264522.368106, 84
76264665.889793, 65
76264801.592345, 75
76264923.450439, 69
76265003.875582, 78
76278487.721725, 8
76279683.607893, 78
new stimulus
76302035.237288, 69
76302203.219535, 77
76302387.374088, 69
76302545.908458, 82
76302865.783873, 71
76303097.979564, 69
76303193.644043, 83
new stimulus
76339443.086495, 76
76339761.295437, 85
76340366.07475, 8
76340641.722745, 65
76341034.460507, 85
76341153.92667, 78
76341478.874188, 67
76341578.068861, 72
new stimulus
76364139.299604, 83
76364321.407338, 76
76364473.233648, 73
76365049.219071, 80
76365218.759597, 80
76365369.649607, 69
76365498.929567, 82
76366529.287561, 84
76367190.166006, 8
76367361.500341, 89
new stimulus
76398778.688954, 68
76399000.847246, 79
76399497.779931, 78
76399667.858933, 65
76399904.865396, 84
76400082.337134, 69
76400393.48042, 68
new stimulus
76442347.71636, 80
76442516.429614, 82
76442635.863041, 69
76442709.723829, 83
76442825.792129, 69
76442980.599891, 78
76443153.213418, 84
76443225.220474, 69
76443449.070484, 68
new stimulus
76468610.324697, 67
76468762.060289, 72
76469001.509452, 65
76469152.791182, 78
76469376.910846, 71
76469721.047911, 69
new stimulus
76508617.529064, 75
76508624.816381, 76
76508801.562939, 65
76509966.19282, 8
76510139.743201, 8
76510299.504885, 8
76510713.818852, 75
76510719.270746, 76
76510920.073661, 65
76511161.094972, 89
76511672.425019, 82
76512308.959698, 8
76512426.275564, 69
76512512.398397, 82
76512932.524352, 8
76513091.629101, 8
76513252.967928, 8
76513363.820142, 8
76513507.93357, 8
76513644.045043, 8
76514328.613093, 76
76515208.2786, 65
76515664.326521, 89
76516031.968982, 69
76516152.601703, 82
new stimulus
76548726.247905, 74
76548824.030778, 79
76549000.243021, 66
76552892.700171, 8
76553123.495992, 8
76553867.722774, 8
76554204.241835, 87
76554434.516102, 73
76554441.169233, 79
76554568.172114, 82
76554680.252753, 75
76554687.226028, 76
76555462.014986, 8
76555571.760843, 8
76555763.692639, 8
76555891.544432, 8
76556243.79331, 8
76556832.836979, 73
76556840.543203, 79
76557055.668296, 82
76557135.76414, 75
76557144.546205, 76
76560180.943949, 8
76560331.078263, 8
76560467.431648, 8
76560595.330047, 8
76560723.491442, 8
76561032.557671, 73
76561040.304953, 79
76561288.191345, 82
76561369.344721, 75
76561376.041684, 76
new stimulus
76590082.431458, 68
76590344.116812, 69
76590439.933596, 83
76590695.869937, 73
76590702.651792, 79
76590855.741758, 71
76590967.705879, 78
76591119.294993, 83
new stimulus
76621760.859608, 67
76621855.711796, 73
76621862.600735, 79
76622055.325403, 75
76622062.78056, 76
76622223.607266, 75
76622229.607068, 76
76622311.31168, 69
76622663.340563, 67
76622959.406528, 84
76623063.484934, 69
76623303.298628, 68
76624388.391117, 8
76624889.480413, 8
76624920.645982, 8
76624952.228238, 8
76624983.171314, 8
76625011.121286, 8
76625042.771233, 8
76625075.304768, 8
76625275.175823, 8
76625426.959964, 8
76625572.09042, 8
76626224.084431, 73
76626230.931202, 79
76626847.615795, 73
76626853.988174, 79
76627031.218555, 73
76627037.386752, 79
76627380.432994, 8
76627539.173765, 8
76627675.461678, 8
76627795.117597, 8
76627931.288438, 8
76628099.160826, 8
76628720.042534, 79
76629071.373978, 76
76629191.261545, 76
76629695.616929, 69
76629911.306298, 67
76630159.279801, 84
76630279.252536, 69
76630511.379149, 68
new stimulus
76650033.265096, 80
76650351.715118, 65
76650607.434794, 82
76650902.932598, 84
76651007.20298, 73
76651014.772712, 79
76651079.479412, 78
76651222.966699, 71
76652444.237518, 8
76652626.857928, 8
76652818.919558, 8
76653495.814398, 78
76654015.27651, 71
new stimulus
76694880.488894, 83
76695142.993198, 69
76695603.611366, 8
76695975.110823, 72
76696103.034467, 69
76696214.850168, 76
76696364.568627, 70
new stimulus
76714888.513876, 79
76715342.582947, 82
76715798.866121, 68
76716150.643937, 69
76716255.050533, 82
