new stimulus
178789717.303548, 38
178789925.11608, 38
178790103.469465, 38
178790359.769506, 38
178790779.897958, 40
178791075.496467, 40
178792157.084562, 40
178793114.64679, 8
178793236.810048, 8
178793364.585827, 8
178793516.872934, 8
178793605.145231, 8
178793727.11679, 8
178793832.691887, 8
178793944.798326, 8
178794071.223061, 8
178794194.900209, 8
178794304.215507, 8
178794426.294984, 8
178794546.318487, 8
178794667.317128, 8
178794777.774849, 8
178794896.296668, 8
178795023.01325, 8
178795151.233736, 8
178795288.216313, 8
178795754.025598, 8
178796815.459553, 88
178797721.705955, 219
178798324.405713, 73
178798794.764162, 39
178799395.23761, 219
178800083.950897, 74
178800536.992952, 39
178801053.825383, 32
178801813.74148, 16
178802312.318167, 16
178802343.318392, 16
178802373.978775, 16
178802404.972342, 16
178802437.77997, 16
178802462.075187, 190
178802844.206835, 32
178803036.985878, 77
178803196.562521, 65
178803268.831463, 88
178803762.706405, 8
178803904.694227, 8
178804047.78591, 8
178804193.24095, 8
178804535.434119, 8
178804891.246481, 16
178805028.270394, 190
178805163.722989, 32
178805291.399451, 77
178805410.463907, 65
178805475.712134, 88
new stimulus
178819967.685905, 82
178820022.728893, 69
178820457.951034, 8
178820704.921102, 8
178821313.349344, 8
178822376.883382, 38
178823083.156916, 16
178823207.361166, 46
178824624.956202, 9
178825284.91, 82
178825341.092636, 69
178825515.634245, 84
178825627.34841, 85
178825700.611354, 82
178825907.409909, 78
178826146.559733, 32
178827676.106684, 16
178827771.707634, 57
178828139.833363, 78
178828243.956989, 85
178828386.255801, 77
178828587.285369, 49
178828986.934818, 32
178829098.66119, 16
178829243.11862, 188
178829434.527199, 32
178829739.103633, 78
178829882.31544, 85
178830026.328163, 77
178830162.771155, 50
178830551.831136, 39
178830891.506702, 32
178831010.627198, 16
178831125.136387, 191
178831282.316938, 32
178831971.387822, 78
178832130.402131, 85
178832322.524793, 77
178832596.297139, 49
178832910.802223, 32
178833028.13196, 16
178833115.037678, 59
178833210.394496, 32
178833330.536458, 78
178833394.648089, 85
178833538.518217, 77
178833706.771783, 32
178834064.296393, 8
178834163.050241, 50
178834563.6371, 59
new stimulus
178861962.72477, 39
178862361.179087, 37
178862692.326428, 16
178862860.01766, 37
178863055.622244, 37
178863215.764828, 37
178863366.663716, 37
178863446.387537, 37
178863951.691149, 37
178863983.527801, 37
178864020.800256, 37
178864044.778657, 37
178864076.315971, 37
178864114.218173, 37
178864293.093666, 37
178864453.869604, 37
178864565.858416, 37
178864701.226398, 37
178864813.05819, 37
178864932.909969, 37
178865077.922798, 37
178865189.475226, 37
178865335.892642, 37
178866179.527711, 73
178866283.56922, 78
178866394.522971, 84
178866529.97418, 32
178867106.414852, 73
178867225.904596, 32
178867381.523539, 67
178867921.315401, 8
178868055.148963, 8
178868190.454802, 8
178868410.458081, 67
178868490.298974, 79
178868588.669981, 85
178868620.098268, 78
178869267.585284, 84
178869857.822699, 39
178869998.263616, 39
178870134.273275, 39
178870772.745191, 13
178871507.381778, 70
178871595.47708, 79
178871682.084014, 82
178871764.869185, 32
178872018.616669, 16
178872318.398144, 8
178872454.115122, 8
178872606.220796, 8
178872750.065124, 8
178872877.375944, 8
178873014.213707, 8
178873146.667095, 8
178873278.993424, 8
178873407.248865, 8
178873534.508362, 8
178873662.091333, 8
178873794.418217, 17
178873894.456251, 8
178874137.716635, 8
178874565.631208, 67
178874684.098652, 79
178874756.94047, 85
178874828.733078, 78
178874866.777598, 84
178874970.263431, 32
178875060.048787, 61
178875186.295139, 32
178875322.348908, 48
178876052.297898, 59
178876186.081802, 32
178876298.088091, 73
178876583.345979, 8
178876708.174983, 67
178876787.841655, 79
178876842.33396, 85
178876923.258463, 78
178876986.823572, 84
178877073.94124, 32
178877209.910118, 16
178877250.350453, 188
178877371.550779, 32
178878771.539516, 8
178879271.621771, 8
178879304.256011, 8
178879335.05455, 8
178879359.580305, 8
178879390.419348, 8
178879423.970744, 8
178879458.454277, 8
178879487.296715, 8
178879518.30554, 8
178879710.153278, 8
178879970.306431, 49
178880284.389002, 59
178880419.093945, 32
178880586.008951, 67
178880690.033537, 79
178880730.079933, 85
178880793.845341, 78
178880875.692826, 84
178880953.799832, 32
178881129.785422, 16
178881201.64045, 188
new stimulus
178893611.301776, 88
178893761.874417, 32
178894025.756397, 16
178894090.34436, 61
178894281.83145, 61
178894425.811715, 32
178894537.897347, 49
178894689.613798, 59
new stimulus
178929988.335244, 82
178930089.964293, 69
178930465.830369, 84
178930745.940139, 82
178930857.413779, 85
178931126.740717, 8
178931262.134777, 8
178931518.095809, 85
178931621.189645, 82
178931737.827215, 78
178931811.145366, 32
178932930.217867, 65
178933345.501147, 190
178933593.812549, 70
178933745.675201, 82
178933827.378427, 79
178933899.196836, 78
178933930.337713, 84
178934137.34267, 16
178934201.02818, 57
178934257.881623, 48
178934546.046059, 32
178934729.390817, 61
178934857.468986, 61
178935081.790058, 32
178935690.137848, 66
178935865.783873, 190
178935969.817059, 70
178936145.838436, 82
178936211.345221, 79
178936283.105648, 78
178936331.195335, 84
178936513.883159, 16
178936553.304801, 57
178936601.660258, 48
178936906.446978, 59
178940669.333707, 38
178941906.680012, 13
178942805.99281, 9
178943226.116824, 73
178943329.852891, 70
178943419.490659, 32
178943825.790187, 16
178943881.443503, 57
178944138.581913, 65
178944301.115873, 190
178944413.2839, 69
178944505.233978, 77
178944538.149246, 80
178944584.632384, 84
178945018.038244, 89
178945257.522084, 16
178945305.414247, 57
178945353.94559, 48
178945617.938261, 32
178945690.936545, 79
178945977.290526, 82
178946355.242814, 8
178946495.611602, 8
178946826.094241, 16
178946906.217827, 220
178947027.190668, 220
178947242.200077, 32
178947361.159112, 66
178947569.277085, 190
178947665.137702, 69
178947777.655003, 77
178947809.918607, 80
178947834.939282, 84
178947985.350185, 89
178948177.301401, 16
178948225.17137, 57
178948273.696054, 48
178948733.662836, 39
178949130.014018, 32
178949289.364007, 82
178949353.630994, 69
178949473.183434, 84
178949588.208074, 85
178949665.27031, 82
178949745.616943, 78
178949835.39897, 32
178949899.041757, 70
178949993.51249, 65
178950073.824723, 76
178950217.532837, 83
178950241.883816, 69
178950665.815721, 59
new stimulus
178966570.920255, 82
178966641.462246, 69
178966793.44835, 84
178966945.576495, 85
178966986.97338, 82
178967097.345378, 78
178967194.886338, 32
178967319.138583, 65
178967378.053547, 71
178967441.636134, 69
178967580.880808, 32
178967786.843491, 16
178968097.943222, 190
178968466.983334, 61
178968842.137546, 32
178969210.951837, 54
178969306.439043, 53
178970194.290436, 59
new stimulus
179006674.47905, 70
179006763.026272, 65
179007384.660348, 8
179007625.671395, 69
179007825.675889, 86
179008001.053925, 69
179008081.341745, 82
179008209.190763, 32
179008579.769179, 61
179008693.680524, 32
179008840.905515, 84
179008881.221288, 82
179009041.039288, 85
179009169.087773, 69
179009440.909843, 59
new stimulus
179043549.971578, 88
179045075.090321, 50
179046100.481632, 219
179047090.204262, 73
179047747.935634, 39
179048450.663717, 219
179049267.511212, 74
179049765.422087, 39
179050193.806335, 32
179050529.123327, 61
179050753.202488, 32
179051913.236322, 88
179052160.934345, 49
179053017.343857, 219
179053689.768044, 73
179054023.623301, 39
179054441.380628, 219
179055091.649908, 74
179055439.900583, 39
179055825.622347, 59
new stimulus
179072477.927348, 8
179072999.34029, 8
179073022.430942, 8
179073053.67613, 8
179073083.911503, 8
179073114.790217, 8
179073147.089886, 8
179073177.500312, 8
179073208.749107, 8
179073239.180063, 8
179073286.265205, 8
179073317.764512, 8
179073349.48964, 8
179073380.431607, 8
179073411.763906, 8
179073442.588523, 8
179073480.427473, 8
179073628.543821, 8
179074305.519113, 88
179074464.575867, 32
179074616.677934, 16
179074793.020288, 53
179075144.788949, 32
179075310.239168, 51
new stimulus
179108598.786723, 8
179109104.051496, 8
179109135.174896, 8
179109166.26667, 8
179109197.292973, 8
179109228.401947, 8
179109259.431579, 8
179109291.182507, 8
179109322.057892, 8
179109353.904809, 8
179109403.470935, 8
179109433.924362, 8
179109458.690918, 8
179109705.127227, 8
179109886.072286, 8
179111692.930098, 8
179111852.518671, 8
179112004.542782, 8
179112140.305258, 8
179112292.000624, 8
179113113.422805, 69
179113336.328471, 88
179113488.38948, 65
179113544.768809, 77
179113768.443211, 16
179113884.490427, 173
179114153.055288, 83
179114384.21675, 67
179114520.211706, 79
179114728.171271, 82
179114785.90858, 69
179118137.969921, 32
179119424.821874, 16
179119720.595158, 188
179120282.606566, 32
179120616.286492, 53
179120744.212633, 48
new stimulus
179143481.849538, 66
179143784.286772, 32
179145349.211664, 8
179145611.507623, 8
179145824.58035, 65
179145984.302085, 32
179146161.159889, 61
179146288.491793, 32
179146457.560701, 66
179147392.634283, 59
179147724.66993, 13
179148041.418801, 66
179148428.919117, 8
179148699.324117, 9
179149113.668046, 66
179149247.995141, 32
179149392.050865, 61
179149528.127383, 32
179149696.503569, 84
179149768.457914, 69
179149903.920497, 77
179149976.381692, 80
179150303.972763, 59
new stimulus
179178390.282856, 8
179178897.796688, 8
179178928.989998, 8
179178960.239348, 8
179178992.53652, 8
179179023.810283, 8
179179053.730227, 8
179179323.765979, 8
179179539.8393, 8
179179715.829606, 8
179179996.0681, 8
179181724.481561, 8
179181956.132395, 8
179182172.000147, 8
179182467.936001, 8
179182708.036549, 8
179182899.692034, 8
179183083.829109, 8
179183364.053732, 8
179183820.31277, 8
179187505.709202, 75
179189121.668892, 32
179189272.74311, 16
179189351.716783, 61
179189519.94871, 32
179189719.906042, 49
new stimulus
179211957.743384, 8
179212469.202431, 8
179212500.434303, 8
179212532.569461, 8
179212563.263967, 8
179212593.90937, 8
179212626.275897, 8
179212657.303587, 8
179212687.921525, 8
179212718.941447, 8
179212765.684251, 8
179212796.863968, 8
179212829.064597, 8
179212860.143332, 8
179212890.979046, 8
179212921.938213, 8
179213115.921544, 8
179213267.82997, 8
179213423.284402, 8
179213565.877003, 8
179214224.182084, 73
179214351.470432, 32
179214575.552367, 16
179214671.836329, 61
179215488.000812, 61
179215815.751123, 32
179216007.35362, 50
179228840.762921, 17
179229344.114315, 17
179229374.625445, 17
179229406.01628, 17
179229439.705278, 17
179229469.896263, 17
179229499.113221, 17
179229530.325396, 17
179229561.388873, 17
179229592.724501, 17
179229716.748982, 61
179230258.74385, 61
179230641.892804, 61
179230930.74913, 61
new stimulus
179238361.810776, 17
179238391.399756, 17
179238422.859947, 17
179238452.95328, 17
179238484.738608, 17
179238527.194413, 17
179238547.147978, 17
179238578.218114, 17
179238609.522115, 17
179238657.310522, 17
179250040.782118, 73
179250151.200723, 78
179250257.079042, 84
179250367.202469, 32
179250471.29225, 65
179250615.609305, 66
179250799.42041, 83
179250879.64248, 79
179251079.135131, 76
179251527.476274, 85
179251639.229, 84
179251703.50098, 69
179251887.235793, 16
179252216.048076, 86
179252399.340401, 65
179252465.090485, 76
179252631.025914, 85
179252719.468825, 69
179255327.65571, 59
new stimulus
179278053.469728, 8
179278566.216568, 8
179278597.204309, 8
179278629.002954, 8
179278659.524349, 8
179278690.595039, 8
179278719.124822, 8
179278764.446949, 8
179278784.646033, 8
179278814.2708, 8
179279231.818397, 8
179279381.762399, 8
179279515.800976, 8
179279642.90262, 8
179279763.651304, 8
179279891.261739, 8
179280019.353224, 8
179280147.185042, 8
179280283.272656, 8
179280419.300347, 8
179281544.208971, 75
179281702.990246, 32
179281934.970935, 61
179282063.181157, 32
179283304.427735, 48
179283832.074346, 59
179283967.486993, 32
179284215.021337, 75
179284342.964402, 32
179284534.941695, 16
179284607.18872, 188
179284743.021384, 32
179285022.963314, 57
179285535.834161, 56
179285892.670764, 8
179286199.906009, 55
179286695.11535, 59
179286854.981344, 32
179287023.169993, 16
179287158.913327, 61
179287239.214463, 61
179287567.013046, 75
new stimulus
179312312.361999, 67
179312518.895616, 65
179312599.16901, 83
179312696.818165, 69
179312815.09613, 32
179312966.870562, 16
179313081.074033, 222
179313375.448279, 67
179313480.619727, 79
179313656.353417, 87
179313895.212226, 16
179314039.418867, 222
179314478.925234, 16
179314583.982939, 59
179315340.120828, 13
179315840.092669, 67
179315918.953431, 79
179315992.451629, 85
179316102.985641, 84
179316190.959987, 32
179316355.175401, 16
179316425.663294, 188
179316562.173145, 188
179316807.375758, 32
179316958.846136, 16
179317030.760255, 222
179317262.863842, 16
179317322.718711, 77
179317478.657799, 79
179317591.574033, 79
179317799.044781, 16
179317854.675348, 49
179318158.855346, 16
179318222.980847, 222
179318607.637312, 32
179318718.912872, 16
179318783.103845, 188
179318911.013896, 188
179319041.898186, 32
179319230.700664, 78
179319516.359426, 8
179319631.01343, 69
179319710.806329, 78
179319815.134415, 68
179319872.350725, 76
179320014.709737, 59
179320402.925524, 38
179320791.321079, 17
179320816.776197, 37
179320952.605809, 37
179321249.254636, 37
179321606.454107, 37
179322129.318521, 9
179322899.634885, 40
179323322.088686, 46
179324455.909487, 67
179324740.732377, 40
179325443.373904, 9
179325951.517206, 66
179326079.339036, 82
179326151.325285, 69
179326216.376266, 65
179326304.183326, 75
179326438.591429, 59
179329684.209621, 37
179329866.097914, 37
179330040.647846, 37
179330184.514646, 37
179330328.912154, 37
179330456.689874, 37
179330601.439708, 37
179331039.96955, 16
179331253.214001, 38
179331765.861246, 9
179332290.075872, 40
179332714.998173, 9
179334481.207861, 38
179336656.053802, 32
179336974.964066, 32
new stimulus
179347203.684217, 38
179347707.451467, 40
179348303.020929, 16
179348469.128082, 39
179349284.506628, 37
179350220.404431, 8
179350732.011899, 8
179350762.984104, 8
179350794.646258, 8
179350828.173241, 8
179350857.067279, 8
179350887.512105, 8
179350919.350699, 8
179350951.736091, 8
179350981.09925, 8
179351028.10505, 8
179351059.456491, 8
179351090.411774, 8
179351252.367864, 8
179351395.171306, 8
179351522.867742, 8
179351659.322108, 8
179351787.541484, 8
179354839.668769, 89
179355014.51471, 32
179355206.598533, 16
179355590.93735, 190
179355966.569559, 32
179356111.348522, 88
179356319.28839, 32
179356863.942347, 20
179357711.176132, 20
179357990.899176, 16
179358102.85664, 56
179358273.895798, 56
179358732.396683, 8
179358859.254473, 8
179359006.951636, 16
179359191.337281, 55
179359358.642896, 55
179360038.97305, 32
179360326.491371, 89
179360462.316267, 32
179360590.587243, 16
179360678.35602, 190
179360870.936983, 32
179361063.077956, 90
