new stimulus
177446848.363169, 73
177446961.792633, 78
177447051.924211, 73
177447193.593275, 84
177447414.121714, 73
177447591.393431, 65
177447702.274775, 84
177447833.695045, 69
177454903.04107, 17
177454996.951411, 8
177455549.068847, 76
177455652.678965, 65
177455764.491337, 85
177455883.997171, 78
177455950.491855, 67
177456093.786611, 72
new stimulus
177479762.094967, 87
177479846.020064, 79
177479983.136359, 82
177480088.314465, 75
new stimulus
177521264.86655, 70
177521493.321762, 65
177521709.856436, 82
177521809.214788, 69
177522675.428665, 8
177522796.452828, 8
177522924.734902, 8
177523077.001203, 8
177523380.801965, 70
177523547.345225, 65
177523675.536859, 82
177523805.053183, 69
177524052.010767, 87
177524075.563325, 69
177524228.75455, 76
177524355.89642, 76
new stimulus
177544873.494535, 79
177544948.959376, 82
177545093.372975, 68
177545332.487289, 69
177545405.178744, 82
new stimulus
177585029.084072, 82
177585099.30564, 69
177585203.430931, 80
177585348.421289, 76
177585427.513698, 65
177585476.688659, 67
177585698.881351, 69
new stimulus
177621796.202039, 65
177621866.643326, 82
177622147.872493, 67
177622371.571586, 72
177622427.515917, 73
177622500.19905, 86
177622650.392454, 69
new stimulus
177660923.796384, 82
177661026.813374, 69
177661306.057588, 67
177661426.044194, 79
177661578.473342, 82
177661692.65767, 68
177661890.542384, 69
177662041.937303, 68
new stimulus
177693106.889521, 67
177693119.758565, 72
177693281.677203, 65
177693459.973162, 78
177693593.775652, 71
177693654.993773, 69
new stimulus
177729055.958202, 80
177729124.946076, 82
177729235.528914, 69
177729431.424513, 83
177729482.373033, 69
177729682.111757, 78
177729778.688954, 84
177729824.833082, 69
177730018.158368, 68
new stimulus
177770491.087685, 80
177771014.703911, 8
177771642.45819, 79
177771781.819659, 85
177771876.583905, 84
177772082.863403, 70
177772202.485477, 73
177772369.589684, 84
177772451.31871, 83
new stimulus
177794244.817829, 77
177794385.229617, 79
177794489.778253, 85
177794601.269648, 78
177794713.15193, 84
177794803.346484, 65
177794857.887061, 73
177794952.944818, 78
177799776.634645, 8
177799949.050371, 8
177800077.651479, 8
177800221.296342, 8
177800365.552087, 8
177800510.550213, 8
177800637.139736, 8
177800901.509701, 8
177801249.689356, 65
177801449.319609, 76
177801617.208642, 80
177801753.35507, 73
177801858.777862, 78
177801938.845409, 69
new stimulus
177831074.529374, 68
177831392.687271, 69
177831730.222528, 86
177831985.285546, 69
177832184.987928, 76
177832384.799891, 79
177832600.898735, 80
177832745.610562, 83
new stimulus
177862041.833824, 80
177862126.210564, 69
177862209.249299, 82
177862408.822402, 77
177862537.394659, 65
177862691.301355, 70
177862889.360567, 82
177863048.648137, 79
177863400.514728, 83
177863498.039876, 84
177873054.478157, 8
177873404.682991, 8
177873556.532326, 8
177873702.079748, 8
177873821.621092, 8
177873965.484008, 8
177874117.062302, 8
177874268.697191, 8
177874420.476061, 8
177874565.126023, 8
177875201.43821, 76
177875280.685143, 65
177875561.143355, 89
177875688.438361, 69
177875762.217033, 82
177880933.952242, 8
177881088.038153, 8
177881213.773217, 8
177881356.474845, 8
177881500.387142, 8
177881897.170269, 80
177881954.081138, 69
177882025.162992, 82
177882200.561279, 70
177882670.286096, 8
177883025.141908, 77
177883121.316011, 65
177883266.598217, 70
177883424.992766, 82
177883520.416443, 79
177883664.766234, 83
177883722.747397, 84
new stimulus
177899585.666335, 70
177899704.334632, 79
177899769.97125, 82
177900056.742751, 67
177900304.360876, 69
new stimulus
177941890.007237, 83
177942032.119622, 85
177942185.994969, 66
177942424.162165, 77
177942488.504887, 73
177942617.225842, 83
177942784.629665, 83
177942943.721097, 73
177942985.923338, 79
177943067.005417, 78
177943184.012512, 83
new stimulus
177968177.217342, 68
177970312.447723, 79
177970463.824886, 78
177970576.165747, 65
177970727.767067, 84
177970929.13287, 69
177971112.558636, 68
new stimulus
178001592.776934, 84
178001740.406683, 65
178001851.397887, 75
178001928.264263, 69
