new stimulus
540668065.353484, 86
540668066.244838, 69
540668066.495904, 67
540668066.722835, 84
540668067.765661, 79
540668068.013953, 82
540668748.284982, 32
540670722.311705, 8
540670722.619366, 8
540670723.001097, 8
540671521.971754, 79
540671592.164295, 82
540671713.145156, 32
540671944.484978, 65
540672065.304103, 32
540672992.57621, 48
540673432.320061, 61
540674110.627504, 8
540674236.557003, 8
540674553.238503, 173
540674878.337237, 8
540675072.490975, 48
540675436.759077, 8
540675600.822054, 57
540676084.787667, 8
540676481.928509, 173
540676844.424445, 8
540677072.723454, 219
540678734.34457, 8
540678944.459178, 8
540679117.382709, 8
540679286.441208, 8
540679428.291906, 8
540679556.985908, 8
540679667.705793, 8
540679837.577414, 8
540679973.611424, 8
540680098.384077, 8
540680584.323264, 65
540681276.424085, 32
540681426.462037, 219
540682321.575763, 8
540682589.277173, 16
540682841.151985, 57
540683641.946963, 86
540683770.822675, 69
540683861.149056, 67
540684097.646969, 84
540684236.370854, 79
540684367.080597, 82
540684464.540862, 32
540687366.448909, 66
540690241.558907, 8
540690741.907902, 8
540690773.164387, 8
540690803.818868, 8
540690834.04723, 8
540690865.491251, 8
540690896.739691, 8
540690927.061821, 8
540690958.724173, 8
540690997.836115, 8
540691036.197077, 8
540691066.141083, 8
540691096.323115, 8
540691124.989874, 8
540691155.832169, 8
540691187.272584, 8
540691219.85847, 8
540692002.331724, 73
540692097.089352, 70
540692304.502711, 16
540692809.659138, 16
540692840.170747, 16
540692871.101262, 16
540692902.760562, 16
540692933.7854, 16
540692964.87349, 16
540692996.233175, 16
540693027.352614, 16
540693055.932262, 56
540693596.105062, 8
540694111.989087, 16
540694184.104989, 57
540695499.765024, 8
540695644.54418, 8
540695730.907599, 8
540695919.637199, 8
540698456.778064, 70
540698560.78519, 79
540698686.917207, 82
540698847.20365, 16
540699371.671917, 16
540699394.00626, 16
540699422.316255, 16
540699455.139615, 16
540699485.264498, 16
540699517.977444, 16
540699520.634584, 57
540701689.03393, 65
540702711.67094, 48
540703188.400023, 8
540703498.553526, 48
540703982.59432, 8
540704167.832575, 57
540704516.479093, 8
540704779.129774, 8
540704850.23725, 173
540705117.04481, 8
540705840.800493, 65
540706584.896416, 222
540706940.444339, 8
540707359.961138, 48
540707740.256692, 8
540708153.151171, 219
540709626.23383, 73
540710549.311884, 8
540710699.611444, 8
540711107.934022, 8
540711577.910952, 73
540711656.600903, 78
540711743.748314, 84
540711822.983675, 32
540711904.869517, 73
540712015.50146, 32
540712583.629434, 173
540712840.80188, 32
540713099.85219, 8
540713221.783496, 8
540713449.296016, 173
540713796.024166, 8
540713992.75265, 61
540714239.560365, 32
540714406.936027, 57
540714839.47331, 61
540715074.100572, 57
540715294.814055, 61
540715414.876375, 61
540715566.932843, 61
540715789.2304, 8
540715926.063105, 8
540716052.420111, 8
540716187.511721, 8
540716291.126019, 8
540716619.50609, 8
540716815.702757, 57
new stimulus
540731616.886402, 73
540731672.40614, 83
540731871.152585, 16
540731959.609701, 80
540732383.103332, 79
540732496.511429, 83
540732686.710251, 73
540732792.399104, 84
540732942.820451, 73
540733446.191118, 8
540733581.392032, 8
540733690.624386, 8
540733914.72851, 8
540734050.616041, 8
540734162.836498, 8
540734298.850533, 8
540734419.032976, 8
540734551.253832, 8
540734702.911645, 8
540735520.620158, 66
540735656.749323, 79
540735906.380353, 79
540736177.563953, 76
540736438.54123, 32
540736590.66955, 73
540736735.290021, 83
540736887.104855, 16
540736974.706405, 80
540737183.198377, 79
540737336.873874, 83
540737487.77516, 73
540737614.576594, 84
540737704.206647, 73
540737838.68266, 86
540737945.662354, 69
540738127.181223, 16
540738270.687571, 57
540741496.754727, 73
540741592.789602, 78
540741650.620535, 84
540741802.381549, 32
540741918.496998, 65
540742215.072401, 16
540742366.94688, 48
540743479.659482, 61
540743949.981246, 8
540744203.606585, 219
540745061.554756, 13
540745688.157002, 73
540745751.314421, 70
540745879.00277, 32
540747632.524909, 65
540747737.844515, 32
540747944.420617, 16
540748112.018494, 190
540748535.474673, 32
540749151.285236, 79
540749954.471584, 16
540750258.803959, 8
540750473.349815, 48
540751392.279869, 16
540751767.256427, 173
540752108.852286, 8
540752384.217456, 32
540753319.362774, 82
540753343.435161, 69
540753975.238221, 84
540754081.938552, 85
540754183.059666, 82
540754286.571318, 78
540754414.854459, 32
540754870.889312, 69
540755188.375333, 8
540755274.210542, 84
540755438.453288, 82
540755502.813605, 85
540755654.774917, 69
540755823.514936, 76
540756080.632453, 13
540756410.686761, 8
540756690.287874, 8
540756850.398154, 8
540757002.146962, 8
540757228.343396, 8
540757478.257673, 8
540757706.741444, 80
540758149.523889, 8
540758344.840299, 59
540758686.751032, 13
540759031.841011, 69
540759166.687658, 76
540759238.89927, 83
540759288.258039, 69
540759415.701148, 32
540759574.617963, 82
540759622.854008, 69
540760078.887474, 84
540760254.431802, 85
540760361.196217, 82
540760473.055194, 78
540760583.135069, 32
540760830.383606, 70
540760918.618509, 65
540761015.835753, 76
540761097.34569, 83
540761159.190351, 69
540761591.198592, 59
new stimulus
540795871.846137, 73
540795942.482552, 78
540796079.766622, 84
540796182.155551, 32
540797190.956736, 77
540797318.644531, 79
540797470.15004, 68
540797630.036996, 69
540797998.460867, 16
540798365.897118, 61
540798603.219527, 76
540798911.274062, 61
540799403.730426, 8
540799650.507902, 8
540799922.710748, 8
540800354.914848, 8
540800858.293005, 8
540800889.232952, 8
540800921.952834, 8
540800953.451229, 8
540800984.50159, 8
540801013.978973, 8
540801045.022953, 8
540801072.937901, 8
540801104.001023, 8
540801150.250178, 8
540801181.237842, 8
540801212.414429, 8
540801245.015297, 8
540801275.155716, 8
540801306.377801, 8
540801337.515549, 8
540801368.719601, 8
540807615.352541, 73
540807686.495804, 70
540807886.925918, 16
540808038.565976, 57
540815843.674021, 77
540815920.428682, 79
540816009.267807, 68
540816207.236641, 69
540816304.222238, 76
540816798.800597, 16
540816976.568178, 89
540817414.493257, 69
540817478.656882, 65
540817558.263709, 82
540820750.035232, 32
540822414.529876, 173
540822591.453265, 173
540822878.021532, 61
540823030.659751, 61
540823171.037899, 8
540823298.79921, 8
540823417.976556, 8
540823529.616093, 8
540823910.539728, 173
540824110.643317, 173
540824363.280205, 8
540824505.940696, 8
540824966.497791, 61
540825478.719856, 61
540826630.263372, 32
540827598.511413, 49
540827982.210369, 57
540828133.724478, 57
540828333.812254, 57
540828718.218634, 32
540829429.971137, 16
540829934.475624, 16
540829973.878303, 16
540829993.888134, 16
540830025.334098, 16
540830056.076799, 16
540830088.078437, 16
540830119.6018, 16
540830150.356708, 16
540830180.917143, 16
540830228.208847, 16
540830259.265033, 16
540830290.472414, 16
540830323.210606, 16
540830353.373219, 16
540830384.080687, 16
540830415.331901, 16
540830446.650805, 16
540830493.294176, 16
540830524.312911, 16
540830556.581428, 16
540830587.136037, 16
540830618.040752, 16
540830649.085841, 16
540830680.296552, 16
540830711.57412, 16
540830742.89358, 16
540830789.624061, 16
540830820.717144, 16
540830852.583678, 16
540830883.421257, 16
540830914.971531, 16
540830947.269732, 16
540830978.77645, 16
540831010.150284, 16
540831042.236813, 16
540831087.930848, 16
540831118.883834, 16
540831148.668323, 16
540831179.765013, 16
540831210.913858, 16
540831243.265879, 16
540831274.613358, 16
540831305.445388, 16
540831351.101972, 16
540831382.607858, 16
540831424.521476, 16
540831444.620915, 16
540831475.872406, 16
540831507.164955, 16
540831538.331278, 16
540831572.075953, 16
540831602.339547, 16
540831647.510644, 16
540831678.647283, 16
540831710.507991, 16
540831741.791108, 16
540831772.289123, 16
540831803.368891, 16
540831834.639524, 16
540831865.757021, 16
540831903.153113, 16
540831947.119369, 16
540831976.663333, 16
540832007.622145, 16
540832037.531473, 16
540832069.295084, 16
540832100.207289, 16
540832130.99077, 16
540832163.25041, 16
540832209.488468, 16
540834166.358636, 16
540834565.859778, 57
540834738.237621, 57
540835114.613491, 61
540835499.739224, 8
540835627.15043, 8
540835787.834972, 8
540836901.603716, 8
540837194.253609, 16
540837474.617075, 173
540837989.29626, 8
540838249.598294, 8
540838447.646192, 61
540839123.508445, 8
540839325.944868, 48
540839899.197642, 8
540840054.616454, 57
540840637.789253, 16
540840781.848778, 173
540841314.95372, 8
540841645.644155, 16
540841734.159807, 173
540842146.847053, 8
540842429.275087, 48
540843462.333145, 80
540844098.882603, 8
540844341.492104, 16
540844655.391346, 59
540845259.094419, 8
540845565.322968, 16
540845678.284416, 80
540846026.685416, 8
540846301.56815, 219
540846775.428976, 13
540847135.617045, 67
540847333.383361, 79
540847517.221194, 85
540847653.246326, 84
540847725.845496, 32
540847917.364288, 16
540848021.990618, 188
540848141.245088, 188
540848693.65327, 32
new stimulus
540867847.236663, 70
540867925.588715, 79
540868047.757494, 82
540868333.77397, 16
540868725.685147, 48
540869634.766472, 8
540870229.73605, 16
540870348.933648, 57
540873330.148908, 8
540873440.633263, 8
540873560.852604, 8
540873720.997007, 8
540874160.360236, 87
540874341.312057, 72
540874758.003599, 73
540874829.409026, 76
540874966.320241, 69
540875733.609127, 16
540875918.047021, 57
540876526.280936, 32
540876708.973297, 84
540876781.41073, 79
540876898.109596, 84
540876973.431655, 65
540877061.389968, 76
540877349.158914, 32
540878029.680455, 16
540878477.37159, 16
540878573.04443, 188
540880493.487261, 173
540881138.794072, 8
540881253.530461, 61
540881661.357565, 32
540881905.722032, 49
540882029.286239, 48
540882557.21367, 48
540882857.426619, 16
540883005.169188, 48
540883589.926616, 80
540884081.083263, 8
540884325.788125, 59
540884885.226714, 8
540885165.329959, 16
540885253.599539, 80
540885610.534845, 8
540885829.062804, 219
540886309.686602, 13
540890630.414844, 67
540890772.803462, 73
540890877.44949, 78
540891921.064254, 32
540892149.142435, 16
540892284.855469, 190
540892428.909723, 190
540892837.463671, 32
540893052.953037, 73
540893173.182364, 78
540894349.50902, 76
540895170.992956, 8
540895389.313404, 59
540896205.715263, 13
540898582.104172, 84
540898653.53096, 79
540898741.049839, 65
540898829.076398, 76
540898997.097342, 32
540899213.057769, 16
540899625.657904, 8
540899712.439952, 8
540899840.625163, 8
540900637.924634, 84
540900733.321718, 65
540900820.897191, 76
540900989.160878, 32
540901357.173333, 16
540901581.548498, 173
540902074.229296, 8
540902276.884882, 16
540902365.388328, 61
540902861.114933, 173
540903155.594419, 8
540903509.686991, 173
540903833.82779, 8
540904215.379784, 48
540904699.109866, 8
540904915.701148, 61
540905306.638854, 8
540905773.545841, 61
540906221.085227, 32
540906981.548165, 73
540907077.279264, 78
540907382.395354, 59
540913560.49473, 13
new stimulus
540932846.31507, 73
540932901.94106, 70
540934741.398835, 32
540935629.172552, 79
540935725.349467, 78
540936197.09024, 16
540936264.089387, 79
540936581.361516, 70
540936748.549642, 70
540937316.953094, 16
540937356.720582, 83
540937581.471375, 87
540938055.559131, 84
540938182.32561, 73
540938713.727186, 8
540938860.890499, 8
540939053.351413, 73
540939172.679954, 84
540939660.889279, 67
540939768.530899, 72
540939940.958956, 32
540940493.184872, 61
540940684.435675, 61
540941020.625984, 32
540944124.957693, 70
540944212.77147, 65
540944404.939427, 76
540944518.168587, 83
540944646.381818, 69
540944900.609161, 16
540945068.930275, 80
540945625.738633, 8
540945956.495649, 16
540946463.546862, 16
540946494.536745, 16
540946525.480021, 16
540946556.058211, 16
540946587.210663, 16
540946618.41638, 16
540946649.763304, 16
540946680.721838, 16
540946712.557024, 16
540946758.863327, 16
540946790.463814, 16
540946821.300284, 16
540946852.292663, 16
540946883.503096, 16
540946914.788155, 16
540946945.884013, 16
540946977.494487, 16
540947024.048528, 16
540947055.591589, 16
540947086.992888, 16
540947118.119262, 16
540947148.800098, 16
540947180.043266, 16
540947212.058775, 16
540947244.217156, 16
540947274.368395, 16
540947321.169618, 16
540947352.286005, 16
540947383.128855, 16
540947414.316539, 16
540947446.241332, 16
540947477.278654, 16
540947508.206394, 16
540947516.159503, 219
540948657.141042, 8
540949548.800597, 16
540950051.100141, 16
540950081.577904, 16
540950112.66322, 16
540950143.880034, 16
540950175.707729, 16
540950206.362764, 16
540950237.88696, 16
540950269.230278, 16
540950300.376904, 16
540950346.819144, 16
540950378.075629, 16
540950410.464824, 16
540950411.179738, 219
540951115.992551, 13
540952221.57321, 82
540952276.755881, 69
540952460.423655, 84
540952516.794798, 85
540952692.351332, 82
540952780.842849, 78
540952893.763517, 32
540953298.3226, 8
540953512.648461, 8
540953601.823267, 8
540953729.655043, 8
540953863.980138, 8
540954000.544022, 8
540954160.168261, 8
540954565.126831, 73
540954660.7428, 84
540954997.044632, 83
540955252.360299, 86
540955390.00668, 65
540955500.598674, 76
540955732.200382, 85
540955813.263116, 69
540956052.262535, 32
540956300.229316, 61
540956676.347739, 32
540956884.508193, 84
540957044.410408, 82
540957158.029899, 85
540957356.303896, 69
540958372.971358, 76
540959009.831805, 8
540959460.650308, 59
540960502.65603, 40
540960852.137308, 16
540961557.506627, 13
540961905.737568, 13
540962973.122607, 73
540963070.004449, 70
540963164.526547, 32
540963628.510348, 79
540963740.609849, 78
540963820.395058, 32
540964410.210429, 8
540964724.212318, 16
540964756.606507, 79
540964940.171357, 70
540965084.344348, 70
540965372.147139, 16
540965396.188455, 83
540965604.519523, 87
540966140.772085, 73
540966229.455855, 84
540966444.503011, 67
540966500.809792, 72
540966604.038752, 32
540966868.258805, 61
540967060.306361, 61
540967356.328863, 32
540968068.741351, 84
540968236.166395, 82
540968325.84888, 85
540968424.429095, 69
540968735.536371, 16
540969239.188898, 16
540969269.977928, 16
540969300.889856, 16
540969332.013456, 16
540969362.950074, 16
540969394.179371, 16
540969425.601199, 16
540969456.943129, 16
540969487.732992, 16
540969535.15758, 16
540969565.972965, 16
540969580.483478, 61
540970173.312752, 8
540970360.274902, 16
540970468.794283, 80
540970977.363544, 8
540971228.393054, 16
540971605.139004, 173
540972133.70173, 8
540972404.739407, 16
540972558.997211, 219
540973222.146085, 13
540973916.621354, 73
540973989.692695, 84
540974095.570194, 83
540974332.60464, 86
540974365.089546, 65
540974484.635862, 76
540974636.6546, 69
540974674.818316, 85
540974884.475457, 32
540975593.491755, 8
540975720.027142, 8
540975831.965184, 8
540976053.155277, 85
540976181.599321, 69
540976276.371098, 32
540976676.328597, 61
540977220.518733, 32
540977644.382166, 70
540977732.707785, 65
540977812.150934, 76
540977907.458966, 83
540977988.511435, 69
540978125.667614, 76
540978617.113333, 8
540978788.541563, 59
new stimulus
540992157.444263, 83
540992347.935487, 84
540992668.141345, 82
540992796.155109, 73
540992876.386412, 78
540992942.946401, 71
540993124.03499, 32
540994188.462165, 67
540994260.40357, 79
540994339.953249, 85
540994700.157963, 78
540994843.923977, 84
540995436.311597, 68
540995612.043184, 79
540995668.392133, 87
540995805.516963, 78
540996043.982069, 16
540996212.346738, 57
540996948.669876, 73
540997028.37935, 78
540997148.12319, 84
540997237.486087, 32
540997372.093597, 78
540997756.549635, 16
540997876.962615, 48
540998292.580815, 16
540998460.957691, 80
540999778.219555, 8
541000067.939604, 16
541000261.049683, 173
541000809.145631, 8
541001012.127187, 16
541001132.246933, 61
541001859.521426, 8
541002203.849329, 16
541002396.582671, 173
541002788.268303, 8
541003020.60379, 16
541003364.270321, 219
541004003.18951, 13
541011069.154986, 67
541011140.112655, 79
541011203.803554, 85
541011379.671078, 84
541011483.868238, 32
541011788.152341, 16
541011819.744228, 188
541012011.897205, 188
541013292.12529, 32
541013459.770606, 78
541014017.058348, 8
541014111.592375, 8
541014455.800432, 8
541014575.739577, 8
541014697.133795, 8
541014825.079592, 8
541014952.088259, 8
541015119.478903, 8
541015735.520281, 8
541016404.91335, 70
541016501.454241, 79
541016667.671393, 82
541016813.449265, 32
541017548.117031, 16
541017652.148571, 57
541018132.670833, 32
541018379.743207, 73
541018467.97922, 78
541018929.373572, 8
541019176.421811, 8
541019917.97295, 65
541020020.0778, 85
541020155.952847, 84
541020231.435532, 79
541020524.164213, 16
541020836.056314, 32
541021179.878201, 73
541021443.800858, 16
541021532.067109, 76
541022145.286004, 8
541022403.680768, 16
541022740.670882, 59
541023209.613863, 78
541023531.733094, 16
541023636.25123, 48
541024292.304226, 16
541024484.509358, 80
541025035.936856, 8
541025324.095856, 61
541025824.872358, 8
541026019.799824, 16
541026476.459706, 80
541026946.987872, 8
541027099.692395, 16
541027203.824916, 219
541027844.394761, 13
541030788.557931, 67
541030860.310966, 79
541030939.577676, 85
541031067.598931, 84
541031187.356087, 32
541031379.552342, 16
541031619.718872, 188
541031779.676016, 188
541032195.866813, 32
541032707.860284, 78
541032987.630068, 32
541033267.628171, 16
541033636.014867, 59
541034601.021797, 8
541034747.461874, 16
541035476.046349, 16
541035508.269924, 32
541036089.463045, 8
541036347.78235, 222
541037236.569765, 32
541037419.463256, 222
541038196.472701, 76
541038370.62493, 13
541039492.476893, 78
541039867.703408, 32
541040592.867003, 8
541041484.647236, 32
541041851.68733, 173
541042296.448898, 8
541042491.851031, 61
541042915.756632, 32
541043131.703743, 78
541043619.488335, 48
541043851.651266, 49
541044433.092124, 8
541044553.350581, 8
new stimulus
541066262.457318, 70
541066366.171765, 79
541066469.097227, 82
541066776.190774, 8
541066910.816872, 8
541067062.898862, 8
541067155.628541, 8
541067363.375638, 8
541069420.216455, 70
541069540.951798, 79
541069651.337391, 82
541069827.313387, 16
541070035.501305, 57
541070740.184007, 32
541070931.13686, 73
541071020.48117, 78
541071123.689878, 84
541071227.491158, 32
541071348.874558, 73
541071867.697859, 32
541072084.271386, 61
541072379.477715, 49
541073369.784621, 8
541073620.159139, 173
541074136.786375, 8
541074315.911655, 173
541074826.338529, 8
541075044.119948, 173
541075336.413077, 8
541075477.533604, 48
541076139.41827, 59
541076611.631769, 32
541076899.262004, 73
541077051.58646, 32
541077219.276996, 16
541077298.952624, 188
541077483.675985, 32
541079157.292236, 88
541079763.490435, 76
541080424.692645, 8
541080587.939449, 59
541081043.502131, 32
541081875.398792, 16
541082003.085477, 173
541082171.888472, 173
541082661.667722, 8
541082800.692609, 8
541082995.093252, 16
541083147.698458, 61
541083300.237084, 61
541083723.256047, 49
541084145.03688, 8
541084387.841963, 73
541084787.131709, 16
541084923.313862, 48
541085328.201412, 16
541085451.893787, 59
541085651.160952, 80
541086155.642135, 16
541086162.21341, 8
541086247.659952, 8
541086667.712174, 16
541086699.316267, 80
541087024.50766, 8
541087227.670095, 173
541087832.755557, 8
541088035.269658, 219
541088547.887049, 13
541093932.150835, 83
541094275.437576, 173
541094920.179558, 8
541095107.665756, 80
541095776.201871, 8
541095934.493379, 8
541100091.992294, 83
541100362.983087, 84
541100539.027328, 82
541100603.524413, 79
541100674.801949, 78
541100796.538505, 71
541100938.821981, 32
541101311.985314, 8
541101534.662661, 8
541101631.301482, 8
541101783.530228, 8
541103187.705361, 73
541103275.156271, 78
541103370.787776, 71
541103538.845894, 32
541104427.289584, 78
541104467.166098, 69
541104548.821681, 87
541104738.782753, 32
541104995.009748, 61
541105667.560147, 32
541106371.214727, 83
541106706.923432, 32
541106850.915545, 16
541107018.998354, 173
541107600.203405, 8
541107850.681124, 16
541108155.607735, 61
541108843.386058, 32
new stimulus
541121940.370545, 66
541122154.787678, 79
541122290.987308, 79
541122563.922268, 76
541122762.757765, 32
541123088.931229, 8
541123460.770709, 32
541123699.532378, 73
541123962.863296, 83
541124971.244744, 16
541125147.131964, 173
541125674.821923, 83
541126747.137013, 79
541127050.998327, 82
541127378.818563, 84
541127459.056524, 69
541127979.255279, 68
541128675.100176, 16
541128859.293108, 48
541129624.407012, 8
541129899.19792, 16
541130035.057154, 57
541131004.911186, 86
541131218.693302, 69
541131299.085786, 67
541131436.112963, 79
541131548.271555, 84
541131682.705399, 32
541131764.573209, 82
541132040.047405, 8
541132182.896543, 8
541132326.706944, 8
541132526.528118, 8
541132755.445777, 84
541132970.974813, 82
541133215.761515, 8
541133366.643936, 8
541134998.385963, 8
541135134.633587, 8
541135334.64535, 8
541137123.663523, 65
541137346.621343, 173
541137872.164894, 8
541138356.106372, 61
541138952.229189, 8
541139187.475933, 173
541139620.275656, 8
541139799.85452, 48
541140288.33211, 8
541140884.741227, 221
541141512.386299, 8
541141954.832787, 219
541142374.643375, 8
541142803.961462, 80
541142810.470872, 219
541143246.829908, 8
541143614.782718, 8
541143767.938883, 219
541144303.386923, 73
541144379.196133, 78
541144466.511384, 84
541147227.091672, 8
541147368.518471, 8
541147519.129019, 8
541147680.019963, 8
541148214.774173, 8
541150171.394385, 73
541150250.71103, 78
541150363.72824, 84
541150476.129575, 32
541150666.488747, 65
541150922.613373, 80
541151383.850982, 8
541151538.537125, 219
541151734.37037, 8
541152314.7537, 219
541152682.431307, 221
541153299.526608, 16
541153438.388094, 48
541153875.717272, 16
541154474.486965, 16
541154986.908774, 16
541155028.199303, 16
541155048.599467, 16
541155080.076779, 16
541155110.943487, 16
541155141.962776, 16
541155173.201506, 16
541155186.033898, 219
541155746.81576, 13
541161003.887779, 73
541161130.368237, 70
541164570.896913, 32
541166386.77722, 65
541166658.198016, 219
541167275.329104, 49
541167778.395717, 221
541168347.508258, 32
541168682.454888, 16
541168820.999836, 188
541169266.626681, 32
541169819.025985, 65
541170786.647054, 173
541171279.640784, 8
541171714.956716, 61
541172279.641893, 8
541172514.36126, 219
541172997.174743, 50
541173594.927687, 16
541174170.774349, 221
541175075.170863, 32
new stimulus
541185003.712727, 73
541185074.455394, 78
541185178.082454, 84
541185338.318128, 32
541185570.123186, 83
541185683.97682, 69
541185818.10245, 67
541185978.168066, 79
541186050.554731, 78
541186170.134338, 68
541186578.077959, 16
541186762.338859, 71
541187050.149973, 82
541187146.648697, 69
541187275.433692, 65
541187370.479838, 84
541187466.413455, 69
541187570.067979, 83
541187691.422804, 84
541188258.51988, 16
541188450.479494, 173
541188975.55143, 8
541189482.29637, 16
541189890.877782, 48
541190639.747569, 8
541190858.054145, 16
541191365.547568, 16
541191396.21481, 16
541191427.204971, 16
541191458.390435, 16
541191489.319008, 16
541191521.793094, 16
541191552.235903, 16
541191583.725144, 16
541191614.522497, 16
541191661.430527, 16
541191692.506133, 16
541191724.169317, 16
541191755.028535, 16
541191786.094432, 16
541191809.82781, 57
541198659.235294, 65
541199607.724847, 8
541199995.296879, 73
541200090.197102, 78
541200170.062763, 84
541200291.116309, 32
541200387.723504, 65
541201003.048858, 173
541201402.230687, 61
541201615.450748, 8
541201734.119581, 8
541202194.871149, 61
541202511.232781, 8
541202834.782673, 80
541202844.166166, 219
541203239.941264, 8
541203510.495396, 8
541203746.119155, 219
541204842.466129, 221
541205362.179953, 16
541205506.120465, 48
541206098.223173, 16
541206178.553792, 80
541206512.6443, 13
541206790.929327, 8
541207342.169843, 8
541207538.797623, 16
541207673.961085, 219
541208192.616547, 13
541211675.137073, 70
541211746.73725, 79
541211873.846899, 82
541212065.871984, 16
541212567.959023, 16
541212570.716867, 57
541213547.09307, 65
541213699.459972, 85
541213849.698221, 84
541213955.477513, 79
541214129.997048, 32
541217266.182529, 79
541217681.934446, 59
541217911.243545, 8
541218037.581131, 8
541218166.046537, 8
541218270.042844, 8
541218365.755634, 8
541218800.063141, 8
541219642.899073, 85
541219649.69811, 73
541219793.899398, 84
541220183.313784, 8
541220397.60469, 8
541220610.216921, 84
541220642.108422, 79
541221218.412551, 32
541221658.021854, 73
541222002.021013, 16
541222155.816633, 59
541223058.166335, 65
541223257.655991, 190
541223538.332388, 83
541223667.593715, 73
541223772.348214, 90
541223866.000597, 69
541224003.057458, 16
541224515.258162, 16
541224545.88823, 16
541224576.934707, 16
541224608.194521, 16
541224639.378044, 16
541224670.525779, 16
541224702.836464, 16
541224734.260511, 16
541224764.073851, 16
541224811.111715, 16
541224825.830848, 56
541225042.035405, 57
541225426.628489, 61
541225561.704564, 61
541225721.542417, 61
541226095.273631, 8
541226262.197652, 8
541226389.882395, 8
541226519.440841, 8
541226646.772704, 8
541227346.093133, 48
541228533.960508, 8
541229505.982309, 16
541229945.94033, 48
541230274.267414, 173
541230953.954471, 61
541231103.42898, 8
541231253.696081, 8
541231541.668377, 8
541231873.864931, 57
541232353.679492, 48
541232738.257318, 48
541233873.945106, 59
541234519.763759, 8
541234769.918005, 219
541235313.377691, 13
541238306.324813, 73
541238387.27103, 70
541238577.531995, 32
