new stimulus
541340741.794437, 70
541340769.475241, 69
541340989.487958, 86
541341195.257041, 69
541341345.275296, 82
541341739.999522, 32
541342819.740344, 61
541343217.73925, 32
541343660.132751, 84
541344166.593612, 82
541344251.880083, 85
541344361.967448, 69
541344602.735705, 76
541344977.011497, 8
541345187.569147, 59
new stimulus
541373787.162225, 73
541373877.91306, 70
541374103.873964, 16
541374299.891694, 57
541375188.47354, 65
541375300.045663, 71
541375337.24118, 69
541375488.064233, 32
541375771.698494, 16
541376278.719745, 16
541376310.712228, 16
541376338.488465, 16
541376369.220624, 16
541376377.98519, 190
541376657.416798, 61
541377345.771602, 32
541378346.675995, 53
541378874.112946, 8
541379058.164115, 53
541379544.088876, 8
541379651.238907, 54
541379953.796064, 53
541380089.006965, 16
541380346.100623, 48
541380712.954568, 16
541381067.694918, 219
541381650.438547, 13
541382002.566977, 82
541382089.673608, 69
541382226.579552, 84
541382297.472582, 85
541382433.606186, 82
541382522.01198, 78
541382625.550542, 32
541382777.853359, 84
541382945.117221, 82
541383009.806004, 85
541383117.574129, 69
541384241.843541, 59
541385289.675384, 40
541385759.606539, 37
541385902.429321, 37
541386782.717661, 40
541389104.859641, 38
541389623.925964, 40
541390246.670391, 38
541391168.910911, 40
541391797.297252, 38
541392206.434616, 40
541393702.460559, 39
541395101.404083, 38
541395342.827332, 38
541396331.544059, 39
541396846.364451, 39
new stimulus
541410365.961203, 68
541411055.330536, 8
541416566.747248, 65
541417128.369695, 8
541417626.329818, 16
541417835.436, 52
541418254.688972, 8
541418476.927716, 16
541418594.042436, 53
541418918.391578, 8
541419176.931988, 16
541419218.567352, 54
541419439.774645, 54
541419670.355998, 8
541419868.657736, 8
541420057.549627, 16
541420154.109106, 55
541420605.93548, 8
541420810.579621, 16
541420901.540464, 56
541423121.175333, 65
541423218.197827, 32
541423834.191766, 61
541423929.067576, 61
541424427.291803, 8
541426638.006196, 8
541426869.539381, 8
541427116.781537, 8
541427633.711717, 84
541427688.765387, 69
541427852.245502, 77
541427921.333352, 80
541428280.870869, 32
541428624.817318, 16
541429497.039639, 61
541429855.843931, 8
541430155.420753, 61
541430932.04375, 32
541431184.848755, 16
541431400.712639, 53
541431664.130112, 8
541431880.877582, 16
541432033.099948, 55
541432432.501772, 8
new stimulus
541447218.166201, 32
541447672.708806, 88
541447818.361284, 32
541448104.841054, 16
541448415.329681, 54
541448983.030981, 8
541449265.445421, 16
541449353.237282, 53
541450248.616223, 32
541450497.125084, 51
541465456.938136, 32
541465936.653657, 61
541466112.193546, 61
541466368.133965, 32
541466600.347941, 49
new stimulus
541481282.441905, 88
541482390.100448, 8
541483256.859515, 16
541483458.379061, 53
541483813.709764, 8
541484041.444498, 16
541484144.708136, 54
541484596.796396, 8
541484800.127225, 16
541484904.75522, 55
541485271.741494, 8
541485455.900303, 16
541486080.174153, 16
541486361.048907, 55
541487560.382097, 67
541487713.789051, 32
541488018.124755, 16
541488310.901984, 8
541488468.924948, 8
541488849.12923, 88
541489120.355831, 32
541489343.583859, 16
541489520.429847, 173
541489981.38837, 8
541490199.65805, 16
541490224.041426, 61
541490640.217797, 173
541490996.858483, 8
541491160.402404, 61
541491568.03254, 32
541491871.797866, 49
541492255.89076, 76
541492813.381297, 8
541493072.261548, 59
541495619.288037, 37
541495769.521848, 37
541495929.477882, 37
541496089.520749, 37
541496505.743727, 37
541496721.811238, 37
541496945.584121, 37
541498115.02019, 220
541498678.604838, 8
541498824.368284, 8
new stimulus
541522252.070394, 67
541523058.343329, 65
541523152.83824, 83
541523280.696094, 69
541523527.494931, 32
541523847.489671, 16
541524279.670745, 59
541525280.948824, 8
541525699.425571, 8
541526216.774934, 32
541526519.341246, 16
541527032.907972, 16
541527063.279206, 16
541527094.057694, 16
541527125.531122, 16
541527156.563728, 16
541527187.806897, 16
541527219.105827, 16
541527250.715469, 16
541527281.568861, 16
541527328.68357, 16
541527359.937835, 16
541527391.108319, 16
541527421.937853, 16
541527452.98322, 16
541527485.198472, 16
541527517.116606, 16
541527548.184999, 16
541527568.2714, 13
541528349.436335, 8
541528911.431082, 16
541529071.147702, 222
541530007.756417, 67
541530155.753936, 79
541530503.512706, 87
541530919.538715, 16
541531311.618008, 222
541531823.41451, 16
541532184.278932, 222
541532716.46672, 8
541532984.007226, 59
541533671.02264, 13
541534648.193932, 67
541534711.609353, 79
541534807.101037, 85
541534975.751173, 84
541535047.582996, 32
541535295.424382, 16
541535472.522546, 188
541535615.50318, 188
541535799.177057, 32
541535999.456254, 16
541536143.690278, 222
541536719.59603, 16
541536832.106392, 77
541537319.425194, 79
541537448.014053, 79
541537879.592845, 16
541538199.714644, 49
new stimulus
541561121.709646, 75
541561551.535137, 16
541561943.529262, 173
541562263.226052, 49
541562701.187473, 8
541562844.147024, 8
541563039.175471, 16
541563367.847944, 48
541563829.985507, 8
541564184.417088, 16
541564206.804974, 173
541564742.532932, 8
541564911.038254, 16
541564968.298809, 61
541565447.373487, 49
new stimulus
541588937.819935, 73
541588976.175905, 78
541589255.526783, 84
541589328.865003, 32
541589535.623648, 73
541591862.262069, 8
541592105.259682, 8
541592285.486879, 8
541592451.35448, 8
541592955.633147, 8
541599531.637938, 65
541599712.987858, 85
541599910.95364, 84
541600015.286182, 79
541600294.64677, 32
541600647.233223, 16
541600847.28216, 76
541601527.464692, 61
541601820.61644, 8
541601979.31326, 8
541602343.09532, 16
541602848.317773, 16
541602879.288514, 76
541603460.321287, 8
541603734.926045, 16
541603823.208109, 76
541604492.147039, 8
541604790.567015, 16
541604911.164203, 75
541605620.529774, 8
541605990.809315, 16
541606119.549368, 76
541606524.732371, 8
541606726.682198, 16
541606887.617806, 59
541607871.192256, 75
541608188.126208, 8
541608315.009204, 8
541608519.073812, 76
541608782.760939, 16
541608897.377205, 59
541609178.992118, 8
new stimulus
541622095.918635, 73
541622174.873246, 78
541622248.61761, 84
541622302.927791, 32
541622414.664703, 73
541622550.800526, 32
541623078.994836, 61
541623590.817138, 32
541623798.731519, 49
541624105.445, 59
541624748.392067, 8
541624920.520786, 8
541625121.019145, 48
541625830.892397, 59
541626390.955183, 32
541626758.716017, 73
541626872.421509, 32
541627062.620608, 16
541627151.35154, 188
541627896.209816, 32
541628479.404532, 51
541628694.885297, 48
541629100.633685, 8
541629243.090549, 8
541629447.292758, 52
541629592.934139, 173
541629999.083678, 32
541630196.075989, 8
541630290.792281, 8
541630546.98654, 8
541630718.84727, 48
541630979.92969, 8
541631247.004406, 52
541631327.643518, 48
541631759.686713, 16
541632463.329919, 59
541632784.550305, 32
541633055.524731, 16
541633390.783459, 173
541633534.470686, 173
541634003.991258, 8
541634282.962902, 8
541634494.47377, 16
541634664.231648, 173
541634846.425206, 173
541635416.726497, 8
541635538.827585, 8
541635782.587551, 16
541635919.381972, 61
541636222.622695, 61
541636934.980808, 79
541637444.192022, 8
541637905.893479, 73
new stimulus
541661650.221604, 16
541662159.736871, 16
541662175.872517, 173
541663012.34746, 8
541663286.442595, 48
541663503.134581, 48
541664044.486698, 8
541664973.05353, 16
541665168.083641, 48
541665727.171014, 8
541665894.135816, 8
541666710.736586, 16
541666886.313095, 57
541667349.86828, 8
541667870.764472, 61
541668206.454868, 61
541668550.207954, 61
541668799.125457, 61
541669403.1631, 73
new stimulus
541695633.370211, 89
541696263.052109, 32
541698414.345391, 16
541698589.714389, 190
541700374.74713, 32
541700766.142303, 88
541701318.400955, 32
541701685.72929, 16
541702158.517328, 53
541702375.10861, 53
541703182.323668, 32
541704070.541537, 85
541704611.936932, 8
541704870.212959, 89
541705182.107279, 32
541705389.975886, 16
541705566.104186, 190
541705893.784601, 32
541706159.182029, 90
541711091.527891, 37
541711305.409601, 37
541711456.768909, 37
541711640.270785, 37
541711811.00574, 37
new stimulus
541731000.547906, 73
541732230.025123, 219
541733239.397241, 74
541733870.216566, 61
541734523.987496, 8
541735154.355733, 8
541736510.370002, 73
541737203.9234, 8
541740606.803254, 74
541746516.819488, 39
541747390.782349, 32
new stimulus
541760990.75605, 73
541761121.48438, 70
541761288.224471, 32
541761501.138536, 16
541761645.410844, 57
541762814.584473, 65
541763509.530248, 173
541764283.655345, 8
541764854.0443, 48
541765291.282762, 8
541765517.895882, 173
541766004.647636, 8
541769598.331644, 188
541769925.272455, 65
541770021.44715, 84
541770651.744923, 8
541770777.458589, 8
541770883.886492, 8
541771213.893361, 188
541771818.597369, 8
541772053.815261, 190
541772685.484604, 65
541772765.500906, 84
541772965.073233, 16
541773125.1419, 57
541774134.039629, 48
541774853.529407, 16
541774965.026072, 48
541775526.00518, 32
541775886.677071, 61
541776029.125613, 61
541776413.502308, 32
541776693.330351, 65
541776925.866691, 190
541777149.497257, 65
541777254.912573, 84
541777471.015039, 8
541777564.401652, 8
541777801.909656, 8
541778004.631268, 8
541778350.746595, 66
541778733.135846, 190
541778981.07211, 65
541779094.777602, 84
541779341.173624, 16
541779533.528563, 57
541780733.935929, 173
541781365.415793, 61
541781946.868026, 8
541782044.336891, 8
541782226.856973, 8
541782997.421093, 16
541783117.311689, 57
541783605.835054, 57
new stimulus
new stimulus
541833014.867276, 32
541835109.32196, 84
541835436.823716, 82
541835652.599935, 85
541835860.582284, 69
541851946.266577, 8
541852136.641007, 8
541852304.352349, 8
541852496.175749, 8
new stimulus
541865061.836339, 73
541865182.016285, 70
541865364.5974, 32
541865604.727589, 16
541866112.168301, 16
541866142.76813, 16
541866175.97433, 16
541866180.504063, 57
541867653.327056, 78
541867876.086519, 85
541868088.222696, 77
541868381.383599, 49
541868565.39482, 32
541868780.962418, 16
541869045.213819, 16
541869132.63449, 77
541869348.26645, 32
541869657.491979, 8
541869808.203786, 8
541870196.488236, 16
541870316.799403, 188
541870724.541894, 32
541870996.749456, 66
541871003.247214, 78
541871388.399579, 61
541872002.491519, 8
541872232.39097, 8
541872600.474168, 8
541872870.987796, 66
541873501.569094, 61
541873889.982544, 8
541874024.486299, 8
541874316.608815, 66
541875009.974399, 8
541875260.673223, 78
541875729.646166, 85
541878841.322877, 77
541878843.024301, 50
541878843.469561, 16
541878844.440535, 219
541878844.643608, 48
541878845.337715, 16
541878845.594885, 16
541878845.858157, 16
541878846.036539, 16
541879277.540983, 13
541880837.052811, 82
541880940.505095, 69
541881124.012796, 84
541881310.833739, 85
541881421.972808, 82
541881525.97827, 78
541881660.46316, 32
541882356.51529, 78
541882588.213263, 85
541882788.00087, 77
541883108.220321, 49
541884028.659268, 59
541885091.963442, 40
541885408.985892, 37
541885928.661154, 38
541886400.402205, 40
541887277.239149, 16
541887780.297717, 13
new stimulus
541916645.403631, 73
541916733.58721, 78
541917188.515985, 84
541917307.753532, 32
541917648.703555, 65
541918012.127742, 66
541918243.672023, 83
541918348.169908, 79
541918603.781028, 76
541918867.668452, 85
541918981.603372, 84
541919052.057799, 69
541919356.932809, 86
541919435.945123, 65
541919531.787468, 76
541919715.571204, 85
541919811.599144, 69
541919947.772141, 32
541920187.770277, 173
541920491.77585, 32
541920611.955242, 49
541920792.963656, 8
541920887.968744, 8
541921031.618241, 8
541921176.987472, 8
541921749.306169, 32
541922011.869463, 61
