new stimulus
542002654.248926, 37
542002780.389543, 37
542002938.691593, 37
542009137.266314, 67
542009247.157543, 79
542009502.318131, 76
542009845.050862, 76
542009979.433661, 69
542010054.254419, 67
542010276.643248, 84
542010368.20554, 69
542010675.792897, 68
new stimulus
542042758.228588, 67
542042896.234507, 79
542043082.562749, 76
542043221.376519, 76
542043349.734563, 69
542043429.15746, 67
542043692.810742, 84
542043831.609808, 73
542043910.151338, 79
542044119.388186, 78
new stimulus
542075904.012286, 78
542076019.493828, 65
542076412.002015, 82
542077259.728604, 82
542077435.638296, 79
542077571.845694, 87
new stimulus
542108391.286978, 68
542108564.002443, 69
542108619.567955, 76
542108891.055887, 73
542109021.292627, 86
542109211.091408, 69
542109341.10843, 82
542112497.489616, 69
542112497.907689, 68
new stimulus
542150716.187911, 78
542150860.934332, 79
542152054.013618, 8
542152190.709277, 8
542152629.32874, 79
542152691.297964, 82
542152898.268836, 68
542153090.179902, 69
542153147.868517, 82
new stimulus
542179894.005151, 75
542180527.540428, 8
542181050.832152, 68
542181281.647093, 79
542181418.178796, 78
542181531.081709, 65
542181707.356487, 84
542181746.03371, 69
542182122.071403, 68
new stimulus
542217820.446381, 83
542217970.110369, 80
542218153.967621, 82
542218193.820832, 69
542218321.213173, 65
542218513.162523, 68
542218629.199739, 83
new stimulus
542258844.279354, 77
542259106.353554, 79
542259253.408396, 85
542259779.638287, 78
542259898.00917, 84
542259987.028897, 65
542260081.861706, 73
542260147.163868, 78
542260258.926857, 83
542265863.35067, 8
542266036.555783, 8
542266189.797116, 8
542266324.816319, 8
542266485.227324, 8
542266622.616258, 8
542266886.60189, 8
542267167.300204, 8
542267734.255518, 8
542271323.469439, 84
542271465.56843, 69
542271474.03893, 72
542271650.2327, 32
542271777.094058, 77
542271882.624226, 69
542272314.342561, 61
542272648.885821, 61
542273342.759641, 8
542273597.016946, 8
542273732.678379, 8
542273861.136849, 8
542274004.894818, 8
542274149.546083, 8
542274317.054076, 8
542274649.495592, 72
542274780.339053, 69
542274905.122525, 32
542275008.782321, 77
542275106.088894, 69
542275185.600566, 82
new stimulus
542285241.348067, 83
542285432.771148, 69
542285578.065475, 80
542286097.507981, 65
542286211.473694, 82
542286320.666099, 65
542286464.627972, 84
542286704.670773, 73
542286793.986508, 79
542286834.694176, 78
new stimulus
542328514.75603, 77
542328827.17856, 79
542328930.457456, 85
542329170.634251, 78
542329298.761481, 84
542329418.368275, 65
542329490.036697, 73
542329569.224341, 78
542334278.07918, 8
542334663.850472, 8
542334754.232891, 8
542334876.403334, 8
542335012.104439, 8
542335126.724311, 8
542335275.851211, 8
542335456.467907, 8
542335784.850753, 76
542336016.42777, 65
542336192.509462, 69
542336312.562073, 82
542336647.267901, 8
542336948.75227, 8
542337144.489251, 85
542337249.695669, 69
542337296.567634, 82
542337654.225345, 8
542337748.918057, 8
542337876.130907, 8
542338404.160429, 89
542338592.352109, 69
542338680.641941, 82
new stimulus
542355014.937186, 46
542357504.891212, 84
542357560.283335, 65
542357648.175623, 75
542357743.953883, 69
new stimulus
542391145.209991, 67
542391290.522073, 72
542391511.588158, 65
542391599.987571, 78
542391713.018652, 71
542391799.871165, 69
new stimulus
542426280.768778, 69
542426708.404306, 8
542426872.16323, 82
542426943.954549, 69
542427335.401045, 80
542427567.279342, 76
542427655.567509, 65
542427719.403777, 67
542427855.883325, 69
new stimulus
542467280.607041, 76
542467392.599735, 65
542467911.248539, 78
542468364.445374, 8
542468592.583756, 85
542468854.911796, 78
542468990.9938, 67
542469063.257845, 72
new stimulus
542494520.464802, 83
542495183.054673, 84
542495414.590077, 89
542495574.816596, 76
542495663.167184, 69
542495734.927432, 83
542505276.755604, 8
542505437.438759, 8
542505588.751183, 8
542505690.815252, 8
542505834.297186, 8
542506123.286785, 8
542506415.368798, 68
542506686.709141, 69
542506782.914908, 83
542506950.551624, 73
542507078.906339, 71
542507176.144667, 78
542507281.448182, 83
new stimulus
542531999.601345, 67
542532110.74846, 79
542532390.48107, 77
542532527.636693, 77
542532791.779345, 85
542533151.268036, 84
542533230.710353, 69
new stimulus
542564695.555546, 80
542564878.045945, 85
542565286.224265, 76
542565471.708314, 76
