new stimulus
539987801.145915, 83
539987877.004229, 79
539987955.71998, 77
539988037.7093, 69
539988165.225371, 32
539988226.914677, 80
539988398.74933, 69
539988455.255299, 79
539988647.049015, 80
539988877.522729, 76
539989003.540171, 69
539989105.217237, 32
539989257.695107, 80
539989398.823124, 82
539989430.704083, 69
539989711.543327, 70
539989824.074495, 69
539989942.117466, 82
539990047.437627, 32
539990157.806297, 84
539990198.240151, 79
539990319.11365, 32
539990429.738935, 80
539990666.411069, 76
539991192.082511, 8
539991687.279519, 8
539991718.421152, 8
539991755.811695, 8
539991781.130812, 8
539991812.815635, 8
539991842.800144, 8
539991873.851615, 8
539991905.256797, 8
539991937.366075, 8
539991986.040168, 8
539992014.36875, 8
539992045.098967, 8
539992076.414542, 8
539992107.745653, 8
539992138.852608, 8
539992170.68918, 8
539992201.69016, 8
539992248.635088, 8
539992279.540912, 8
539992311.029321, 8
539992342.485826, 8
539992373.132817, 8
539992405.625767, 8
539992432.73009, 8
539992464.682347, 8
539992495.157891, 8
539992542.061205, 8
539992572.728725, 8
539996687.320023, 16
539997190.309513, 16
539997221.000336, 16
539997251.812114, 16
539997283.124638, 16
539997314.142818, 16
539997345.132424, 16
539997376.862744, 16
539997407.917821, 16
539997439.258087, 16
539997486.789482, 16
539997518.332821, 16
539997548.696287, 16
539998222.023465, 16
539998363.532658, 73
539998518.015728, 32
539998709.939555, 87
539998750.034677, 79
539998880.176262, 85
539998991.378583, 76
539999125.925893, 68
539999223.361467, 32
540000069.661557, 80
540000157.897846, 82
540000221.688063, 69
540000397.6144, 70
540000479.296337, 69
540000613.73684, 82
540000734.80176, 32
540000861.756885, 84
540000941.669709, 79
540001029.921256, 32
540001237.307705, 77
540001324.758338, 65
540001432.464875, 75
540001509.619855, 69
540001589.269683, 32
540001741.420196, 80
540001933.303797, 76
540002023.219871, 65
540002157.697826, 78
540002573.42311, 83
540002734.47468, 32
540003005.592255, 70
540003309.918249, 79
540005184.235932, 82
540005510.707901, 32
540006551.636673, 70
540006765.30144, 82
540006861.268347, 69
540006981.61641, 69
540007125.071713, 32
540007189.590437, 84
540007286.206787, 73
540007366.12183, 77
540007445.267029, 69
540007677.748993, 190
540008077.723415, 32
540008098.892312, 16
540008324.949481, 84
540008487.114897, 72
540008686.988227, 69
540008791.112148, 82
540008861.516084, 69
540008981.612249, 32
540009052.93223, 73
540009151.267759, 83
540009221.187595, 32
540009325.16587, 79
540009374.848944, 83
540009549.681687, 32
540009646.68171, 76
540010434.722806, 8
540010544.897559, 8
540010696.187789, 8
540010784.885708, 8
540011022.648106, 83
540011101.942003, 79
540011239.833625, 32
540011501.32524, 76
540011805.48395, 73
540011904.786014, 84
540012089.087695, 84
540012157.635406, 76
540012270.554409, 69
540012333.552033, 32
540012414.654438, 79
540012543.885249, 70
540012661.353127, 73
540013413.766136, 8
540013638.1757, 32
540013839.269683, 73
540014229.802354, 84
540014349.141437, 32
540014428.975195, 87
540014701.045988, 72
540014774.886618, 69
540014886.801079, 78
540014965.587572, 32
540015174.758393, 89
540015263.050722, 79
540015365.392489, 85
540015397.463483, 32
540015478.589468, 70
540015605.123746, 65
540016069.612731, 67
540016629.602278, 84
540016741.02071, 79
540016805.256742, 82
540016877.048616, 32
540016966.365183, 73
540017037.484311, 78
540017122.682007, 32
540017133.061997, 83
540017352.198618, 67
540017407.630967, 72
540017693.631631, 79
540017837.072785, 79
540018038.01807, 32
540018054.003353, 76
540018284.957282, 87
540018391.273662, 79
540018657.389611, 8
540018744.456293, 8
540018856.526942, 8
540018984.672204, 8
540019805.865126, 76
540019965.123169, 32
540020076.993798, 87
540020117.478696, 79
540020279.575035, 82
540020345.334941, 75
540020441.699947, 32
540020903.146177, 84
540021005.360608, 72
540021087.177373, 65
540021117.135249, 84
540021190.947027, 32
540021317.151728, 16
540021366.536019, 73
540021436.890575, 32
540022601.111959, 87
540022602.579794, 65
540022603.554929, 78
540022603.959964, 8
540023269.603132, 8
540023346.454613, 65
540023588.952868, 84
540023896.818201, 8
540024621.46718, 78
540024621.761801, 84
540024622.079726, 32
540024622.544129, 84
540024623.017132, 79
540024623.518987, 32
540025170.542147, 77
540025170.812355, 65
540025897.899866, 88
540025966.656476, 73
540026045.504002, 77
540026165.446476, 73
540026446.196944, 90
540026652.786085, 69
540026781.105845, 32
540026838.608033, 84
540026926.510863, 72
540027029.042386, 69
540027118.589491, 84
540027125.860421, 32
540027222.512836, 73
540027301.553447, 77
540027343.125559, 69
540027440.181622, 32
540027565.091598, 16
540027597.152604, 73
540027686.25528, 32
540029134.506251, 72
540029229.638398, 65
540029326.20398, 86
540029429.323081, 69
540029613.152036, 32
540030342.100211, 84
540030406.066035, 79
540030500.954051, 32
540030581.059404, 77
540030924.974227, 89
540031052.867313, 83
540031109.535852, 69
540031197.120756, 76
540031310.273348, 70
540031373.055416, 32
540031470.232157, 65
540031708.750251, 78
540031732.4717, 68
540031859.078107, 32
540031984.033581, 87
540032022.455854, 73
540032144.213217, 84
540032197.754109, 72
540032269.331537, 32
540032405.073144, 70
540032541.617886, 82
540032691.037188, 73
540032765.523377, 69
540032892.950396, 78
540032982.753005, 68
540033021.43106, 83
540033204.840277, 190
540033428.978246, 32
540040951.205783, 16
540041019.419202, 84
540041209.071227, 72
540041289.358846, 73
540041384.484057, 83
540041482.691695, 32
540041598.111649, 65
540041662.481676, 76
540041781.878463, 83
540041846.192172, 79
540041937.273971, 32
540042543.439988, 65
540042624.409231, 76
540042741.339189, 76
540042925.968227, 79
540042981.861651, 87
540043173.534966, 83
540043253.558758, 32
540043373.123384, 70
540043446.932942, 79
540043535.936024, 82
540043589.536562, 32
540043669.005789, 65
540043733.545597, 32
540043878.772511, 66
540043933.152602, 69
540044101.078114, 84
540044213.227273, 84
540044365.037945, 69
540044413.2063, 82
540044538.282452, 32
540044639.971447, 87
540045511.559861, 65
540045623.541735, 89
540045680.643328, 32
540045797.446504, 84
540045869.859525, 79
540045941.534605, 32
540046031.099464, 83
540046138.17792, 80
540046232.695856, 69
new stimulus
540056491.797489, 16
540056633.641807, 73
540056744.183865, 32
540056887.214436, 68
540056934.455649, 79
540057047.931714, 32
540057181.359907, 78
540057270.154923, 79
540057343.605775, 84
540057477.478674, 32
540057584.620382, 65
540057896.082203, 71
540058111.339367, 82
540058284.919553, 69
540058469.504481, 69
540058910.420437, 190
540059100.923867, 32
540059191.679418, 16
540059317.46244, 73
540059550.084502, 32
540059670.403714, 83
540059741.897915, 80
540059877.34074, 69
540059983.250976, 78
540060125.110829, 68
540060394.379392, 8
540060646.008964, 84
540060758.797024, 32
540060876.988416, 84
540060917.326004, 72
540060980.979452, 73
540061053.085366, 83
540061134.608342, 32
540061486.987839, 80
540061557.879204, 65
540061620.94868, 83
540061748.834276, 84
540061862.922054, 32
540061933.524069, 83
540062023.883185, 85
540062189.094408, 77
540062333.223012, 77
540062389.133636, 69
540062503.054406, 82
540062557.038063, 32
540062677.071531, 83
540062789.05507, 84
540063221.59263, 85
540063406.181164, 68
540063645.125932, 89
540063869.020326, 73
540063941.787335, 78
540063996.961128, 71
540064124.676388, 32
540064245.294937, 65
540064528.96887, 66
540064670.475289, 82
540064790.811423, 79
540064837.331064, 65
540064966.653424, 68
540065021.366421, 32
540065148.886376, 73
540065221.083562, 78
540065279.431608, 32
540065613.248024, 69
540065772.828153, 85
540065853.261141, 82
540066015.561383, 79
540066204.801993, 80
540066318.192889, 69
540066447.75938, 188
540066613.419748, 32
540066702.669734, 65
540066806.634138, 78
540066853.127424, 68
540066908.766729, 32
540067077.555853, 16
540067125.331102, 73
540067181.283339, 32
540067364.548574, 87
540068081.69775, 8
540068265.264265, 8
540068425.786239, 8
540068553.600538, 8
540068982.009239, 32
540069110.58062, 73
540069198.64047, 78
540069229.154298, 32
540069365.524819, 77
540069604.754221, 89
540069701.004098, 32
540070100.939126, 84
540070292.861565, 82
540070437.573031, 65
540070533.151548, 86
540070820.938526, 76
540071234.741005, 8
540071349.391393, 69
540071447.805987, 76
540071558.432381, 83
540071631.656026, 32
540071710.754618, 16
540071780.658919, 73
540071852.975119, 32
540072060.8551, 76
540072173.818491, 69
540072247.166143, 65
540072341.025481, 78
540072404.735523, 82
540072446.176692, 69
540072668.473418, 68
540072790.247981, 32
540073210.939936, 8
540073264.43977, 8
540073536.578809, 8
540073649.000951, 8
540073754.546655, 8
540073880.476154, 8
540074404.908079, 65
540074477.131343, 82
540074612.428245, 78
540074700.453972, 69
540074902.347482, 68
540074991.120026, 32
540075079.720292, 83
540075117.216811, 79
540075198.167466, 32
540075263.810301, 77
540075484.565397, 85
540075644.73033, 67
540075774.503499, 72
540075837.050036, 32
540076052.51915, 77
540076142.154197, 79
540076173.028395, 82
540076268.489563, 69
540076388.610974, 32
540076454.345913, 70
540076612.466529, 82
540076660.929782, 79
540076716.47532, 77
540076788.681938, 32
540076858.698317, 68
540076951.648547, 73
540076974.711398, 79
540077102.814215, 78
540077252.607758, 71
540077817.370058, 8
540077936.295784, 8
540078048.957617, 8
540078224.4165, 8
540078630.744698, 79
540078757.020141, 73
540078798.446885, 78
540078965.63945, 71
540079388.541619, 32
540079568.025327, 84
540079756.758533, 72
540079940.376371, 69
540080054.377317, 32
540080158.525096, 82
540080244.960645, 69
540080423.990769, 83
540080507.662094, 69
540080684.533327, 65
540080757.387447, 82
540080996.349137, 67
540081087.843461, 72
540081157.07668, 32
540081236.931799, 65
540081524.471873, 72
540081615.123113, 69
540081711.172137, 65
540081805.079192, 68
540081868.555368, 32
540081990.296918, 79
540082068.711944, 70
540082140.412547, 32
540082308.40242, 84
540082388.914195, 73
540082455.868955, 77
540082531.554712, 69
540082588.765609, 32
540082700.236751, 65
540082756.723856, 78
540082916.370843, 68
540083068.334929, 32
540083180.307648, 80
540083412.48445, 65
540083644.657923, 86
540083924.269577, 73
540084022.41646, 78
540084166.115061, 71
540084300.404923, 32
540084398.267727, 77
540084668.47314, 89
540084732.538003, 32
540084876.39418, 79
540084996.578565, 87
540085110.566194, 78
540085188.89522, 32
540085380.274191, 80
540085492.972645, 65
540085677.985356, 84
540085830.048759, 72
540086204.597256, 190
540086836.82477, 32
540086993.446203, 8
540087127.992403, 8
540087372.81295, 32
540087478.168343, 84
540087566.256212, 72
540087644.417676, 65
540087758.428609, 78
540087812.742674, 32
540088029.079838, 16
540088076.718318, 73
540088148.964886, 32
540088268.365834, 87
540088340.703395, 79
540088429.956433, 85
540088620.307837, 76
540088734.449713, 68
540088894.136093, 32
540088996.382983, 72
540089060.799893, 65
540089132.344031, 86
540089228.29457, 69
540089365.880196, 32
540089588.33949, 70
540089756.521616, 82
540089812.850591, 79
540089862.178288, 77
540089934.169351, 32
540090000.155355, 65
540090084.703886, 32
540090196.373939, 84
540090268.64159, 79
540090356.434283, 85
540090436.471946, 82
540090548.274329, 32
540090732.346583, 71
540091132.807324, 85
540091228.570326, 73
540091628.534484, 68
540091772.497189, 69
540091884.657445, 188
540092409.790691, 8
540092604.975048, 190
540092828.4436, 32
540092941.347345, 16
540093004.662062, 73
540093117.553878, 32
540093220.216898, 87
540093285.268271, 79
540093356.177946, 85
540093494.039884, 76
540093560.285, 68
540093668.008737, 32
540093716.463668, 84
540093837.555498, 65
540093916.568922, 75
540094012.668436, 69
540094092.580704, 32
540094220.462971, 84
540094227.139666, 72
540094311.525627, 69
540094422.116789, 32
540095012.774688, 76
540095077.151928, 69
540095284.495653, 83
540096028.898127, 83
540096199.942407, 69
540096271.81723, 82
540096367.32556, 32
540096692.299732, 75
540096764.521886, 78
540096844.428051, 79
540096924.313133, 87
540097028.169619, 78
540097092.57044, 32
540097189.706954, 73
540097268.573622, 78
540097325.970946, 70
540097460.271906, 79
540097553.936217, 82
540097580.46822, 77
540097748.356002, 65
540097772.177878, 84
540097847.926887, 73
540097942.014821, 78
540097946.718773, 79
540098047.605189, 32
540098119.520516, 70
540098220.134782, 79
540098692.372694, 82
540098812.322658, 32
540098894.787756, 84
540098935.293739, 72
540099032.009683, 69
540099119.608736, 32
540099181.828194, 67
540099278.008992, 72
540099358.95188, 65
540099461.933658, 78
540099530.415621, 67
540099606.278095, 69
540099726.139007, 32
540099806.309, 84
540099836.625582, 79
540099932.46432, 32
540100037.902385, 84
540100633.857363, 8
540101141.686465, 84
540101268.940373, 65
540101356.56911, 75
540101428.304113, 69
540101565.765732, 32
540101621.996777, 84
540101668.705619, 72
540101716.244505, 73
540101836.809235, 78
540101884.610839, 71
540101956.315325, 83
540102061.736745, 32
540102196.088195, 65
540102276.442118, 84
540102364.095268, 32
540102460.064117, 77
540102724.308028, 89
540102772.656984, 32
540103028.278091, 79
540103100.993223, 87
540103190.512585, 78
540103276.485673, 32
540103542.926482, 82
540103728.112859, 65
540103798.939585, 84
540103909.666961, 69
540103997.855812, 32
540104181.267526, 73
540104193.191086, 87
540104356.907564, 84
540104363.256347, 72
540104462.325654, 32
540104610.056849, 77
540105231.075162, 8
540105337.228973, 8
540105454.461597, 8
540105563.449543, 8
540105691.446107, 8
540105963.56323, 8
540106082.293096, 87
540106405.354727, 73
540106533.728584, 84
540106581.063288, 72
540106658.174158, 32
540106815.466949, 77
540107039.215142, 89
540107116.823428, 32
540107182.598592, 70
540107324.745577, 82
540107438.799232, 73
540107500.731282, 69
540107636.523935, 78
540107750.183652, 68
540107764.699436, 83
540107916.396088, 32
540107998.290253, 65
540108043.772616, 78
540108091.450213, 68
540108197.924723, 32
540108324.669841, 86
540108682.223241, 8
540108775.528015, 68
540108916.313694, 73
540108996.977496, 86
540109100.553233, 69
540109229.994052, 32
540109275.752449, 73
540109525.041696, 78
540109821.447317, 32
540109988.668733, 68
540110164.264661, 69
540110316.593002, 69
540110405.004067, 80
540110500.498803, 32
540110614.163791, 84
540110686.519108, 79
540110799.106038, 87
540110805.518072, 32
540111474.30248, 8
540111609.174649, 8
540112006.5943, 32
540112128.103371, 87
540112220.596688, 72
540112302.515266, 65
540112348.558575, 84
540112382.067164, 32
540112525.634822, 16
540112557.557118, 73
540112629.585632, 32
540112980.834083, 87
new stimulus
540123997.028542, 16
540124056.213012, 65
540124270.388511, 83
540124470.452152, 32
540124559.516266, 83
540124734.956561, 73
540124764.767127, 79
540125275.980767, 8
540125362.159701, 8
540126253.613965, 79
540126352.030778, 77
540126422.34483, 69
540126550.366639, 79
540126621.121791, 78
540126701.00271, 69
540126806.181664, 32
540127036.321917, 87
540127108.579304, 72
540127220.384183, 79
540127309.828642, 32
540127420.232545, 72
540127508.938786, 65
540127572.25378, 83
540127677.50625, 32
540127804.473027, 66
540127892.290133, 69
540128036.321639, 69
540128140.608406, 78
540128220.709598, 32
540128301.757074, 79
540128397.087299, 78
540128444.698593, 32
540128646.212313, 66
540128765.699817, 79
540128900.75453, 84
540128964.737554, 72
540129044.111625, 32
540129157.691168, 83
540129260.102845, 73
540129308.636563, 68
540129500.234975, 69
540129588.840235, 83
540129717.939271, 32
540129876.126745, 79
540129956.360822, 70
540130036.490311, 32
540130188.361462, 84
540130200.725289, 72
540130309.358413, 69
540130484.663604, 32
540130644.354147, 83
540130756.20591, 80
540130854.057894, 69
540130932.841336, 67
540131188.193344, 84
540131396.464766, 82
540131524.095412, 85
540131748.018935, 77
540132012.200704, 188
540132220.235763, 32
540132388.27363, 16
540132452.082988, 87
540132817.320955, 8
540133069.979759, 87
540133166.142803, 72
540133268.007128, 69
540133340.64153, 78
540133406.357604, 32
540133532.245491, 67
540133636.52449, 76
540133700.473668, 65
540133916.712903, 83
540134084.399832, 83
540134259.950818, 69
540134406.225829, 83
540134572.019914, 32
540134660.257036, 87
540134740.538274, 69
540134828.120127, 82
540134932.146396, 69
540134982.210924, 32
540135596.293431, 79
540135788.214761, 80
540135940.339197, 84
540136068.613182, 73
540136188.432204, 79
540136228.501526, 78
540136357.497084, 65
540136420.674477, 76
540136492.473564, 32
540136851.990274, 65
540136989.20693, 78
540137068.509149, 68
540137156.277707, 32
540137284.073973, 87
540137388.258927, 69
540137510.250988, 82
540137621.505742, 69
540137676.047847, 32
540137860.10401, 82
540137927.015769, 69
540138094.158121, 67
540138268.468202, 79
540138324.31058, 82
540138523.869037, 68
540138699.945736, 69
540138899.969705, 68
540138989.033819, 32
540139204.057117, 16
540139259.532745, 73
540139373.977287, 32
540139836.10625, 87
540139949.940465, 69
540139981.869973, 78
540140076.168747, 84
540140183.311287, 32
540140317.587279, 77
540140483.948135, 85
540140563.844036, 67
540140677.975924, 72
540140714.430448, 32
540140988.075884, 76
540141052.252271, 69
540141236.174995, 83
540141421.253455, 83
540141540.038805, 32
540141637.770943, 82
540141993.508345, 8
540142052.870088, 70
540142243.775501, 82
540142292.229322, 69
540142580.801958, 81
540142764.200078, 85
540142837.520265, 69
540142963.885871, 78
540143441.41892, 84
540143619.831505, 76
540143725.819141, 89
540144236.292066, 190
540144427.780897, 32
540144517.658687, 16
540144611.622614, 84
540144774.210265, 72
540144903.026054, 69
540144940.037363, 32
540145091.509858, 80
540145323.852281, 79
540145444.426997, 73
540145491.929264, 78
540145604.899312, 84
540145668.238997, 32
540145716.312473, 79
540145851.959758, 70
540145925.411443, 32
540146075.72848, 67
540146172.084054, 79
540146475.676824, 76
540146875.717549, 76
540146995.967406, 69
540147078.593408, 71
540147189.601257, 69
540147315.758241, 32
540147451.738709, 73
540147587.753576, 83
540147668.19988, 32
540147843.61604, 84
540147892.747046, 79
540147953.311964, 32
540148124.610084, 76
540148388.146294, 69
540148469.318886, 65
540148540.218019, 82
540148635.847305, 78
540148699.999278, 32
540148787.728997, 84
540149003.709398, 69
540149111.192888, 32
540149244.904051, 77
540149300.32031, 65
540149348.449826, 84
540149841.147824, 8
540149912.415372, 8
540150048.418311, 8
540150296.206709, 8
540150439.542998, 8
540150719.947523, 8
540151148.747388, 84
540151236.22493, 72
540151309.216651, 69
540151437.549727, 32
540151595.62984, 77
540151636.238191, 65
540151771.603338, 84
540151859.626014, 69
540151980.521429, 82
540152171.768071, 73
540152315.717738, 65
540152451.666579, 76
540152556.182496, 32
540152669.431908, 65
540152756.066368, 78
540152803.624118, 68
540152909.153177, 32
540153028.145761, 84
540153044.316639, 72
540153167.630612, 69
540153255.544261, 32
540153342.092165, 79
540153462.035749, 78
540153573.623408, 76
540153763.818901, 89
540153852.629175, 32
540154187.657089, 65
540154331.938829, 89
540154403.916853, 32
540154922.968472, 8
540155111.286657, 8
540155239.381151, 8
540155612.633536, 87
540155676.266455, 65
540155757.19242, 89
540155859.679556, 32
540155965.191415, 84
540156019.988747, 79
540156115.941228, 32
540156189.190396, 82
540156244.046542, 69
540156301.3046, 65
540156315.836752, 76
540156413.04817, 76
540156604.078423, 89
540156924.241003, 32
540157075.529846, 77
540157189.285274, 65
540157252.410234, 75
540157323.489414, 69
540157435.677412, 32
540157523.480092, 83
540157587.894506, 85
540157659.845898, 82
540157739.379764, 69
540157829.137431, 32
540158252.106736, 83
540158411.794504, 84
540158509.250607, 85
540158643.552954, 68
540158779.565602, 69
540158869.613729, 78
540158916.283733, 84
540158995.489964, 83
540159094.022462, 32
540159179.757245, 65
540159236.512616, 82
540159307.381233, 69
540159365.443812, 32
540159445.029001, 76
540159565.484427, 69
540159645.750962, 65
540159683.873065, 82
540159771.558119, 78
540159891.666491, 73
540159963.879213, 78
540159995.866702, 71
540160156.403101, 32
540160247.098174, 84
540160276.265955, 79
540160363.566781, 32
540160523.40935, 82
540160643.906944, 69
540160835.709537, 81
540160963.646456, 85
540161011.965451, 73
540161107.578646, 82
540161163.502031, 69
540161339.543775, 32
540161571.490317, 84
540161651.87004, 72
540161779.705145, 69
540161853.473922, 77
540161971.980187, 84
540162020.153258, 79
540162115.473496, 32
540162251.40375, 67
540162316.05314, 79
540162395.627232, 77
540162483.52812, 69
540162605.702169, 32
540162685.709038, 84
540162732.098014, 79
540162837.131321, 32
540162947.617063, 76
540162980.610481, 69
540163061.192444, 67
540163363.448877, 84
540163461.287267, 85
540163557.134605, 82
540163627.815963, 69
540163699.422242, 32
540163826.314671, 65
540163873.712349, 78
540164045.563647, 68
540164213.07164, 32
540164284.51757, 76
540164420.493876, 69
540164525.81043, 65
540164564.313987, 82
540164685.580869, 78
540164740.372931, 32
540164810.936107, 84
540164852.848893, 72
540164941.609786, 69
540165069.691241, 32
540165267.502499, 77
540165292.235981, 65
540165427.598909, 69
540165516.598384, 84
540166281.50977, 8
540166423.543012, 8
540166533.34713, 84
540166613.48189, 69
540166715.992607, 82
540166811.631325, 73
540166908.96786, 65
540166995.980167, 76
540167082.441516, 32
540167171.319204, 87
540167228.156969, 72
540167339.445013, 69
540167404.018112, 78
540167485.450371, 32
540167572.751474, 73
540167651.783762, 84
540167763.922934, 32
540167813.701164, 73
540167915.858169, 83
540167982.301641, 32
540168309.168657, 84
540168630.507503, 65
540168807.575705, 85
540168885.543251, 71
540169092.845919, 72
540169237.883631, 84
540169334.165134, 32
540169396.405398, 73
540169507.827159, 78
540169827.771409, 67
540169947.973272, 76
540170065.61426, 65
540170276.194381, 83
540170899.766078, 83
540171005.239375, 190
540171171.553625, 32
new stimulus
540190282.288491, 16
540190344.958203, 87
540190591.45049, 72
540190741.932315, 69
540190805.154651, 78
540190943.664921, 32
540191188.272964, 79
540191310.02145, 85
540191635.111584, 8
540191778.169064, 8
540192015.859334, 89
540192165.322191, 79
540192254.263962, 85
540192317.889668, 32
540192492.22444, 83
540192580.074837, 80
540192701.845239, 69
540192797.748893, 78
540192923.832084, 68
540193005.756211, 32
540193117.603258, 84
540193179.986117, 73
540193235.674804, 77
540193307.689448, 69
540193403.583393, 32
540193588.069836, 87
540193701.350042, 73
540193787.450189, 84
540193835.971423, 72
540193915.716406, 32
540194412.006453, 79
540194484.192543, 78
540194564.004385, 69
540194702.044704, 32
540194772.542964, 79
540194884.02548, 82
540195163.948956, 32
540195307.361258, 84
540195412.58238, 87
540195533.16958, 79
540195563.913391, 32
540195907.581586, 70
540196123.653259, 82
540196195.966962, 69
540196243.704482, 73
540196452.505778, 78
540196574.558317, 68
540196604.750337, 83
540196669.27461, 32
540197034.643242, 8
540197129.045216, 8
540197479.797083, 8
540197585.235702, 8
540197703.092524, 8
540197831.480252, 8
540198108.622581, 73
540198179.869323, 69
540198293.081838, 78
540198389.549212, 68
540198451.936233, 83
540198523.335001, 32
540198651.391488, 89
540198781.376053, 79
540198868.050461, 85
540198908.360307, 32
540198997.308182, 82
540199059.415285, 69
540199128.773621, 65
540199147.773085, 76
540199259.400137, 76
540199419.363939, 89
540199756.137665, 32
540199907.636793, 71
540200059.590615, 69
540200123.608039, 84
540200187.244009, 32
540200294.697538, 65
540200355.891648, 32
540200467.468487, 67
540200547.777745, 72
540200651.403972, 65
540200715.686057, 78
540200828.724351, 67
540200931.926678, 69
540201053.406343, 32
540201139.470702, 84
540201171.930362, 79
540201261.941038, 32
540201507.364976, 84
540201856.397664, 8
540201932.440462, 71
540202013.026586, 69
540202117.272018, 84
540202213.003117, 32
540202322.949552, 84
540202435.163351, 79
540202875.761659, 32
540202997.038806, 75
540203076.549091, 78
540203163.470682, 79
540203191.462198, 87
540203469.313615, 32
540203659.248332, 84
540203779.014922, 72
540203867.278121, 69
540203989.270182, 77
540204028.493647, 32
540204126.573948, 69
540204315.48304, 88
540204555.247309, 84
540204747.761766, 82
540204803.683209, 69
540204955.301628, 77
540205019.351234, 69
540205589.039423, 76
540205811.231838, 89
540205987.697759, 87
540206141.128293, 69
540206512.758875, 8
540206577.149431, 8
540206742.938244, 8
540207330.360858, 89
540207435.680741, 32
540207603.303031, 87
540207709.06013, 69
540207867.73864, 76
540208651.732439, 76
540208907.389056, 32
540209487.883631, 8
540210021.473505, 32
540210291.317162, 65
540210435.200248, 78
540210547.679538, 68
540210619.311063, 32
540210907.697826, 76
540210987.449745, 69
540211076.792112, 65
540211140.060777, 82
540211250.960986, 78
540211323.745473, 32
540211426.993576, 69
540211587.227031, 86
540211749.380518, 69
540211852.738757, 82
540211932.414662, 89
540212091.892422, 84
540212163.465689, 72
540212244.5287, 73
540212340.377425, 78
540212508.920476, 71
540212637.03217, 32
540212779.142258, 65
540212835.709537, 66
540212995.402577, 79
540213179.187422, 84
540213768.174136, 8
540214043.943508, 85
540214149.083622, 84
540214259.657862, 32
540214324.760557, 84
540214444.640889, 72
540214538.957972, 69
540215059.525143, 77
540215363.255514, 190
540215451.577805, 32
540215564.750093, 16
540215675.560141, 84
540215853.926119, 72
540215907.876208, 73
540215995.104349, 83
540216100.556562, 32
540216219.137175, 65
540216292.336407, 76
540216387.911041, 76
540216603.12354, 79
540216635.600677, 87
540216829.901726, 83
540216910.834904, 32
540217013.805585, 70
540217074.91952, 79
540217195.272854, 82
540217267.340208, 32
540217442.922265, 68
540217603.002307, 69
540217763.05738, 69
540217852.792021, 80
540217964.849632, 69
540218043.36453, 82
540218156.273268, 32
540218283.316614, 67
540218359.176037, 79
540218546.999024, 78
540218698.818574, 78
540218740.850928, 69
540218827.316993, 67
540219059.177812, 84
540219099.213566, 73
540219186.983511, 79
540219211.58605, 78
540219314.993669, 32
540219442.881762, 66
540219643.02197, 89
540219787.222148, 32
540220139.029325, 89
540220258.982619, 79
540220347.313231, 85
540220365.490142, 32
540220462.107324, 68
540220571.263664, 79
540220597.192276, 78
540220794.940004, 84
540220906.949898, 32
540221034.925934, 67
540221210.777922, 72
540221603.220914, 76
540222007.870715, 8
540222123.720117, 65
540222331.035546, 76
540222571.20818, 69
540222692.853465, 78
540223039.749178, 8
540223182.360842, 8
540223387.39365, 76
540223483.052065, 69
540223588.898493, 78
540223684.904517, 71
540223739.221911, 69
540223842.895022, 32
540224027.307672, 89
540224156.965989, 79
540224235.353273, 85
540224275.34242, 82
540224562.888597, 83
540224627.18261, 69
540224693.190254, 76
540224803.296761, 70
540224892.735949, 32
540225002.898218, 84
540225010.650474, 79
540225107.0005, 32
540225334.105211, 66
540225468.619508, 82
540225674.974782, 65
540225858.825099, 78
540225955.264731, 67
540226092.476671, 72
540226147.321166, 32
540226627.009222, 79
540226699.172008, 85
540227275.241439, 84
540227443.921259, 32
540227762.855418, 84
540227835.264831, 79
540227899.024809, 32
540228050.844913, 73
540228115.390547, 78
540228202.9208, 67
540228292.378298, 76
540228442.913665, 85
540228518.281498, 68
540228669.993408, 69
540228774.776204, 32
540228948.507862, 77
540229021.288743, 79
540229059.963746, 82
540229107.685175, 69
540229259.25144, 32
540229443.358371, 68
540229549.091889, 73
540229723.306538, 86
540229938.725716, 69
540230003.591216, 82
540230179.105028, 83
540230403.030215, 73
540230516.73432, 84
540230747.037142, 89
540230860.753731, 32
540230956.837987, 73
540231043.157019, 78
540231122.960538, 32
540231315.273032, 89
540231442.866781, 79
540231539.38853, 85
540231604.774473, 82
540231720.533436, 32
540231816.272025, 76
540231918.612683, 73
540232030.635061, 70
540232119.905854, 69
540232238.786915, 190
540232384.714872, 32
540232439.892826, 16
540232704.510701, 79
540232784.927598, 78
540232953.002362, 67
540233244.371402, 8
540233339.942707, 8
540233472.595785, 8
540233686.80929, 16
540233793.517389, 67
540233919.216906, 79
540234021.411918, 78
540234187.382442, 67
540234434.419862, 69
540234491.561681, 82
540234650.92015, 83
540234864.12523, 8
540234942.555514, 8
540235078.563446, 8
540235190.356952, 8
540235348.530278, 86
540235515.033174, 69
540235595.441748, 82
540235724.958581, 83
540235811.394684, 69
540235930.755684, 76
540236162.994628, 89
540236660.043976, 188
540236971.40759, 32
540237060.600705, 76
540237187.30199, 65
540237234.966271, 82
540237426.814639, 71
540237531.174645, 69
540237644.536967, 32
540237707.07102, 71
540237882.75822, 82
540237923.55716, 79
540237971.25695, 85
540238114.868996, 80
540238236.40137, 83
540238389.543109, 32
540238491.010445, 79
540238590.698124, 70
540238651.807065, 32
540238989.679378, 82
540239302.491685, 8
540239403.737084, 70
540239555.06754, 82
540239636.568045, 73
540239738.786082, 69
540239858.818163, 78
540239972.86849, 68
540240011.226956, 83
540240099.422742, 32
540240210.947149, 67
540240282.993695, 65
540240355.179785, 78
540240434.790774, 32
540240586.721292, 76
540240746.705069, 69
540240876.270727, 65
540241107.249624, 68
540241227.175175, 32
540241339.251928, 84
540241369.143778, 79
540241451.820271, 32
540241580.020185, 76
540241760.629113, 79
540241784.134174, 78
540241903.177803, 69
540241990.731637, 76
540242781.673171, 73
540242933.385913, 69
540242978.844141, 78
540243158.880749, 83
540243275.619287, 83
540243411.561193, 32
new stimulus
540254450.452307, 16
540254607.18443, 84
540254853.236727, 72
540254925.041918, 73
540255061.580279, 83
540255159.782368, 32
540255347.474413, 68
540255531.424047, 69
540255604.823299, 80
540255739.199162, 69
540255870.315882, 78
540255965.013588, 68
540256037.516492, 83
540256106.945848, 32
540256267.437028, 78
540256808.641834, 8
540257020.076412, 79
540257123.365295, 78
540257195.055911, 32
540257290.910462, 84
540257363.507413, 72
540257435.032685, 69
540257731.009968, 32
540257922.948775, 67
540258019.908573, 73
540258162.817355, 84
540258379.020248, 89
540258531.175477, 188
540258675.616457, 32
540258858.941616, 66
540259050.852404, 85
540259148.63531, 84
540259250.871102, 32
540259419.102886, 16
540259491.420751, 73
540259579.835422, 32
540259762.848205, 84
540259836.929636, 73
540260319.73757, 8
540260652.813549, 72
540260739.18862, 73
540260898.671929, 78
540260979.563494, 75
540261114.846525, 32
540261232.607636, 84
540261256.904457, 72
540261364.468122, 65
540261435.418856, 84
540261526.006844, 32
540261667.071609, 70
540261771.455473, 79
540261946.718496, 82
540262053.152225, 32
540262155.108099, 84
540262195.819651, 72
540262315.14736, 69
540262387.268533, 32
540262554.912462, 77
540262635.428676, 79
540262684.877884, 83
540262818.711112, 84
540262891.285869, 32
540263066.875139, 80
540263131.138636, 65
540263152.717562, 82
540263370.927319, 84
540263411.255197, 32
540263661.236332, 67
540263788.558486, 73
540263898.854472, 84
540263996.658739, 73
540264060.535234, 69
540264155.061215, 83
540264260.231014, 32
540264483.031258, 83
540264523.110567, 72
540264644.541961, 79
540264740.989916, 85
540264914.800639, 68
540265984.729631, 8
540266259.449241, 76
540266351.0365, 68
540266499.426015, 32
540266603.181243, 77
540266707.610605, 79
540266757.038451, 68
540267036.731668, 69
540267164.293513, 82
540268020.587422, 78
540268091.70877, 73
540268221.116298, 90
540268323.495794, 69
540268782.601422, 190
540268883.261185, 32
540268994.926244, 16
540269146.694749, 87
540269394.907047, 72
540269427.752322, 73
540269596.24516, 69
540269602.740698, 76
540269797.093347, 32
540269941.460533, 84
540270240.877838, 8
540270743.42068, 8
540270879.565381, 8
540271015.298111, 8
540271315.479433, 76
540271412.476127, 69
540271533.402892, 32
540271676.026208, 84
540271723.500455, 72
540271844.478542, 69
540271891.359663, 32
540272004.49977, 73
540272083.671047, 77
540272204.520411, 80
540272386.531703, 79
540272506.542977, 82
540272654.62289, 84
540272742.164517, 65
540272787.008812, 78
540272890.696904, 84
540272978.930419, 32
540273163.040402, 72
540273253.144568, 73
540273388.643432, 83
540273520.540538, 84
540273618.526793, 79
540273738.584397, 82
540273834.437839, 73
540273978.492648, 67
540274146.794898, 32
540274274.626119, 76
540274402.750297, 65
540274524.417221, 78
540274594.988165, 68
540274778.610719, 77
540274892.591413, 65
540274996.501719, 82
540275068.465872, 75
540275162.938311, 83
540275268.635487, 32
540275397.277056, 83
540275486.038781, 72
540275586.565104, 79
540275692.413475, 85
540275811.108941, 76
540275891.947518, 68
540275994.89656, 32
540276195.874581, 66
540276283.259742, 69
540276386.421289, 32
540276506.530771, 80
540276578.97292, 82
540276658.671019, 69
540276747.898257, 83
540276868.302637, 69
540276962.757599, 82
540277218.800109, 86
540277324.52364, 69
540277531.001812, 68
540277618.986758, 188
540277826.453659, 32
540277978.40637, 79
540278154.591819, 76
540278226.956013, 68
540278651.92164, 66
540279182.628554, 32
540279417.430314, 8
540279527.619493, 8
540279667.602038, 32
540279914.726568, 78
540280186.724122, 85
540280290.892985, 73
540280356.624594, 76
540280935.53343, 8
540281050.165232, 8
540281175.7646, 8
540281318.20787, 8
540281507.822721, 66
540281674.411895, 85
540281794.635951, 73
540281851.023739, 76
540281955.671986, 68
540282076.245593, 73
540282106.941409, 78
540282164.149809, 71
540282250.270208, 83
540282372.080836, 32
540282482.390693, 87
540282530.647822, 73
540282658.345327, 84
540282690.979207, 72
540282756.210349, 32
540282906.797039, 78
540282986.763405, 79
540283060.70668, 32
540283338.598601, 73
540283402.859879, 77
540283546.805384, 80
540283722.890406, 79
540283812.22778, 82
540284010.609139, 84
540284100.663924, 65
540284162.841769, 78
540284242.286582, 84
540284314.389446, 32
540284474.374332, 72
540284554.630047, 73
540284610.992035, 83
540284731.859986, 84
540284828.317374, 79
540284930.333449, 82
540285010.855211, 89
540285156.019428, 32
540285220.264892, 67
540285356.187379, 65
540285418.801607, 78
540285524.070445, 32
540285666.44325, 66
540285763.025477, 69
540285834.475291, 32
540285986.546461, 82
540286074.791351, 69
540286490.807095, 78
540286626.61251, 78
540286754.342473, 79
540286834.835106, 67
540286954.429416, 65
540287191.699947, 8
540287326.200928, 8
540287538.969069, 86
540287660.806885, 65
540287772.255833, 84
540287835.001559, 69
540288018.482351, 68
540288066.993875, 32
540288187.344158, 65
540288210.677218, 78
540288347.865022, 68
540288353.874241, 32
540288522.154019, 83
540288586.864164, 69
540288682.679877, 82
540288946.25548, 86
540289138.49196, 69
540289258.973741, 32
540289354.437961, 84
540289387.21943, 72
540289507.947005, 69
540289563.787719, 32
540289659.971847, 67
540289738.801618, 79
540289866.608981, 77
540290266.83863, 77
540290820.054385, 85
540291035.780113, 78
540291090.866519, 73
540291188.04104, 84
540291330.265425, 89
540291403.361456, 32
540291722.434326, 73
540291826.659228, 78
540291956.189099, 32
540292074.424323, 77
540292180.315971, 65
540292292.470679, 78
540292514.264162, 89
540292587.03783, 32
540292746.450119, 77
540292818.777416, 79
540292919.910182, 82
540292923.182364, 69
540293077.164966, 32
540293165.458682, 87
540293285.899127, 65
540293499.93869, 89
540293615.336728, 83
540293712.596695, 32
540293842.893358, 84
540293883.393237, 72
540293994.771166, 65
540294074.892055, 78
540294138.824588, 32
540294418.682316, 84
540294484.242202, 72
540294578.55984, 69
540294708.390158, 89
540294842.422297, 32
540295051.259381, 67
540295114.799086, 79
540295164.105977, 85
540295282.517918, 76
540295372.161288, 68
540295402.963357, 32
540295491.796379, 73
540295626.385857, 32
540295746.249266, 84
540295866.253605, 72
540296271.869663, 8
540296382.143733, 8
540296486.391106, 8
540296883.884828, 70
540296972.228202, 32
540297168.087802, 84
540297252.947322, 72
540297380.161004, 69
540297444.226422, 89
540297507.101703, 32
540297596.653801, 82
540297643.129887, 69
540297834.953842, 77
540297948.443223, 65
540298050.974192, 73
540298106.056158, 78
540298156.153977, 69
540298346.216586, 68
540298452.064124, 32
540298530.503841, 84
540298558.610486, 72
540298668.067551, 69
540298804.281884, 32
540298916.462947, 87
540299020.382408, 65
540299123.934286, 89
540299194.62036, 32
540299330.115895, 84
540299410.834904, 72
540299524.383653, 69
540299583.469639, 82
540299682.885446, 69
540299716.285564, 32
540299938.706296, 87
540299989.234117, 69
540300044.76301, 82
540300182.301474, 69
540300236.590294, 190
540300386.635181, 32
540300546.226406, 16
540300610.255205, 70
540300794.372401, 79
540300850.611491, 82
540300939.904478, 32
540301034.390788, 69
540301258.160342, 88
540301386.376902, 65
540301458.794638, 77
540301537.80501, 80
540301722.124446, 76
540301794.619028, 69
540301907.423456, 32
540302018.244601, 67
540302148.295191, 79
540302498.362383, 77
540302698.442113, 80
540302858.225869, 85
540302970.723747, 84
540303068.202876, 73
540303130.642329, 78
540303210.188124, 71
540303330.196625, 32
540303618.330379, 76
540303747.900754, 65
540303844.518768, 66
540304002.38277, 83
540304090.404613, 32
540304238.367731, 73
540304299.474453, 78
540304448.688463, 83
540304846.670447, 84
540304911.409721, 69
540305000.485487, 65
540305126.260462, 68
540305215.940729, 32
540305287.406079, 79
540305391.149655, 70
540305437.817994, 32
540305541.389014, 65
540305622.970803, 76
540309938.683825, 8
540309939.65896, 8
540309940.174686, 85
540309941.83949, 78
540309942.381849, 85
540309943.050711, 83
540309946.036872, 32
540309946.418326, 69
540309946.61474, 68
540309947.03864, 68
540309947.473636, 8
540309947.675321, 70
540309947.87229, 65
540309948.064543, 67
540309948.262067, 84
540309948.451268, 79
540309948.624657, 82
new stimulus
540319401.178984, 16
540319478.557565, 73
540319629.195856, 70
540319717.060123, 32
540319915.274475, 69
540319974.932226, 86
540320123.644104, 69
540320219.160756, 82
540320275.060006, 89
540320428.363481, 79
540320526.135013, 78
540320605.914119, 69
540320717.166098, 32
540320835.511181, 76
540320890.974602, 73
540321010.766159, 86
540321157.345778, 69
540321364.993558, 68
540321435.427456, 32
540321556.024089, 73
540321627.157365, 78
540321700.081672, 32
540321714.775838, 84
540322018.603861, 83
540322100.071907, 80
540322212.360609, 65
540322291.38513, 67
540322687.63767, 8
540322926.107215, 8
540323022.643945, 8
540323182.461824, 8
540323309.988159, 8
540323410.909808, 83
540323562.463865, 80
540323635.549909, 65
540323691.326539, 67
540323866.546839, 69
540323962.727637, 32
540324106.458419, 84
540324204.018556, 72
540324276.286762, 69
540324354.751169, 82
540324506.495815, 69
540324634.138113, 32
540327763.997283, 87
540327837.8995, 79
540327908.197184, 85
540328053.937604, 76
540328166.620244, 68
540328268.666281, 32
540328490.787121, 66
540328628.819673, 69
540328731.594772, 32
540328866.649762, 65
540328929.175215, 32
540329050.650719, 77
540329290.492111, 85
540329400.798362, 67
540329500.237195, 72
540329562.945746, 32
540329668.451501, 68
540329723.128156, 73
540329898.457205, 70
540330074.511433, 70
540330203.240112, 69
540330298.93043, 82
540330414.983737, 69
540330492.69023, 78
540330594.404471, 84
540330652.374392, 32
540330732.932774, 76
540330891.372424, 73
540330964.070911, 70
540331035.381459, 69
540331109.849893, 32
540331274.720165, 83
540331402.70369, 84
540331746.966399, 89
540331884.752878, 76
540331994.835805, 69
540332154.264184, 190
540332738.608533, 32
540332890.403392, 16
540332994.983948, 85
540333001.779934, 73
540333075.661066, 32
540333673.207887, 8
540333806.771184, 8
540333926.735296, 8
540334178.555179, 16
540334315.058308, 73
540334706.548914, 32
540334922.267152, 84
540334978.556178, 72
540335012.130239, 73
540335186.334068, 78
540335282.833069, 75
540335355.838938, 32
540335483.23544, 77
540335578.932416, 79
540335630.127158, 83
540335724.923071, 84
540335764.359318, 32
540335881.916247, 80
540336090.52751, 69
540336322.142534, 80
540336538.213374, 76
540336658.066518, 69
540336795.961746, 32
540337127.003951, 8
540337406.398663, 8
540337512.080858, 8
540337661.751781, 8
540337900.401927, 79
540338178.110196, 80
540338466.159337, 76
540338578.359264, 69
540338634.776182, 32
540338810.082482, 87
540338914.529321, 79
540338986.4907, 85
540339167.661406, 76
540339243.345776, 68
540339339.740467, 32
540339397.613013, 72
540339530.354866, 65
540339586.740157, 86
540339683.747116, 69
540339746.540003, 32
540339906.079906, 84
540339979.149859, 79
540340026.209361, 32
540340154.081086, 83
540340218.735192, 80
540340362.320605, 69
540340429.67069, 78
540340570.164521, 68
540340626.623607, 32
540340739.738192, 77
540340826.899752, 79
540340850.718576, 82
540340906.347895, 69
540340997.960399, 32
540341124.426154, 84
540341180.193351, 73
540341202.88751, 77
540341298.203032, 69
540341347.948803, 32
540341506.475009, 69
540341850.144869, 88
540342026.201594, 69
540342114.611272, 82
540342409.973234, 67
540342514.007825, 73
540342626.0155, 83
540342756.064148, 73
540342771.95927, 78
540342850.178159, 71
540343066.058966, 32
540343194.186196, 84
540343242.280756, 79
540343321.882591, 32
540344218.527959, 65
540344578.079624, 67
540344754.062277, 67
540344850.643395, 79
540344930.16006, 85
540345133.172133, 78
540345186.680567, 84
540345329.979959, 32
540345532.13258, 70
540345595.725273, 79
540345746.207375, 82
540345874.293269, 32
540346002.174426, 84
540346058.398259, 72
540346131.549219, 69
540346255.261014, 32
540346331.718834, 76
540346410.640432, 69
540346617.985267, 83
540346802.180141, 83
540346962.436623, 69
540347050.362478, 82
540347187.362468, 32
540347545.936779, 71
540347970.74927, 82
540348068.239774, 65
540348225.933161, 67
540348545.88934, 73
540348774.85943, 8
540348917.604812, 8
540349042.447376, 86
540349185.71847, 73
540349307.971308, 84
540349537.991437, 89
540349698.172183, 188
540349874.173701, 32
540349986.064581, 65
540350050.380233, 78
540350137.895505, 68
540350241.985025, 32
540353922.740432, 84
540353994.740372, 72
540354107.371135, 69
540354298.077915, 89
540354402.04759, 32
540354563.243419, 87
540354610.235231, 79
540354689.856207, 85
540354867.234011, 76
540354972.413242, 68
540355058.394652, 32
540355177.844149, 76
540355458.106079, 73
540355633.893428, 86
540355865.879363, 69
540356011.743791, 32
540356185.835542, 73
540356282.441905, 78
540356345.712511, 32
540356466.286396, 83
540356571.52444, 77
540356651.546844, 65
540356817.758725, 76
540356945.891781, 76
540357057.736332, 69
540357122.289456, 82
540357276.677371, 32
540357372.278914, 72
540357481.734037, 79
540357571.063643, 85
540358299.788494, 83
540358380.543013, 69
540358499.472899, 83
540358611.922228, 32
540358786.189587, 68
540358884.146713, 85
540358980.834915, 69
540359074.654305, 32
540359163.755039, 84
540359218.287712, 79
540359282.07987, 32
540359355.406438, 84
540359402.276462, 72
540359474.096633, 69
540359595.561317, 32
540359675.740187, 69
540359874.106287, 88
540360170.255016, 80
540360298.861352, 69
540360386.116681, 78
540360497.820302, 83
540360578.573988, 73
540361394.17299, 69
540361673.430933, 8
540361992.033019, 8
540362108.292173, 69
540362211.752502, 32
540362331.964629, 79
540362452.248609, 70
540362488.390757, 32
540362874.785137, 67
540363114.327192, 82
540363162.789059, 69
540363722.227647, 65
540363802.937501, 84
540363915.442869, 73
540363962.823348, 78
540364082.20987, 71
540364162.408159, 32
540364250.108471, 76
540364363.62282, 65
540364369.421754, 82
540364641.946131, 71
540364691.524063, 69
540364801.812003, 32
540364907.222603, 83
540364994.365576, 80
540365113.570942, 65
540365178.098267, 67
540365281.575519, 69
540365385.789879, 32
540368922.20279, 65
540369138.217036, 82
540369202.262203, 69
540369320.866952, 65
540369410.1813, 83
540369505.773133, 32
540369619.394567, 84
540369690.309513, 79
540369765.047322, 32
540369890.017222, 76
540370066.005424, 73
540370163.456811, 86
540370690.203538, 69
540370802.673396, 32
540371049.834268, 73
540371106.130785, 78
540371578.137327, 190
540372786.257, 32
540373226.132349, 16
540373951.576695, 16
540374294.529976, 78
540374598.211521, 79
540374803.818036, 32
new stimulus
540384136.54918, 16
540384381.833298, 84
540384683.865297, 72
540384806.008276, 73
540384918.114157, 83
540385036.7067, 32
540385106.88759, 73
540385178.329636, 83
540385307.992669, 32
540385555.479788, 72
540385647.148055, 73
540385796.106006, 71
540385821.09305, 72
540385971.777947, 76
540386187.053421, 89
540386402.482586, 32
540386786.327188, 66
540386850.124895, 65
540386945.845729, 83
540387098.031752, 69
540387314.187206, 68
540387378.404373, 32
540387475.575565, 79
540387546.27551, 78
540387604.051513, 32
540387793.926585, 84
540387858.367077, 72
540387978.20524, 69
540388034.318659, 32
540388155.637142, 75
540388346.269573, 73
540388378.528103, 78
540388481.887728, 68
540388633.971383, 32
540388708.42872, 79
540388810.632054, 70
540388866.082713, 32
540389089.75406, 87
540389130.242011, 79
540389282.219968, 82
540389335.526162, 75
540389417.826471, 32
540389649.793543, 89
540389749.343344, 79
540389874.487187, 85
540389907.844859, 32
540390011.639481, 65
540390082.632105, 82
540390157.549683, 69
540390249.798592, 32
540391234.11653, 68
540391371.896073, 73
540391378.669033, 79
540391449.918826, 78
540391602.118998, 71
540391834.001178, 190
540392167.572076, 8
540392269.340969, 8
540392374.001145, 8
540392493.989948, 8
540392677.886872, 8
540392962.765089, 79
540393082.278115, 73
540393171.961156, 78
540393289.992476, 71
540394410.559147, 190
540394817.920462, 32
540395012.295304, 16
540395068.25309, 70
540395581.508549, 79
540395705.685024, 82
540395763.105929, 32
540395875.500606, 80
540395993.732224, 82
540396026.322272, 79
540396209.879355, 66
540396393.723568, 76
540396491.78334, 69
540396737.700533, 77
540396851.544459, 32
540397066.103631, 83
540397194.125718, 69
540397234.193653, 84
540397314.078456, 69
540397466.17515, 83
540397753.613132, 32
540398128.048719, 8
540398509.461447, 8
540398637.402805, 8
540398715.906329, 83
540398859.717563, 32
540399025.728313, 16
540399065.801242, 73
540399179.567766, 32
540399761.95047, 66
540399851.423503, 69
540399987.546287, 76
540400129.710194, 73
540400205.16597, 69
540400291.95634, 86
540400380.423722, 69
540400435.899072, 32
540400520.556074, 73
540400657.590741, 83
540400817.479362, 32
540401414.569547, 8
540401541.578492, 8
540401690.078421, 84
540401753.898321, 32
540401851.219876, 73
540401929.893459, 83
540401953.986097, 32
540402066.884849, 66
540402122.83126, 69
540402401.542683, 84
540402601.665414, 84
540402729.541023, 69
540402817.923513, 82
540402881.487077, 32
540403033.729139, 84
540403114.671194, 79
540403135.974364, 32
540403425.628664, 87
540403539.194058, 79
540403603.016178, 82
540403674.321178, 75
540403761.985702, 32
540403841.676311, 79
540403929.575534, 78
540403987.618972, 32
540404193.973969, 89
540404267.357408, 79
540404377.992125, 85
540404427.550082, 82
540404563.063927, 32
540404594.61753, 79
540404707.103201, 87
540404817.879958, 78
540404897.54449, 32
540405225.655462, 83
540405281.735036, 79
540405369.506645, 32
540405580.009088, 89
540405690.762541, 79
540405795.110064, 85
540405827.018765, 32
540406073.630344, 78
540406080.067901, 75
540406193.789206, 79
540406377.368205, 87
540406561.834119, 32
540407074.607698, 72
540407145.904931, 79
540407257.639623, 87
540407385.440605, 32
540407529.330349, 77
540407809.809223, 67
540408256.639797, 8
540408420.928317, 8
540408659.327398, 77
540408873.349205, 85
540409017.366285, 67
540409131.281785, 72
540409137.588955, 32
540409219.853199, 79
540409595.082765, 70
540409715.041607, 32
540409844.674679, 72
540409867.251211, 84
540409994.390544, 69
540410049.927759, 32
540410172.895788, 73
540410242.624481, 78
540410346.872409, 70
540410459.752851, 79
540410563.359104, 82
540410633.848208, 77
540410827.300348, 65
540410897.918176, 84
540410945.660134, 73
540411021.078458, 79
540411025.881727, 78
540411130.753853, 32
540411353.33216, 89
540411483.036807, 79
540411569.672654, 85
540411601.675401, 32
540411730.835192, 65
540411761.901366, 67
540411969.054227, 84
540412017.928341, 85
540412145.857214, 65
540412185.667425, 76
540412337.409297, 76
540412473.298215, 89
540412563.705325, 32
540412666.673787, 75
540412745.785695, 78
540412849.287083, 79
540412987.258047, 87
540413067.578124, 32
540413729.882528, 79
540413802.261148, 85
540413953.217641, 82
540414341.943745, 8
540414452.745748, 8
540414628.846582, 8
540414850.172611, 89
540415001.298608, 79
540415090.174076, 85
540415171.098931, 82
540415313.439001, 83
540415409.837575, 69
540415481.60143, 76
540415609.378277, 70
540415715.476326, 32
540415890.659452, 66
540416003.340982, 65
540416090.119979, 83
540416185.467682, 69
540416425.362062, 68
540416561.474027, 32
540416665.478379, 79
540416721.875322, 78
540416787.03905, 32
540416873.145855, 87
540416993.338008, 72
540417574.577459, 8
540417676.873452, 8
540417796.781803, 8
540417924.85022, 8
540418045.332833, 8
540418301.747087, 8
540418396.834292, 8
540418502.36446, 8
540418654.488896, 8
540418772.881695, 8
540418900.681845, 8
540419194.122944, 73
540419313.692564, 83
540419319.24598, 78
540419419.975376, 84
540419491.213517, 69
540419561.576395, 65
540419722.693437, 68
540419825.973443, 32
540419946.725709, 79
540420041.339633, 70
540420185.595573, 32
540420553.31729, 87
540420644.237352, 72
540420761.231672, 65
540420767.161826, 84
540420849.383625, 32
540421049.339071, 89
540421193.297061, 79
540421249.466796, 85
540421362.850757, 82
540421457.191421, 32
540421651.632013, 84
540421695.552495, 69
540421801.447749, 65
540421932.248487, 77
540422034.637416, 77
540422498.461422, 65
540422579.020359, 84
540422643.725233, 69
540422779.312872, 32
540422875.51198, 75
540422945.950039, 78
540423073.312974, 79
540423123.515935, 87
540423369.478071, 83
540423481.349254, 190
540423905.977815, 32
540423986.295118, 16
540424281.391866, 70
540424505.334253, 79
540424633.306127, 82
540424681.955253, 32
540424825.211367, 68
540424969.288925, 69
540425033.987973, 83
540425097.165643, 73
540425225.27706, 71
540425265.84574, 78
540425347.156211, 32
540425435.403043, 87
540425489.760108, 79
540425617.22874, 82
540425697.832064, 75
540425793.344278, 32
540425947.93693, 73
540426052.994927, 84
540426123.247669, 32
540426258.922418, 83
540426329.963868, 72
540426451.383887, 79
540426547.173245, 85
540426642.46047, 76
540426763.075135, 68
540426866.218372, 32
540426985.159078, 66
540427066.186025, 69
540427155.052893, 32
540427441.337358, 68
540427563.045063, 78
540427649.905066, 32
540428190.940091, 8
540428328.67275, 8
540428522.269981, 79
540428601.696208, 78
540429098.495323, 69
540429249.662101, 32
540429369.298302, 73
540429433.600915, 78
540429505.476848, 32
540429673.342991, 83
540429809.161444, 84
540430414.29601, 8
540430540.916566, 8
540430722.439319, 84
540430769.65279, 69
540430898.664994, 65
540431065.284129, 77
540431153.647755, 83
540431257.019587, 32
540431346.9057, 83
540431417.611193, 79
540431473.143692, 32
540431586.492975, 69
540431714.920929, 86
540431833.449387, 69
540431907.974969, 82
540431994.004096, 89
540432155.701781, 79
540432227.252576, 78
540432305.211245, 69
540432481.39697, 32
540432593.9667, 67
540432641.407934, 65
540432665.783542, 78
540432721.274983, 32
540433562.050231, 71
540433673.384327, 73
540433779.053206, 86
540433866.892506, 69
540433937.516159, 32
540434042.627144, 70
540434160.817427, 69
540434345.932229, 69
540434529.093709, 66
540434658.854672, 65
540434729.508565, 67
540434874.603703, 75
540435623.309534, 8
540435734.712985, 8
540435820.887481, 8
540436020.96527, 8
540436211.025659, 68
540436313.691731, 66
540436435.12035, 65
540436481.987877, 67
540436602.791189, 75
new stimulus
540449511.910521, 16
540449572.891294, 65
540449709.247389, 83
540449931.696141, 32
540451049.190096, 65
540451117.163268, 78
540451180.525979, 32
540451308.099754, 69
540451412.555747, 78
540451494.27264, 71
540451554.569015, 73
540451633.728085, 78
540451707.210009, 69
540451905.517851, 69
540452070.946294, 82
540452242.825057, 73
540452282.982321, 78
540452355.277437, 71
540452530.684442, 32
540452603.80766, 83
540452713.204524, 84
540452827.008223, 85
540452945.117499, 68
540453385.770182, 69
540453505.463809, 78
540453609.220979, 84
540453817.297929, 188
540454066.253993, 32
540454185.339791, 16
540454281.227078, 73
540454371.113746, 32
540454601.224037, 66
540454657.443431, 69
540454817.224135, 76
540454993.154078, 73
540455035.70299, 69
540455161.528179, 86
540455259.24173, 69
540455346.135024, 32
540455465.221931, 84
540455571.286412, 72
540455682.867968, 65
540455745.586507, 84
540455804.566241, 32
540456577.767248, 70
540456721.218944, 79
540456825.110108, 67
540456921.661541, 85
540457009.143523, 83
540457553.450453, 73
540457609.433206, 78
540457713.624817, 71
540457819.143612, 32
540457905.205474, 79
540457985.615991, 78
540458050.969753, 32
540458153.265468, 87
540458239.891606, 72
540458342.686679, 65
540458388.880627, 84
540458445.117499, 32
540458643.212836, 89
540458747.611126, 79
540458876.828898, 85
540459065.479711, 32
540459193.476275, 65
540459241.897638, 82
540459321.257283, 69
540459374.662794, 32
540459530.656977, 80
540459603.886725, 65
540459769.281046, 83
540459913.501753, 83
540460003.522693, 73
540460033.635093, 79
540460097.550981, 78
540460170.481392, 65
540460257.200188, 84
540460315.526872, 69
540460442.695889, 32
540460545.110896, 65
540460617.637936, 66
540460817.449678, 79
540460913.522005, 85
540461033.393459, 84
540461153.271017, 32
540461217.690147, 65
540461313.180444, 76
540461401.251113, 76
540461585.175224, 76
540462102.69104, 8
540462306.728738, 79
540462443.079285, 87
540462697.52052, 32
540462794.987443, 70
540463062.389794, 8
540463197.162092, 8
540463394.847679, 83
540463499.019038, 32
540463587.10885, 70
540463665.371294, 79
540463769.384524, 82
540463801.519324, 32
540463985.86567, 71
540464161.654684, 82
540464241.86296, 69
540464347.764596, 65
540464417.564309, 84
540464513.352001, 69
540464593.676518, 82
540464681.447572, 32
540464824.984436, 68
540464961.405726, 69
540465083.310677, 80
540465185.117576, 84
540465266.581184, 72
540465337.81239, 32
540465465.121782, 73
540465513.892695, 78
540465609.353309, 32
540466457.865555, 67
540466563.242587, 65
540466674.78891, 82
540466849.13894, 82
540467169.042131, 69
540467528.123567, 8
540467925.629218, 8
540468073.787919, 69
540468265.1078, 69
540468380.253662, 82
540468499.0662, 32
540468624.779311, 83
540468665.42123, 80
540468801.107909, 69
540469065.061637, 67
540469233.157762, 73
540469306.500421, 70
540469441.128183, 73
540469534.367207, 67
540469617.293934, 32
540469737.007535, 75
540469785.602564, 78
540469889.321172, 79
540470001.018967, 87
540470121.309882, 76
540470202.99931, 69
540470408.871595, 68
540470521.191923, 71
540470625.190172, 69
540470680.894672, 32
540470833.003017, 65
540470897.619948, 78
540470978.682959, 68
540471026.69679, 32
540471201.077059, 77
540471289.456776, 79
540471305.016772, 82
540471362.829396, 69
540471459.112008, 32
540471565.039998, 83
540471634.560626, 84
540471744.637726, 85
540471833.648021, 68
540472369.185946, 69
540472490.358228, 78
540472576.584879, 84
540472608.98101, 32
540472760.930115, 82
540472825.238554, 69
540472969.06893, 84
540473042.785829, 69
540473154.961621, 78
540473274.624732, 84
540473340.523904, 73
540473425.374546, 79
540473466.805728, 78
540474145.446353, 190
540474328.73628, 32
540474369.481954, 16
540474542.332523, 87
540474674.554489, 72
540474800.850739, 69
540474842.459748, 78
540474915.060028, 32
540475024.857766, 83
540475121.269101, 84
540475210.435307, 85
540475312.725474, 68
540475465.113182, 69
540475555.795216, 78
540475641.140777, 84
540475672.869433, 83
540475786.332459, 32
540475890.653071, 65
540475937.110847, 82
540475994.681559, 69
540476073.083547, 32
540476154.316062, 65
540476225.22435, 76
540476360.63333, 76
540476523.081161, 79
540476570.106818, 87
540476824.584118, 69
540477064.951223, 68
540477170.572941, 32
540477274.711565, 84
540477313.114973, 79
540477417.717445, 32
540477505.193046, 87
540477594.53902, 79
540477728.675469, 82
540477849.011604, 75
540477969.169356, 78
540477994.856334, 32
540478184.705883, 79
540478217.368616, 78
540478306.568944, 32
540478440.572231, 87
540478814.975359, 8
540479052.703912, 8
540479157.236197, 8
540479284.563899, 8
540479396.916408, 8
540479550.736164, 8
540479881.534238, 32
540479997.63221, 79
540480097.435574, 78
540480153.182797, 32
540480248.638417, 87
540480368.559807, 72
540480450.988007, 65
540480529.555893, 84
540480601.083385, 32
540480752.764501, 84
540480850.656433, 72
540480914.422514, 69
540481074.552769, 89
540481160.958634, 32
540481250.239969, 87
540481353.370444, 65
540481440.62827, 78
540481577.370535, 84
540481689.269738, 32
540481810.396246, 84
540481857.047662, 79
540481952.706909, 32
540482312.898307, 87
540482418.49256, 79
540482506.517454, 82
540482591.642188, 75
540482681.886452, 32
540482762.620442, 79
540482816.999978, 78
540482890.29492, 32
540483000.933522, 70
540483073.055527, 79
540483192.978582, 82
540483249.083678, 32
540483308.141644, 76
540483466.364629, 79
540483545.131425, 78
540483605.410877, 71
540483736.741766, 69
540483816.861268, 82
540483921.985847, 32
540484001.049206, 84
540484033.23311, 72
540484106.650395, 69
540484224.611249, 32
540484322.225483, 81
540484440.736741, 85
540484536.554396, 65
540484657.107474, 76
540484800.720351, 73
540484849.127011, 84
540485056.729293, 89
540485176.737516, 32
540485200.891187, 79
540485480.756128, 70
540485721.728566, 32
540486010.132529, 87
540486087.555775, 79
540486172.52016, 82
540486298.214129, 75
540486378.787769, 32
540486537.463227, 73
540486609.801066, 83
540486689.032821, 32
540486809.048256, 72
540486897.754497, 73
540486936.897788, 71
540487040.774249, 72
540487147.047351, 69
540487233.574726, 82
540487290.80421, 32
540487408.842743, 65
540487481.201111, 78
540487578.227212, 68
540487697.240325, 32
540487913.089506, 84
540488009.039767, 72
540488114.336347, 69
540488184.952788, 32
540488544.537466, 65
540488656.624206, 77
540488784.630758, 79
540488881.232682, 85
540489080.999759, 78
540489138.157668, 84
540489296.866139, 32
540489977.087788, 83
540490622.863163, 85
540491024.894385, 8
540491107.064862, 84
540491195.970568, 85
540491457.340396, 69
540491601.39687, 78
540491744.910709, 84
540491809.571195, 83
540491938.433036, 32
540492737.270531, 80
540492848.577162, 65
540492889.376379, 82
540493080.935397, 84
540493176.835723, 73
540493312.772358, 67
540493409.171764, 73
540493529.12589, 65
540493577.231825, 80
540493682.108667, 84
540493753.107949, 69
540493841.455207, 32
540493944.971575, 73
540494008.978735, 83
540494106.078075, 32
540494232.652301, 65
540494265.122226, 76
540494432.473198, 87
540494861.34658, 8
540494961.458436, 83
540495096.735641, 79
540495217.056517, 32
540495328.66415, 77
540495528.655106, 85
540495587.021185, 67
540495698.510359, 72
540495720.971484, 32
540495896.609026, 72
540496010.450176, 71
540496485.704766, 8
540496706.403268, 73
540496801.080444, 71
540496881.105345, 72
540496952.735206, 69
540497056.513737, 82
540497328.498252, 190
new stimulus
540516151.534083, 16
540516357.371967, 79
540517124.055242, 8
540517410.980828, 16
540517498.261956, 80
540517861.031152, 69
540519241.588313, 79
540519398.06937, 69
540519726.160369, 80
540519976.099614, 8
540520116.224475, 8
540520291.995179, 80
540520675.029989, 76
540520784.669042, 69
540520907.148809, 32
540521026.069819, 87
540521090.382142, 72
540521130.731936, 79
540521225.159711, 32
540521288.823978, 65
540521385.304946, 82
540521440.7606, 69
540521554.285213, 32
540521666.416895, 83
540521778.498641, 69
540521865.000493, 84
540521936.726064, 32
540522080.905436, 73
540522176.91784, 78
540522266.158116, 32
540522448.350287, 79
540522512.951405, 78
540522624.525193, 69
540522800.830488, 32
540522953.06173, 76
540523161.429972, 73
540523233.111156, 70
540523288.498286, 69
540523545.001314, 83
540523760.504551, 84
540524064.624144, 89
540524216.267254, 76
540524653.950698, 8
540524745.104071, 69
540524992.520726, 32
540525261.598145, 8
540525381.566419, 8
540525585.801641, 76
540525707.738496, 69
540525936.385946, 73
540526074.253432, 83
540526184.924491, 32
540526218.388416, 79
540526328.456084, 70
540526749.395221, 8
540526940.280384, 8
540527036.19569, 8
540527175.83451, 8
540527414.528766, 8
540527633.091958, 32
540527776.274833, 73
540527904.351017, 83
540528080.548395, 32
540528440.3883, 70
540528447.374597, 79
540528853.044475, 8
540528988.295602, 8
540529139.260694, 79
540529250.240801, 70
540529440.501488, 84
540529520.609338, 69
540529577.550859, 78
540529680.618915, 32
540530104.535891, 84
540530194.3643, 73
540530274.083761, 69
540530512.956954, 68
540530594.832809, 32
540530744.42106, 84
540530800.363865, 79
540531176.395456, 32
540531320.43473, 84
540531400.767846, 72
540531504.410718, 69
540531584.974094, 73
540531672.418624, 82
540531802.12216, 32
540532016.363131, 67
540532194.278577, 65
540532368.242714, 82
540532576.4212, 69
540532752.372505, 69
540532914.196416, 82
540533048.563402, 190
540533240.355176, 32
540533360.417496, 16
540533464.249015, 80
540533656.413921, 69
540534521.702655, 79
540534736.198575, 80
540534979.332125, 76
540535090.451219, 69
540535169.909627, 32
540535273.96447, 87
540535624.45778, 72
540535672.466617, 79
540535778.582699, 32
540535897.877672, 87
540536000.270763, 65
540536024.582841, 78
540536364.665924, 8
540536737.076336, 75
540536864.118294, 69
540537018.1328, 32
540537160.310855, 85
540537232.704456, 80
540537296.717997, 32
540537401.717736, 65
540537506.907231, 78
540537594.600053, 68
540537665.702813, 32
540537808.072011, 68
540537816.192128, 79
540538041.149877, 84
540538074.096134, 72
540538693.349771, 8
540538788.07938, 8
540538972.178543, 8
540539169.041299, 32
540539420.520786, 8
540539681.2875, 79
540539792.596628, 32
540539920.33852, 84
540539992.544306, 72
540540096.188566, 69
540540184.654838, 32
540540312.120418, 83
540540400.318146, 65
540540480.275634, 77
540540577.683744, 69
540540648.810362, 32
540540751.985225, 69
540540930.420281, 88
540541145.375056, 65
540541274.963463, 67
540541496.584668, 84
540541569.743396, 32
540541671.892356, 84
540541736.381951, 72
540541808.364413, 73
540541911.976769, 78
540541961.844329, 71
540542128.165513, 32
540542198.673483, 69
540542297.615177, 86
540542448.009059, 69
540542512.530557, 82
540542600.043333, 89
540542687.993878, 32
540542777.530164, 68
540542864.4684, 65
540543009.380163, 89
540543113.373973, 32
540543232.159878, 65
540543304.509924, 82
540543680.005537, 69
540543794.319136, 32
540543931.462275, 73
540544389.452947, 8
540544561.164147, 79
540544665.768007, 70
540544816.281458, 84
540544888.578793, 69
540544944.015859, 78
540545056.748713, 32
540545138.371282, 84
540545528.355214, 84
540546157.060589, 8
540546393.632019, 73
540546448.773077, 69
540546648.076583, 68
540546769.903302, 32
540546891.386573, 84
540546935.583089, 79
540547016.189465, 32
540547137.343992, 82
540547282.116212, 79
540547368.296534, 85
540547503.900818, 84
540547720.100104, 78
540547903.951808, 69
540548164.936298, 8
540548563.654834, 8
540548800.513118, 73
540548888.401521, 78
540549025.741075, 69
540549167.889724, 188
540549279.877979, 32
540549455.944691, 83
540549560.430923, 85
540549672.077673, 67
540549768.531454, 72
540549809.992598, 32
540549904.273617, 65
540549968.43419, 83
540550033.789894, 32
540550175.942149, 70
540550289.615738, 65
540550392.579761, 82
540550527.933256, 77
540550584.367651, 69
540550647.980596, 82
540550762.237601, 83
540550859.751685, 190
540551050.151638, 32
540551088.823312, 16
540551201.335061, 80
540551408.913763, 69
540551929.118344, 80
540552269.68941, 8
540552473.757625, 79
540552656.369811, 80
540552832.643479, 76
540552905.264565, 69
540552992.69883, 32
540553104.041804, 72
540553472.160788, 87
540553900.541193, 8
540554043.576757, 8
540554169.372817, 87
540554265.830759, 72
540554320.280483, 79
540554377.716646, 32
540554648.264952, 72
540554720.768689, 65
540554784.061489, 86
540554879.900783, 69
540554935.968704, 32
540555167.975447, 77
540555255.878553, 79
540555297.77081, 82
540555329.710583, 69
540555449.534598, 32
540555770.31444, 86
540555913.579154, 65
540556001.809063, 82
540556114.191533, 73
540556232.703347, 69
540556392.500418, 84
540556600.465845, 89
540556715.061581, 32
540556802.313026, 73
540556887.686052, 78
540556920.387623, 32
540556995.374834, 84
540557088.069559, 72
540557168.495334, 69
540557480.043155, 73
540557577.98863, 82
540557656.456921, 32
540557745.317131, 87
540557824.36329, 79
540557920.688625, 82
540557994.109239, 75
540558161.612515, 32
540558600.011707, 84
540558680.620857, 69
540558768.014896, 78
540558904.10439, 68
540558984.585371, 32
540559112.054281, 84
540559118.229675, 79
540559201.823877, 32
540559463.932478, 66
540559585.517839, 69
540559640.105164, 32
540559745.128484, 77
540559840.064217, 79
540559881.67822, 82
540559921.631857, 69
540560009.608203, 32
540560113.51629, 83
540560152.269804, 80
540560344.188915, 79
540560408.393598, 78
540560671.821613, 84
540560799.729126, 65
540560929.602721, 78
540561215.061581, 69
540561337.742757, 79
540561416.311197, 85
540561529.499854, 83
540561984.69523, 190
540562207.890245, 32
540566952.439475, 16
540567184.183222, 84
540567535.951837, 72
540567640.201984, 69
540567801.601163, 89
540567927.102325, 32
540568028.067251, 69
540568131.837737, 65
540568225.285383, 67
540568354.001855, 72
540568433.284655, 32
540568589.233618, 72
540568609.088094, 65
540568712.91129, 86
540568777.029973, 69
540568882.024164, 32
540569005.187497, 84
540569074.665679, 72
540569170.765194, 69
