new stimulus
1016388041.191261, 16
1016388139.441354, 73
1016388219.69385, 32
1016388411.464586, 68
1016388590.627989, 73
1016388761.031867, 83
1016389021.481986, 65
1016389269.330597, 71
1016389382.804922, 82
1016389453.796598, 69
1016389678.363324, 69
1016389728.800703, 190
1016389846.108135, 32
1016390052.767981, 16
1016390055.196235, 32
1016390182.588979, 84
1016390430.165164, 72
1016390525.607216, 69
1016390605.826144, 32
1016390652.569404, 66
1016390750.430277, 69
1016390940.201095, 83
1016391028.107876, 84
1016391115.569675, 32
1016391229.390775, 87
1016391467.448971, 65
1016391580.251663, 89
1016391693.091808, 32
1016391812.375022, 84
1016391996.268428, 79
1016392073.501767, 32
1016392139.885225, 84
1016392291.537759, 82
1016392363.829145, 65
1016392452.32988, 86
1016393275.937345, 69
1016393462.133334, 76
1016393573.128083, 32
1016393659.444139, 73
1016393755.226585, 83
1016393859.378779, 32
1016394588.093483, 73
1016394643.911139, 78
1016394843.354746, 32
1016394909.246062, 65
1016395022.21049, 32
1016395195.970036, 83
1016395270.07963, 77
1016395387.788766, 65
1016395477.041031, 76
1016395612.484214, 76
1016395693.831131, 32
1016395796.918866, 71
1016395931.961178, 82
1016396029.755193, 79
1016396124.131121, 85
1016396363.785312, 80
1016396469.117927, 32
1016396603.388735, 79
1016396692.024574, 70
1016396835.863585, 32
1016397053.076749, 70
1016397260.15966, 70
1016397556.699849, 8
1016397757.334696, 82
1016397867.921916, 73
1016397979.463181, 69
1016398058.604335, 78
1016398235.555593, 68
1016398291.831546, 83
1016399251.744414, 32
1016399363.744532, 87
1016399451.413009, 72
1016400096.844962, 8
1016400263.40436, 8
1016400487.765795, 8
1016400868.412949, 188
1016400964.801556, 32
1016401251.242284, 73
1016401299.361824, 78
1016401539.302866, 32
1016401620.840925, 87
1016401699.378968, 72
1016401851.231798, 73
1016401891.796924, 67
1016402051.080715, 72
1016402132.974426, 32
1016402274.988292, 89
1016402403.035469, 79
1016402467.445642, 85
1016402547.17548, 32
1016402613.023241, 67
1016402756.638096, 65
1016402803.369982, 78
1016402987.20735, 32
1016403116.035463, 69
1016403323.524238, 88
1016403715.264014, 80
1016403933.188483, 76
1016404091.546525, 79
1016404192.000162, 82
1016404267.659699, 69
1016404364.826745, 32
1016404444.129079, 84
1016404650.926248, 72
1016404732.871281, 69
1016404843.10063, 32
1016404971.262103, 80
1016405044.717265, 65
1016405187.042118, 82
1016405243.416278, 84
1016405410.88367, 83
1016405485.013238, 32
1016405563.793746, 79
1016405698.978929, 70
1016405775.764235, 32
1016405862.198472, 84
1016406067.189639, 72
1016406108.513508, 69
1016406292.703476, 32
1016410371.497855, 68
1016410475.388442, 69
1016410715.51175, 83
1016410875.297948, 84
1016411105.017466, 73
1016411197.605979, 78
1016411300.569708, 65
1016411466.186434, 84
1016411650.876313, 73
1016411755.394146, 79
1016411874.990567, 78
1016413180.560487, 32
1016413293.122934, 84
1016413483.031075, 72
1016413603.162916, 65
1016413707.302349, 84
1016413828.289475, 32
1016414266.894853, 89
1016414474.911003, 79
1016414571.600611, 85
1016414690.754548, 32
1016414770.678856, 87
1016414901.340713, 65
1016414989.640874, 78
1016415170.861898, 84
1016415274.973034, 32
1016415372.31541, 84
1016415562.609164, 79
1016415610.971445, 32
1016415690.762038, 83
1016415858.738218, 69
1016416275.165009, 69
1016416586.614559, 32
1016416692.564433, 82
1016416794.951129, 65
1016416874.913999, 84
1016417090.736737, 72
1016417162.838368, 69
1016417243.081987, 82
1016417330.671122, 32
1016417452.084919, 84
1016417658.7775, 72
1016417724.41248, 65
1016417844.530173, 78
1016418042.657147, 32
1016418148.142065, 84
1016418363.681002, 72
1016418432.296024, 69
1016418566.2822, 32
1016418691.345451, 80
1016418906.869408, 76
1016419012.309662, 65
1016419251.643988, 67
1016419412.445819, 69
1016419618.655691, 83
1016419722.942989, 32
1016419874.632696, 84
1016420082.701556, 72
1016420156.444679, 65
1016420284.387268, 84
1016420396.312483, 32
1016420492.553503, 84
1016420650.598893, 72
1016420715.042356, 69
1016420827.646693, 32
1016420932.774295, 84
1016421090.709273, 79
1016421172.192402, 85
1016421205.155399, 82
1016421418.916077, 32
1016421666.943069, 68
1016421794.782458, 69
1016421996.554725, 67
1016422098.684254, 73
1016422300.091437, 68
1016422305.225641, 69
1016422534.894946, 68
1016422649.928647, 32
1016423553.405492, 89
1016423553.84104, 79
1016423554.611712, 85
1016424055.253661, 32
1016424055.557158, 87
1016424055.760229, 79
1016424058.276702, 85
1016424058.497806, 76
1016424058.682845, 68
1016424059.309535, 32
1016424161.978367, 83
1016424202.374267, 69
1016424378.50159, 69
1016424450.761905, 190
new stimulus
1016453194.459486, 16
1016453231.634822, 73
1016453800.715909, 84
1016454262.345172, 222
1016454484.010644, 83
1016454540.282157, 32
1016454755.59694, 77
1016454858.432501, 79
1016454950.676459, 82
1016455045.529272, 69
1016455120.429512, 32
1016455755.698475, 73
1016455876.37822, 77
1016456026.892778, 80
1016456186.599634, 79
1016456317.486201, 82
1016456405.851833, 84
1016456524.989679, 65
1016456603.330477, 78
1016456778.47185, 84
1016456868.502, 32
1016456962.779167, 84
1016457154.503851, 79
1016457233.395327, 32
1016457394.259578, 66
1016457418.900819, 69
1016457562.276261, 32
1016457634.862266, 65
1016457724.016325, 66
1016457914.71206, 76
1016458004.558004, 69
1016458106.85648, 32
1016458195.218784, 84
1016458418.466657, 79
1016458498.753276, 32
1016459466.657215, 87
1016459586.311617, 79
1016459690.172521, 82
1016459788.687827, 75
1016459900.327854, 32
1016460050.531702, 73
1016460122.939882, 78
1016460314.291714, 32
1016460530.103078, 65
1016460587.029857, 32
1016460692.174104, 84
1016460836.229224, 69
1016460914.747292, 65
1016461003.194486, 77
1016461242.633954, 188
1016461323.185786, 32
1016461474.871055, 66
1016461570.7223, 69
1016461706.15938, 67
1016461810.571517, 65
1016461890.628155, 85
1016462034.422501, 83
1016462164.115331, 69
1016462218.978385, 32
1016462434.287897, 73
1016462540.972932, 78
1016462883.485433, 32
1016463018.75828, 82
1016463298.674932, 69
1016463341.134557, 65
1016463746.59828, 76
1016463986.655007, 32
1016464100.687778, 74
1016464274.66815, 79
1016464531.350356, 66
1016464698.235722, 83
1016465242.73549, 32
1016466818.583118, 77
1016466907.944687, 79
1016467034.39143, 83
1016467146.220379, 84
1016467218.182468, 32
1016467434.240458, 80
1016467562.06986, 69
1016467610.374161, 79
1016467706.208206, 80
1016467898.049684, 76
1016467970.439832, 69
1016468106.172086, 32
1016468200.177104, 87
1016468275.815558, 79
1016468378.111538, 82
1016468459.079222, 75
1016468580.876135, 32
1016468738.068183, 73
1016468851.791908, 78
1016469050.300889, 32
1016469123.949411, 84
1016469214.139078, 69
1016469306.846604, 65
1016469402.154939, 77
1016469555.841236, 83
1016469636.24548, 32
1016469684.312864, 16
1016469802.619284, 57
1016469954.737605, 69
1016470170.039071, 83
1016470260.004305, 80
1016470402.129694, 69
1016470570.095609, 67
1016470698.058451, 73
1016470771.546347, 65
1016470891.688453, 76
1016471050.169947, 76
1016471130.505391, 89
1016471202.742958, 32
1016471371.657648, 73
1016471440.935148, 78
1016471666.209294, 32
1016472194.508312, 67
1016472201.301763, 79
1016472275.889629, 77
1016472434.005206, 80
1016472602.300418, 85
1016472698.364999, 84
1016472830.331838, 69
1016472886.327874, 82
1016473020.231656, 32
1016473122.1767, 83
1016473313.987107, 67
1016473436.737512, 73
1016473602.143954, 69
1016474146.662031, 78
1016474305.818765, 67
1016474665.998732, 69
1016474979.154136, 188
1016475034.499346, 32
1016475266.357491, 83
1016475322.30914, 79
1016475419.763316, 32
1016475546.095208, 73
1016475634.388434, 84
1016475713.940168, 32
1016475785.81487, 82
1016475900.808345, 69
1016475948.682645, 65
1016476002.538389, 76
1016476186.061718, 76
1016476249.490935, 89
1016476330.128767, 32
1016476393.781861, 68
1016476513.923689, 69
1016476601.850166, 80
1016476737.978021, 69
1016476835.870243, 78
1016476937.913493, 68
1016477034.259378, 83
1016477145.787327, 32
1016477321.812559, 79
1016477420.416362, 78
1016477625.946833, 32
1016477753.562344, 84
1016477985.960071, 72
1016478090.371098, 69
1016478994.608072, 32
1016480346.196355, 83
1016480418.511322, 85
1016480610.24738, 66
1016480779.127948, 74
1016480858.833372, 69
1016480978.240316, 67
1016481075.543575, 84
1016481212.746709, 16
1016481292.49763, 48
1016482115.870675, 190
1016482227.508206, 32
1016482401.967681, 32
1016485690.179457, 16
1016485842.557165, 83
1016486026.168435, 79
1016486098.173247, 77
1016486212.549186, 69
1016486361.842265, 32
1016486546.972131, 68
1016486650.225209, 73
1016486746.038448, 83
1016486938.130436, 67
1016487041.905339, 73
1016487278.661883, 80
1016487449.579265, 76
1016487658.597455, 73
1016487730.029117, 78
1016487849.467687, 69
1016488025.750364, 83
1016488115.682307, 32
1016488369.532059, 77
1016488550.583302, 65
1016488646.093599, 89
1016488761.720423, 32
1016488977.449115, 66
1016489081.569407, 69
1016489137.938017, 32
1016489202.447506, 66
1016489353.586536, 69
1016489449.747936, 84
1016489609.741367, 84
1016489641.742272, 69
1016489763.327792, 82
1016489826.087318, 32
1016489921.409801, 79
1016490041.868998, 70
1016490201.371118, 70
1016490299.362656, 32
1016490457.402775, 87
1016490538.134652, 73
1016490609.646767, 84
1016490825.525266, 72
1016490907.188441, 32
1016491049.971869, 84
1016491225.350713, 72
1016491321.527372, 69
1016491395.297127, 73
1016491545.884369, 82
1016491619.032427, 32
1016492177.997962, 83
1016492286.339193, 84
1016492417.725114, 85
1016492531.515421, 68
1016492578.174623, 69
1016492698.95091, 78
1016492897.624955, 84
1016492987.540808, 83
1016493228.436729, 191
1016494562.10426, 69
1016494666.70643, 77
1016494833.677796, 80
1016495041.640404, 76
1016495250.065193, 79
1016495369.401117, 89
1016495491.152811, 69
1016495657.550751, 69
1016495833.635905, 83
1016495915.439454, 32
1016496145.50963, 87
1016496227.228012, 79
1016496315.231334, 82
1016496435.200885, 75
1016496547.244002, 73
1016496633.907111, 78
1016496785.153501, 71
1016496876.989653, 32
1016497033.751978, 73
1016497114.349306, 78
1016497250.267432, 68
1016497338.318193, 69
1016497441.44449, 80
1016497585.884946, 69
1016497683.266993, 78
1016497849.465467, 68
1016498329.856895, 69
1016498425.450141, 78
1016498689.392695, 84
1016498889.68687, 76
1016499041.682849, 89
1016499282.078305, 32
1016499387.199526, 79
1016499491.084011, 70
1016499587.231818, 32
1016499825.745814, 79
1016500017.509615, 84
1016500185.738524, 72
1016500273.13513, 69
1016500402.773585, 82
1016500553.81635, 83
1016500649.485608, 190
1016500761.477403, 32
1016501512.633688, 8
1016506236.743227, 32
new stimulus
1016519224.798371, 16
1016519736.438065, 16
1016519764.056018, 16
1016519795.457143, 16
1016519826.207995, 16
1016519859.24007, 16
1016519895.025811, 16
1016519920.029362, 16
1016521474.557293, 16
1016521679.204737, 87
1016521837.160799, 72
1016521979.222381, 69
1016522036.246257, 78
1016522209.502564, 32
1016522393.829022, 80
1016522513.666521, 69
1016522588.541793, 79
1016522675.665141, 80
1016522867.16567, 76
1016522937.760635, 69
1016523065.877722, 32
1016523601.626566, 76
1016523777.681759, 79
1016523913.234801, 79
1016524113.198847, 75
1016524201.601931, 32
1016524377.518692, 70
1016524459.102248, 79
1016524617.680283, 82
1016524723.616286, 87
1016524862.589634, 65
1016524992.41729, 82
1016525176.541232, 68
1016525244.729582, 32
1016525339.605697, 84
1016525489.46499, 79
1016525586.049178, 32
1016525746.718681, 67
1016525810.491898, 72
1016525937.201357, 65
1016525993.620458, 78
1016526121.594674, 71
1016526211.77685, 69
1016526265.561574, 188
1016526353.651452, 32
1016526489.789016, 84
1016526658.047609, 72
1016526731.392635, 69
1016526820.349726, 89
1016526923.079868, 32
1016526953.33303, 65
1016527153.26434, 82
1016527210.228294, 69
1016527241.530379, 78
1016527779.755471, 222
1016527971.480433, 84
1016528090.57944, 32
1016528313.894172, 84
1016528419.28338, 65
1016528578.097223, 75
1016528778.978973, 69
1016528841.858622, 78
1016529017.63057, 32
1016529081.827684, 66
1016529321.511004, 89
1016529402.181017, 32
1016529585.657739, 83
1016529683.772174, 85
1016529809.305097, 82
1016530017.057144, 82
1016530217.097203, 73
1016530519.846598, 8
1016531046.523821, 8
1016531521.76329, 80
1016531729.302001, 82
1016531842.905881, 73
1016532033.379126, 83
1016532137.592352, 69
1016532268.37877, 32
1016532393.218145, 66
1016532601.121385, 89
1016532681.451559, 32
1016533361.641136, 73
1016534641.795814, 84
1016535065.361444, 32
1016535161.547812, 16
1016537313.414791, 79
1016537433.377406, 82
1016537538.598498, 32
1016537801.656361, 85
1016537921.480821, 85
1016538374.870445, 8
1016538626.349923, 80
1016538857.598855, 83
1016539001.598491, 69
1016539129.148532, 84
1016539274.665653, 32
1016539473.178518, 66
1016539769.955623, 89
1016539906.828905, 32
1016540084.232635, 73
1016540170.911001, 84
1016540417.091211, 190
1016540522.768381, 32
1016540712.884031, 32
1016540816.621206, 16
1016540913.111626, 79
1016541017.139537, 78
1016541225.275533, 32
1016541322.613192, 84
1016541505.114785, 72
1016541529.30078, 69
1016541586.705276, 32
1016541824.725188, 84
1016542142.819493, 8
1016542369.256859, 79
1016542585.626391, 84
1016542760.796061, 72
1016542801.129819, 69
1016542922.565254, 82
1016542945.272048, 32
1016543045.667149, 72
1016543138.693431, 65
1016543224.943461, 78
1016543315.758709, 68
1016543393.5799, 188
1016543457.213852, 32
1016543760.887332, 73
1016543848.715325, 70
1016543937.067086, 32
1016544081.054516, 80
1016544216.935745, 69
1016544298.476855, 79
1016544352.983425, 80
1016544624.821341, 76
1016544729.277865, 69
1016544946.975959, 32
1016545185.297149, 68
1016545263.001269, 73
1016545536.613006, 83
1016545642.499073, 80
1016545848.600196, 76
1016545987.281698, 73
1016546375.838639, 8
1016546701.255712, 8
1016546877.479298, 8
1016547201.535628, 76
1016547360.804161, 73
1016547592.570758, 75
1016547688.767391, 69
1016547770.232488, 32
1016547904.607329, 67
1016547960.995081, 72
1016548088.877194, 65
1016548144.981978, 78
1016548304.633351, 71
1016548386.245758, 69
1016548480.769273, 188
1016548560.761272, 32
1016549168.911638, 84
1016549384.482479, 72
1016549480.673286, 69
1016549570.256235, 89
1016549664.944815, 32
1016549920.777007, 77
1016549978.422026, 65
1016550090.422976, 89
1016550235.27429, 32
1016550393.19928, 66
1016550513.840463, 69
1016550585.972888, 32
1016550800.715909, 77
1016550882.35689, 79
1016550952.927442, 82
1016551073.106999, 69
1016551138.146359, 32
1016551312.425235, 83
1016551418.545167, 72
1016551560.741298, 79
1016551642.319582, 67
1016551776.363739, 75
1016551848.898699, 69
1016552000.746536, 68
1016552088.841129, 32
1016552984.995206, 82
1016553293.375941, 8
1016553552.87562, 79
1016553784.358972, 82
1016553904.726619, 32
1016554035.201217, 85
1016554225.011984, 80
1016554464.592104, 83
1016554656.772866, 69
1016554770.024978, 84
1016556400.968693, 32
1016556872.781475, 73
1016556993.290052, 70
1016557088.790361, 32
1016557216.43417, 73
1016557312.66659, 84
1016557384.919137, 32
1016557528.498483, 87
1016557616.718192, 69
1016557848.55248, 82
1016557888.753631, 69
1016557994.358949, 32
1016558060.214756, 84
1016558232.565287, 79
1016558338.486309, 32
1016558496.319751, 79
1016558586.387075, 67
1016558776.604816, 67
1016558866.277927, 85
1016559016.510627, 82
1016559120.75326, 190
1016559225.864217, 32
1016559377.271234, 32
1016567915.560687, 16
1016568420.643291, 16
1016568451.07955, 16
1016568478.657832, 16
1016568508.554788, 16
1016568543.49218, 16
1016568573.9068, 16
1016568605.540124, 16
1016568636.348403, 16
1016568667.022965, 16
1016568722.247498, 16
1016568746.08977, 16
1016568776.381494, 16
1016568807.571224, 16
1016568839.025336, 16
1016568870.637576, 16
1016568888.324463, 84
1016569185.129865, 79
1016569896.72667, 32
1016570146.778548, 77
1016570338.6142, 69
1016570410.558256, 32
1016570609.85816, 73
1016570713.589787, 84
1016570808.816283, 32
1016570888.536966, 83
1016571008.634685, 69
1016571184.892394, 69
1016571314.798837, 77
1016571431.453501, 83
1016571592.6673, 32
1016572481.134357, 69
1016572598.243434, 65
1016572746.437654, 83
1016572890.524955, 73
1016572996.03179, 69
1016573141.792485, 82
1016573209.283125, 32
new stimulus
1016586424.32132, 16
1016586639.409451, 67
1016586738.438815, 76
1016586962.720631, 79
1016587362.25673, 8
1016587532.178454, 8
1016587712.393276, 8
1016588033.221274, 16
1016588161.698451, 65
1016588401.40341, 32
1016588541.617101, 71
1016588722.289111, 69
1016588818.668563, 87
1016588946.019694, 32
1016589230.567034, 8
1016589413.374898, 8
1016589565.748722, 8
1016589724.290971, 8
1016590028.93098, 8
1016590376.911421, 32
1016590528.705715, 67
1016590569.21508, 79
1016590657.547422, 85
1016590816.89391, 80
1016590992.076064, 76
1016591032.525783, 69
1016591152.412662, 32
1016591257.388793, 67
1016591329.388888, 76
1016591473.154937, 79
1016591512.673082, 83
1016591616.299566, 69
1016591688.237797, 32
1016591856.524686, 70
1016592104.894569, 82
1016592234.030895, 73
1016592416.167958, 69
1016592496.554448, 78
1016592609.759954, 68
1016592672.592996, 83
1016592776.142913, 16
1016592825.259775, 59
1016592945.717584, 32
1016593289.131421, 89
1016593450.504182, 79
1016593521.570483, 85
1016593592.655926, 32
1016593674.557959, 70
1016593754.607384, 79
1016593881.851431, 82
1016593969.86807, 77
1016594160.126314, 32
1016594280.304484, 67
1016594352.53567, 76
1016594512.357655, 79
1016594568.517924, 83
1016594672.237344, 69
1016594928.139724, 82
1016595080.190909, 32
1016595232.151655, 70
1016595423.904359, 82
1016595537.771233, 73
1016595592.975791, 69
1016595720.029528, 78
1016595825.829595, 68
1016595912.597568, 83
1016596032.07775, 72
1016596178.560014, 73
1016596360.044864, 80
1016596442.234581, 83
1016596576.026563, 32
1016596712.782496, 87
1016596826.151402, 73
1016596921.983783, 84
1016597104.066194, 72
1016597160.442018, 32
1016597336.040578, 84
1016597504.121068, 72
1016597624.077025, 79
1016597713.790084, 83
1016597800.355541, 69
1016597849.955668, 32
1016597969.53905, 84
1016598088.498793, 87
1016598186.283098, 79
1016598248.294701, 32
1016598353.688349, 70
1016598528.154482, 82
1016598625.617535, 73
1016598720.356883, 69
1016598817.43793, 78
1016598928.121414, 68
1016598992.571258, 83
1016599072.18014, 188
1016599129.895346, 32
1016599256.121818, 65
1016599375.809232, 78
1016599471.999485, 68
1016599585.848881, 32
1016599657.223396, 89
1016599810.287994, 79
1016599874.260676, 85
1016599880.254049, 32
1016600072.191237, 75
1016600167.970076, 78
1016600279.763516, 79
1016600360.009909, 87
1016600440.199708, 32
1016600529.4234, 84
1016600711.882547, 72
1016600832.149491, 65
1016600920.271272, 84
1016601001.597936, 32
1016601113.509557, 84
1016601279.982677, 72
1016601408.076738, 69
1016601472.214485, 89
1016601624.05705, 32
1016601749.37747, 87
1016601809.802787, 73
1016601943.907144, 76
1016602079.76285, 76
1016602177.526071, 32
1016602241.919321, 83
1016602323.020722, 85
1016602496.214886, 80
1016602631.89027, 80
1016602807.872502, 79
1016602968.303978, 82
1016603063.983501, 84
1016603143.758558, 32
1016603287.746542, 89
1016603431.79223, 79
1016603545.282368, 85
1016604256.385089, 32
1016604328.204307, 66
1016604433.67369, 69
1016604560.012794, 84
1016604687.763687, 84
1016604777.32694, 69
1016604847.984879, 82
1016604935.964621, 32
1016605019.667107, 84
1016605184.853833, 72
1016605264.777309, 65
1016605393.950532, 78
1016606360.090361, 32
1016606559.805839, 65
1016606632.237322, 78
1016606721.268761, 89
1016606855.937667, 32
1016606943.862479, 79
1016607103.791826, 84
1016607279.67058, 72
1016607383.942065, 69
1016607505.998366, 82
1016607511.69379, 32
1016607607.697062, 80
1016607743.668729, 69
1016607791.918933, 79
1016607863.995319, 80
1016608080.005037, 76
1016608239.619236, 69
1016608360.019341, 190
1016609525.511506, 13
1016610296.274421, 16
1016610803.013775, 16
1016610838.951542, 16
1016610866.507631, 16
1016610900.065692, 16
1016610929.899951, 16
1016610958.96437, 16
1016610990.114152, 16
1016611020.550134, 16
1016611052.739407, 16
1016611098.869293, 16
1016611130.351701, 16
1016611161.449328, 16
1016611193.191401, 16
1016611223.484234, 16
1016611254.825436, 16
1016611285.775753, 16
1016611317.091155, 16
1016611363.816938, 16
1016611395.394779, 16
1016611426.208883, 16
1016611457.425801, 16
1016611488.992545, 16
1016611520.509076, 16
1016611551.320128, 16
1016611583.712196, 16
1016611585.767043, 76
1016611784.351204, 79
1016611919.93282, 84
1016612079.813063, 83
1016612207.821124, 32
1016612311.672596, 79
1016612432.010837, 70
1016612504.072242, 32
1016613352.25825, 70
1016613528.000792, 82
1016613609.415954, 73
1016613711.711934, 69
1016613801.532354, 78
1016613895.896908, 68
1016613943.67855, 83
1016614047.754732, 16
1016614087.361928, 59
1016614176.045206, 32
1016614368.001813, 89
1016614494.856085, 79
1016614551.986213, 85
1016614601.44014, 32
1016614674.637024, 68
1016614737.382679, 79
1016614809.300658, 78
1016614921.412853, 222
1016615056.035984, 84
1016615144.198823, 32
1016615272.000206, 69
1016615573.473748, 8
1016615792.122559, 72
1016615857.488165, 65
1016615984.055585, 86
1016616058.35327, 69
1016616137.307997, 32
1016616280.043987, 69
1016616351.941992, 78
1016616687.903506, 79
1016616751.916137, 85
1016616959.910926, 71
1016617042.31703, 72
1016617135.528628, 32
1016617279.448645, 84
1016617447.954141, 73
1016617543.686928, 77
1016617593.410785, 69
1016617887.727456, 32
1016618361.306013, 84
1016618514.616406, 79
1016618584.210719, 32
1016618751.720556, 71
1016618895.443327, 69
1016618960.120377, 84
1016619041.073913, 32
1016619239.574294, 67
1016619353.078303, 76
1016619502.168588, 79
1016619561.19266, 83
1016619687.776171, 69
1016619880.603321, 32
1016620536.083967, 69
1016620592.14908, 78
1016620696.921585, 79
1016620768.004531, 85
1016620951.651589, 71
1016621055.840958, 72
1016621127.621892, 32
1016621295.450762, 84
1016621447.577683, 79
1016621505.341714, 32
1016621641.214065, 84
1016621871.42739, 72
1016622063.588178, 69
1016622167.82554, 77
1016622736.307955, 91
1016622797.12277, 8
1016623020.703824, 8
1016623194.802377, 8
1016623347.21393, 8
1016623544.348297, 69
1016623609.279463, 86
1016623775.496248, 69
1016623847.943266, 82
1016623903.511799, 89
1016624159.485198, 79
1016624247.958469, 78
1016624337.116411, 69
1016624480.070453, 32
1016624569.453938, 84
1016624759.391485, 72
1016624841.28048, 65
1016624991.595573, 84
1016625311.785228, 32
1016626007.844039, 84
1016626359.562709, 72
1016626527.28283, 69
1016626625.171445, 89
1016626713.059638, 32
1016626801.19418, 87
1016626871.770558, 79
1016626959.273693, 85
1016627119.473801, 76
1016627199.851968, 68
1016627351.628785, 32
1016628160.142127, 72
1016628311.314169, 69
1016628384.019743, 76
1016628783.810513, 80
1016629023.321001, 32
1016629096.24851, 89
1016629255.232965, 79
1016629319.670048, 85
1016629415.698287, 32
1016629519.680701, 79
1016629591.718525, 85
1016629865.723088, 84
1016630016.738111, 32
1016630946.615036, 73
1016631009.394537, 70
1016631099.078467, 32
1016631138.292837, 89
1016631271.972187, 79
1016631328.2437, 85
1016631415.680254, 32
1016631505.470991, 82
1016631584.004596, 69
1016631759.631176, 65
1016631832.31622, 76
1016631975.502462, 76
1016632015.854529, 89
1016632119.56313, 32
1016632319.655899, 78
1016632359.650651, 69
1016632535.689753, 69
1016632623.627882, 68
1016632735.475696, 32
1016633124.804141, 8
1016633185.555704, 69
1016633296.928299, 68
1016633383.662981, 32
1016633575.419014, 73
1016633727.998406, 84
1016634113.286512, 190
1016634207.855246, 32
1016634438.865875, 32
new stimulus
1016651416.115248, 16
1016651597.75573, 73
1016651692.067575, 32
1016652050.207953, 84
1016652258.53842, 72
1016652418.436696, 73
1016652457.070149, 78
1016652577.030545, 75
1016652824.115419, 32
1016653095.956942, 73
1016653212.825218, 84
1016653265.68891, 32
1016653409.437759, 83
1016653480.097363, 72
1016653615.842379, 79
1016653671.88197, 85
1016653807.378972, 76
1016653880.393869, 68
1016653959.320022, 32
1016654031.623614, 66
1016654129.572152, 69
1016654217.250339, 32
1016654319.309402, 65
1016654423.511532, 32
1016654655.313084, 77
1016654737.020924, 73
1016654807.664715, 88
1016654943.291827, 32
1016655031.514034, 79
1016655111.404497, 70
1016655239.232513, 32
1016655344.02943, 66
1016655655.221536, 84
1016655949.514626, 8
1016656168.471096, 79
1016656343.273462, 84
1016656527.16992, 72
1016656687.376964, 190
1016656759.527698, 32
1016656943.395859, 16
1016656945.737558, 32
1016657039.288718, 83
1016657168.633941, 79
1016657239.498558, 77
1016657351.201004, 69
1016657463.790361, 32
1016657591.315434, 79
1016657815.610012, 76
1016657857.442945, 68
1016657999.580541, 32
1016658151.221423, 66
1016658303.03264, 85
1016658367.8312, 73
1016658607.267339, 76
1016658703.197094, 68
1016658767.928518, 73
1016658848.739183, 78
1016658959.147744, 71
1016659081.192948, 83
1016659191.415916, 32
1016659281.82086, 65
1016659408.735332, 82
1016659472.177311, 69
1016659553.401885, 32
1016659768.008693, 68
1016659919.564406, 69
1016660017.340666, 78
1016660287.668587, 8
1016660467.351042, 8
1016660497.492681, 65
1016660600.901391, 78
1016661040.038028, 71
1016661159.085158, 69
1016661258.546188, 82
1016661263.415456, 79
1016661360.997245, 85
1016661510.970557, 83
1016661911.587761, 32
1016662063.287732, 84
1016662271.215386, 32
1016662351.414895, 84
1016662542.980063, 72
1016662804.659706, 8
1016663099.320932, 8
1016663332.223839, 8
1016663607.576107, 79
1016663727.173638, 32
1016663847.106014, 84
1016664031.52735, 72
1016664184.979226, 69
1016664190.927657, 32
1016664359.413734, 83
1016664486.924936, 65
1016664632.830723, 70
1016664824.77762, 84
1016665156.472421, 8
1016665359.943883, 69
1016665474.889919, 84
1016665647.189129, 89
1016665766.906505, 32
1016665953.520565, 79
1016666033.043725, 70
1016666103.199813, 32
1016666192.497852, 84
1016666374.852135, 72
1016666470.8776, 79
1016666519.192442, 83
1016666599.026312, 69
1016666671.055259, 32
1016666815.222734, 87
1016666871.431551, 72
1016667015.112987, 79
1016667136.401945, 32
1016667671.066356, 83
1016667791.057268, 84
1016667840.755879, 65
1016667947.06945, 89
1016668017.977344, 32
1016668208.628415, 73
1016668244.712105, 78
1016668457.26573, 32
1016668523.975433, 84
1016668680.252829, 72
1016668786.835496, 69
1016668865.649017, 77
1016668967.8651, 188
1016669055.986049, 32
1016669399.991621, 65
1016669478.041683, 78
1016669575.910047, 68
1016669679.879422, 32
1016669759.071065, 83
1016669856.794061, 72
1016669999.260121, 79
1016670039.360569, 85
1016670167.199682, 76
1016670282.184834, 68
1016670320.621597, 32
1016670424.690843, 66
1016670535.138798, 69
1016670624.522006, 32
1016670782.867009, 82
1016670873.793224, 69
1016671295.834156, 77
1016671376.718059, 79
1016671591.982906, 68
1016671752.445176, 69
1016671847.096027, 76
1016671975.194526, 69
1016672144.357229, 68
1016672231.953022, 188
1016672327.935487, 32
1016672959.375228, 66
1016673126.894221, 85
1016673240.609069, 84
1016673319.21397, 32
1016674047.29477, 84
1016674206.838226, 72
1016674326.732596, 79
1016674408.47761, 83
1016674476.133869, 69
1016674574.5604, 32
1016674902.713385, 85
1016675063.061913, 76
1016675339.825691, 8
1016675506.475805, 8
1016675735.228793, 79
1016675970.036186, 76
1016676055.976062, 68
1016676161.359444, 32
1016676296.161788, 66
1016676445.454868, 85
1016676511.235493, 73
1016676711.125191, 76
1016676800.547515, 68
1016676896.685057, 73
1016676951.224086, 78
1016677070.805804, 71
1016677176.603374, 83
1016677262.608998, 32
1016677526.764888, 84
1016677686.791886, 72
1016677790.995958, 65
1016677871.024299, 84
1016677950.804072, 32
1016678040.284099, 65
1016678190.815857, 82
1016678255.157785, 69
1016678295.101491, 78
1016678727.055179, 222
1016678910.81265, 84
1016679007.060328, 32
1016679096.313426, 68
1016679191.035019, 65
1016679278.688238, 78
1016679430.807945, 71
1016679503.185331, 69
1016679616.584753, 82
1016679703.170462, 79
1016679758.71153, 85
1016679880.127269, 83
1016679975.0253, 32
1016680031.158104, 83
1016680136.653287, 72
1016680270.739611, 79
1016680342.996875, 85
1016680550.712579, 68
1016680852.04325, 8
1016681080.761838, 76
1016681168.557928, 68
1016681264.64498, 32
1016681390.669768, 66
1016681454.858005, 69
1016681550.55445, 32
1016681782.740783, 80
1016681855.102079, 82
1016681926.845284, 69
1016682223.731693, 83
1016682415.052177, 69
1016682550.602999, 82
1016682678.853247, 86
1016682766.920376, 69
1016682958.767679, 82
1016683198.958955, 68
1016683279.065528, 32
1016683621.753081, 8
1016683786.229612, 8
1016683946.605049, 8
1016684122.45523, 8
1016684491.435502, 69
1016684702.914126, 68
1016684775.060421, 32
1016685375.023303, 73
1016685391.325588, 78
1016685614.934662, 32
1016685672.184912, 79
1016685782.494712, 82
1016686006.648638, 68
1016686142.521544, 69
1016686263.009592, 82
1016686374.825225, 32
1016686574.653891, 84
1016686775.27237, 79
1016686914.317292, 32
1016687736.117368, 75
1016687886.487668, 69
1016688078.834049, 69
1016688135.000699, 80
1016688270.43334, 32
1016688494.546762, 65
1016689760.332215, 32
1016690062.897403, 80
1016690246.651822, 73
1016690360.042644, 69
1016690526.788746, 67
1016690672.123325, 69
1016690784.20001, 32
1016690904.108528, 79
1016691040.365938, 70
1016691206.753613, 32
1016692087.051495, 72
1016692270.619211, 73
1016692398.431414, 83
1016692606.480299, 84
1016692910.660347, 79
1016693574.860014, 82
1016694238.835248, 89
1016695466.061873, 32
1016696248.828734, 73
1016696320.613552, 78
1016696560.037484, 32
1016696680.958862, 84
1016697103.25918, 72
1016697599.452706, 69
1016698431.298423, 32
1016698678.700389, 67
1016698791.3591, 73
1016698910.815147, 84
1016699198.943142, 89
1016700241.623315, 190
1016701048.827236, 32
1016701232.320881, 32
1016701343.885727, 16
1016701800.555837, 79
1016702024.445382, 76
1016702143.225635, 68
1016702254.952494, 32
1016702353.788497, 66
1016702546.772389, 85
1016702640.705833, 73
1016702832.775904, 76
1016702946.568153, 68
1016703031.909634, 73
1016703132.680084, 78
1016703263.417676, 71
1016703361.090458, 83
1016703463.124832, 32
1016703585.105952, 65
1016703723.473138, 82
1016703783.199635, 69
1016703864.909416, 32
1016704046.846737, 83
1016704445.42019, 8
1016704583.769067, 65
1016704710.687978, 76
1016704894.831617, 83
new stimulus
1016715797.936442, 16
1016716309.002432, 16
1016716338.359251, 16
1016716369.688246, 16
1016716399.43706, 16
1016716432.064933, 16
1016716460.767875, 16
1016716491.657992, 16
1016716524.085292, 16
1016716555.745803, 16
1016716607.164416, 16
1016716633.4502, 16
1016716664.809712, 16
1016716694.050292, 16
1016716726.065901, 16
1016716756.826186, 16
1016716799.202862, 16
1016716820.56861, 16
1016716866.278205, 16
1016716897.213542, 16
1016716928.65295, 16
1016716942.975846, 84
1016717159.253552, 65
1016717223.059505, 75
1016717366.472398, 73
1016717438.848397, 78
1016717566.463632, 71
1016717670.712646, 32
1016717790.378422, 67
1016717894.622443, 76
1016717950.702537, 65
1016718046.520215, 83
1016718246.347216, 83
1016718351.605482, 69
1016718464.637046, 83
1016718600.398429, 32
1016718710.714055, 73
1016718854.567491, 78
1016719030.511717, 32
1016719222.780698, 77
1016719304.332073, 65
1016719408.063977, 78
1016719550.484263, 89
1016719655.151071, 32
1016719766.607169, 83
1016719894.566126, 85
1016720070.71592, 66
1016720222.895827, 74
1016720321.434436, 69
1016720470.588529, 67
1016720550.541966, 84
1016720710.415274, 83
1016720767.596725, 32
1016720848.029821, 73
1016721006.713831, 32
1016721104.539472, 69
1016721388.152185, 8
1016721546.186201, 8
1016721671.12933, 83
1016721766.382736, 32
1016721862.534427, 66
1016721968.49734, 69
1016722102.485457, 84
1016722262.100765, 84
1016722318.579789, 69
1016722434.833858, 82
1016722567.892898, 188
1016722633.342562, 32
1016722758.199968, 66
1016722838.433045, 69
1016722966.167292, 67
1016723112.871215, 65
1016723207.112039, 85
1016723406.644143, 83
1016723478.60429, 69
1016723646.72889, 32
1016724407.090512, 79
1016724462.619651, 78
1016724559.703194, 69
1016724662.297955, 32
1016724744.06433, 87
1016724798.738462, 73
1016724958.580699, 76
1016725110.569742, 76
1016725208.727454, 32
1016725462.301173, 72
1016725544.054787, 65
1016725638.778321, 86
1016725726.076166, 69
1016725830.656973, 32
1016725879.999933, 65
1016726014.364786, 32
1016727014.56758, 71
1016727110.799723, 82
1016727238.216602, 69
1016727286.219347, 65
1016727384.118227, 84
1016727574.304342, 69
1016727687.046002, 82
1016727798.252423, 32
1016727985.125038, 85
1016728056.17941, 78
1016728134.14153, 68
1016728286.169967, 69
1016728375.9546, 82
1016728542.172217, 83
1016728662.006942, 84
1016728759.969073, 65
1016728877.988086, 78
1016728967.974404, 68
1016729070.219061, 73
1016729159.755127, 78
1016729286.075922, 71
1016729392.052982, 32
1016729533.946171, 79
1016729599.968707, 70
1016729670.840259, 32
1016731052.319949, 8
1016731565.292089, 8
1016731596.036284, 8
1016731628.311835, 8
1016731658.540584, 8
1016731689.971392, 8
1016731721.25489, 8
1016731753.608119, 8
1016731785.678379, 8
1016731820.930088, 8
1016731861.058555, 8
1016731890.523291, 8
1016731922.79468, 8
1016731953.866785, 8
1016731984.892283, 8
1016732016.507853, 8
1016732046.876699, 8
1016732078.638191, 8
1016732127.452666, 8
1016732156.347859, 8
1016732361.887485, 8
1016732521.763012, 8
1016732689.968895, 8
1016732849.653003, 8
1016733042.367243, 8
1016733179.031628, 77
1016733461.664495, 79
1016733569.539938, 82
1016733678.401608, 69
1016733743.796065, 32
1016734054.403925, 71
1016734136.372261, 69
1016734230.81255, 78
1016734327.977932, 69
1016734438.052481, 82
1016734526.067177, 65
1016734629.959707, 76
1016734781.980931, 32
1016734965.760595, 85
1016735046.15735, 78
1016735110.149451, 68
1016735238.059028, 69
1016735326.320628, 82
1016735471.61831, 83
1016735591.616712, 84
1016735630.232133, 65
1016735774.020375, 78
1016735822.429818, 68
1016735935.54322, 73
1016735998.340753, 78
1016736137.987953, 71
1016736199.449155, 32
1016736333.79237, 79
1016736374.487328, 70
1016736525.900725, 65
1016736532.362383, 32
1016736710.211648, 32
1016736783.929249, 87
1016737146.710025, 8
1016737313.347655, 8
1016737473.582996, 8
1016737641.48344, 8
1016737934.399142, 32
1016738061.892034, 65
1016738135.077821, 32
1016738262.881424, 87
1016738351.736424, 73
1016738526.083822, 70
1016738818.49684, 8
1016738903.525115, 68
1016738974.176119, 69
1016739133.798362, 32
1016739349.633029, 86
1016739589.655633, 65
1016739765.96633, 82
1016739901.714675, 73
1016740013.943109, 69
1016740173.995075, 84
1016740349.712648, 89
1016740430.202338, 32
1016740565.83056, 79
1016740645.860289, 70
1016740760.01457, 32
1016741190.063773, 84
1016741389.558425, 72
1016741487.310827, 73
1016741600.799023, 78
1016741733.754863, 71
1016741909.731824, 83
1016741999.642406, 32
1016742141.787492, 65
1016742206.003193, 78
1016742373.81514, 68
1016742597.740195, 32
1016743037.976523, 87
1016743175.894844, 79
1016743246.061751, 78
1016743365.711714, 222
1016743549.767966, 84
1016743637.832875, 32
1016743869.630821, 66
1016743973.954738, 69
1016744085.958462, 67
1016744190.28987, 79
1016744245.768518, 77
1016744335.537062, 69
1016744472.982105, 32
1016744551.30709, 84
1016744709.645712, 79
1016744837.706483, 79
1016744935.734085, 32
1016745039.441299, 71
1016745190.134237, 79
1016745389.643316, 79
1016745477.616399, 68
1016745575.546904, 32
1016745685.742962, 65
1016745774.442885, 84
1016745853.712484, 32
1016746005.623572, 79
1016746078.162416, 78
1016746167.37723, 69
1016746277.630714, 32
1016746421.624524, 84
1016746597.688595, 72
1016746693.76455, 73
1016746758.103149, 78
1016746877.770034, 71
1016746982.106435, 32
1016747061.77746, 65
1016747173.812255, 78
1016747285.704734, 68
1016747341.956551, 32
1016747518.751622, 66
1016747606.040312, 65
1016747701.64937, 68
1016747781.835286, 32
1016747909.496849, 65
1016748142.145363, 84
1016748214.012852, 32
1016748405.697588, 69
1016748493.602704, 86
1016748613.609983, 69
1016748693.894105, 82
1016748765.740233, 89
1016748958.321311, 84
1016749141.56833, 72
1016749245.916106, 73
1016749301.957639, 78
1016749437.562003, 71
1016749517.895783, 32
1016749597.512988, 69
1016749749.518676, 76
1016749813.911094, 83
1016749925.673463, 69
1016750021.972187, 190
1016750151.114893, 32
new stimulus
1016778821.987056, 16
1016778996.983339, 80
1016779224.805584, 69
1016779288.862324, 79
1016779392.618918, 80
1016779616.485715, 76
1016779646.47727, 69
1016779798.417487, 32
1016779846.408303, 87
1016779975.664475, 79
1016780058.520832, 85
1016780199.596465, 76
1016780263.945328, 68
1016780373.588489, 32
1016780534.089042, 87
1016780606.243106, 69
1016780773.475801, 65
1016780958.770731, 82
1016781046.027795, 32
1016781301.051586, 67
1016781721.613039, 76
1016781918.822586, 79
1016782135.698686, 84
1016782366.225218, 72
1016783224.775068, 73
1016783638.022353, 78
1016784326.02906, 71
1016786334.228196, 32
1016786718.123101, 8
1016787242.990439, 8
1016787256.364005, 8
1016787289.437415, 8
1016787459.16328, 8
1016787650.772558, 8
1016788034.145359, 8
1016788301.484916, 8
1016788569.351293, 8
1016788935.607304, 84
1016789143.580455, 72
1016789270.038295, 73
1016789353.124632, 78
1016789558.521386, 32
1016789669.917007, 66
1016789840.151104, 85
1016789935.775698, 84
1016790025.275422, 32
1016790121.154409, 83
1016790215.782789, 84
1016790349.998668, 82
1016790414.442131, 79
1016790497.104571, 78
1016790645.413643, 71
1016790717.570481, 32
1016790765.302465, 83
1016790917.388882, 80
1016790974.059325, 65
1016791165.566235, 67
1016791245.404266, 69
1016791525.59279, 83
1016791805.448687, 85
1016791813.460565, 73
1016792534.906043, 84
1016793206.051464, 83
1016793885.925616, 32
1016794333.749925, 84
1016794621.710358, 72
1016794773.800937, 65
1016794871.563326, 84
1016794975.183707, 32
1016795055.4731, 65
1016795135.297815, 85
1016795317.237633, 84
1016795501.324956, 79
1016795749.165244, 77
1016795877.175247, 65
1016795997.600597, 84
1016796157.202866, 73
1016796206.918955, 67
1016796319.305241, 65
1016796373.428695, 76
1016796518.229241, 76
1016796597.283007, 89
1016796677.521078, 32
1016796822.455063, 70
1016796903.014108, 73
1016796981.766319, 84
1016797102.653573, 32
1016797213.384774, 84
1016797349.825003, 72
1016797471.090103, 69
1016797543.293547, 73
1016797661.054838, 82
1016797725.780159, 32
1016797766.755588, 66
1016797957.253246, 79
1016798047.215428, 68
1016798142.606712, 89
1016798221.672129, 32
1016798341.401989, 83
1016798453.026481, 73
1016798602.312625, 90
1016798765.577665, 69
1016799383.89102, 190
1016799494.906021, 32
1016799701.077053, 32
1016804702.794003, 16
1016804887.284972, 84
1016805325.44953, 72
1016805414.750067, 69
1016805517.026905, 89
1016805573.267348, 32
1016805685.014736, 87
1016805733.455527, 79
1016805820.964488, 85
1016805956.920065, 76
1016806029.238638, 68
1016806101.060353, 32
1016806332.944853, 76
1016806437.403041, 73
1016806661.212412, 86
1016806766.723408, 69
1016806846.620529, 32
1016807028.695173, 73
1016807109.134928, 78
1016808541.296681, 32
1016809197.279734, 70
1016809301.013857, 76
1016809541.249242, 79
1016809668.618128, 65
1016809782.427299, 84
1016809956.859033, 73
1016810029.195083, 78
1016810196.927134, 71
1016810287.923813, 32
1016810437.369196, 66
1016810615.480623, 85
1016810782.901964, 66
1016810908.946726, 66
1016811092.885352, 76
1016811190.635257, 69
1016811294.599084, 32
1016811358.540417, 72
1016811524.903125, 79
1016811597.075498, 85
1016811677.151555, 83
1016811788.780763, 69
1016811973.139957, 83
1016812037.175613, 32
1016812633.406091, 84
1016813014.421103, 72
1016813172.766661, 65
1016813245.101879, 84
1016813324.683297, 32
1016813406.409446, 87
1016813517.259105, 69
1016813748.767702, 82
1016813805.086932, 69
1016813956.823246, 32
1016814172.879016, 67
1016814246.945887, 72
1016814342.532752, 65
1016814437.135886, 73
1016814484.689767, 78
1016814645.124295, 69
1016814773.051071, 68
1016814828.760811, 32
1016815020.697998, 68
1016815084.96641, 79
1016815184.006038, 87
1016815302.455884, 78
1016815501.281401, 32
1016815676.728213, 84
1016815860.862697, 79
1016815981.045028, 32
1016816156.707395, 84
1016816564.936715, 72
1016818261.309564, 69
1016818351.389927, 32
1016818661.715374, 78
1016818692.73144, 69
1016818876.700582, 65
1016819108.83143, 82
1016819468.858262, 69
1016819692.578304, 83
1016819846.180542, 84
1016820781.246601, 32
1016821588.768445, 67
1016821732.890146, 69
1016821820.753371, 76
1016821964.698633, 69
1016822132.813245, 83
1016822276.637829, 84
1016822484.587676, 73
1016822526.269416, 65
1016822622.302094, 76
1016822742.479986, 32
1016822860.776697, 66
1016823084.760564, 79
1016823182.437785, 68
1016823349.138667, 89
1016823565.070986, 16
1016823568.613356, 32
1016823696.866101, 57
1016824019.4571, 73
1016824142.802847, 70
1016824256.265244, 32
1016824446.469669, 73
1016824549.826501, 84
1016824625.274922, 32
1016824691.201748, 87
1016824795.163633, 69
1016825009.380388, 82
1016825088.48409, 69
1016825139.161715, 78
1016825673.945971, 222
1016825864.460274, 84
1016825944.932487, 32
1016826097.182304, 79
1016826152.360785, 78
1016826336.325211, 32
1016826449.156755, 70
1016826536.759761, 73
1016826657.614002, 82
1016826776.762668, 69
1016826842.020635, 16
1016826939.771373, 48
1016827021.746922, 32
1016827165.195048, 65
1016827244.989802, 78
1016827380.555882, 68
1016827484.951096, 32
1016829543.795954, 87
1016829814.712837, 79
1016829918.751567, 85
1016830174.606508, 76
1016830533.4679, 68
1016830757.736122, 32
1016831149.326092, 72
1016831253.056886, 65
1016831461.462533, 69
1016831874.36776, 8
1016832124.533102, 86
1016832211.765198, 69
1016832312.28708, 32
1016832422.822977, 66
1016832842.413461, 68
1016833280.512826, 8
1016833391.577208, 82
1016833518.566861, 73
1016833679.525434, 68
1016833770.229714, 71
1016833910.880618, 69
1016834093.511211, 83
1016834182.843095, 32
1016834437.093718, 67
1016834539.043202, 79
1016834736.035252, 78
1016834905.194071, 78
1016834996.805513, 69
1016835125.156464, 67
1016835221.492916, 84
new stimulus
1016846684.464058, 16
1016846833.56877, 67
1016846998.988805, 76
1016847104.392994, 65
1016847183.719741, 83
1016847407.146273, 83
1016847533.06037, 69
1016847637.284694, 83
1016847724.97259, 32
1016847868.846555, 83
1016847937.85801, 72
1016848062.331467, 79
1016848126.993814, 85
1016848268.428151, 76
1016848349.200809, 68
1016848420.745659, 32
1016848518.270854, 66
1016848628.772351, 69
1016848695.089784, 32
1016848844.761818, 79
1016849036.760316, 80
1016849268.704738, 84
1016849452.404506, 73
1016849532.71637, 79
1016849580.44447, 78
1016849654.21478, 65
1016849780.491187, 76
1016849916.790488, 32
1016850268.468377, 70
1016850308.726399, 79
1016850453.329701, 82
1016850543.929948, 32
1016850620.833157, 83
1016850734.475599, 84
1016850861.322381, 85
1016850925.02125, 68
1016851076.776428, 69
1016851158.694274, 78
1016851316.435058, 84
1016851412.354548, 83
1016851502.094795, 190
1016851580.942993, 32
1016851748.410108, 32
1016851804.722125, 16
1016851924.58043, 69
1016852021.81489, 86
1016852180.289171, 69
1016852244.997292, 82
1016852312.041286, 89
1016852452.309906, 79
1016852516.68235, 78
1016852620.430899, 69
1016852724.680468, 32
1016852790.165086, 76
1016852892.113737, 69
1016852990.348572, 65
1016853110.475142, 82
1016853148.797607, 78
1016853268.947203, 83
1016853366.151424, 32
1016853492.247231, 68
1016853582.302349, 73
1016853708.415079, 70
1016853876.358801, 70
1016854036.427412, 69
1016854126.417614, 82
1016854228.564619, 69
1016854295.071807, 78
1016854492.357367, 84
1016854644.221294, 76
1016854716.711312, 89
1016854893.004254, 188
1016854956.528903, 32
1016855053.77335, 65
1016855164.174698, 78
1016855245.84037, 68
1016855358.22083, 32
1016855468.425488, 70
1016855516.566943, 79
1016855652.206262, 82
1016855742.221154, 32
1016855884.159562, 83
1016855948.763929, 79
1016856053.940911, 77
1016856116.470457, 69
1016856236.11071, 32
1016856388.191024, 80
1016856508.227433, 69
1016856564.391585, 79
1016856636.295416, 80
1016856836.159591, 76
1016856942.41851, 69
1016857013.874863, 32
1016857132.087793, 87
1016857204.501798, 72
1016857332.122581, 79
1016857404.527709, 32
1016857548.017725, 76
1016857630.29483, 69
1016857717.983558, 65
1016857832.426356, 82
1016857868.837123, 78
1016858044.174909, 32
1016858076.333666, 66
1016858196.092655, 69
1016858316.207574, 84
1016858460.219971, 84
1016858548.054345, 69
1016858613.653538, 82
1016858684.178593, 32
1016858828.090842, 79
1016858925.815225, 78
1016859116.143101, 32
1016859175.740321, 84
1016859356.033376, 72
1016859404.516612, 69
1016859493.779697, 73
1016859612.639847, 82
1016859692.601052, 32
1016859820.21601, 79
1016859941.779613, 87
1016860038.080833, 78
1016860236.109878, 188
1016860340.483176, 32
1016861502.359453, 73
1016861598.229286, 84
1016861676.342322, 32
1016861828.104713, 73
1016861869.778963, 83
1016861972.148182, 32
1016862038.258381, 65
1016862133.780052, 32
1016862387.82594, 87
1016862547.938383, 65
1016862636.338139, 83
1016862780.038994, 84
1016862932.119585, 69
1016863004.498913, 32
1016863107.949514, 79
1016863189.554985, 70
1016863276.507997, 32
1016863357.462365, 84
1016863550.277863, 73
1016863637.210068, 77
1016863693.600318, 69
1016863827.940481, 32
1016863947.814044, 84
1016864124.102825, 79
1016864197.56187, 32
1016864396.90727, 72
1016864452.518803, 65
1016864579.679069, 86
1016864620.513847, 69
1016864700.001775, 32
1016864837.08534, 84
1016864988.156679, 79
1016865068.237175, 32
1016865100.098262, 65
1016865236.083523, 84
1016865419.918949, 84
1016865460.105397, 69
1016865612.646227, 78
1016865708.118518, 68
1016865805.490855, 32
1016865877.749228, 65
1016865974.534822, 32
1016866108.628637, 67
1016866231.701403, 76
1016866293.162605, 65
1016866429.815615, 83
1016866595.981077, 83
1016866660.219805, 190
1016866757.400445, 32
1016866956.196832, 32
1016867628.238873, 16
1016868137.122126, 16
1016868167.856057, 16
1016868198.695406, 16
1016868229.969472, 16
1016868261.086796, 16
1016868292.209114, 16
1016868323.655458, 16
1016868354.64822, 16
1016868385.937822, 16
1016868432.794824, 16
1016868464.270575, 16
1016868495.363763, 16
1016868526.540178, 16
1016868557.810082, 16
1016868589.584059, 16
1016868620.455866, 16
1016868651.305481, 16
1016868697.866199, 16
1016868729.21073, 16
1016868760.520028, 16
1016868791.634578, 16
1016868822.797121, 16
1016868854.042058, 16
1016868885.210428, 16
1016868916.801307, 16
1016868947.528302, 16
1016868994.914066, 16
1016869025.69488, 16
1016869056.638262, 16
1016869088.108187, 16
1016869119.438291, 16
1016869150.989222, 16
1016869181.793062, 16
1016869213.021354, 16
1016869243.492291, 73
1016869363.799461, 70
1016869476.015411, 32
1016869611.892201, 83
1016869661.590812, 79
1016869757.702277, 77
1016869837.768625, 69
1016869909.511275, 79
1016869972.536569, 78
1016870093.53812, 69
1016870211.799598, 32
1016870476.499508, 87
1016870581.814368, 65
1016870628.381744, 78
1016870827.957958, 84
1016870901.780423, 83
1016871013.581353, 32
1016871085.446068, 84
1016871283.80219, 79
1016871348.319447, 32
1016871475.85312, 83
1016871597.526582, 75
1016871739.939933, 73
1016871899.755815, 80
1016871997.923791, 32
1016872268.432867, 67
1016872371.685113, 76
1016872469.543766, 65
1016872556.165262, 83
1016872734.356308, 83
1016872804.035511, 32
1016873035.970225, 65
1016873682.244701, 8
1016873908.359984, 69
1016873940.343412, 86
1016874100.014481, 69
1016874156.220246, 78
1016874315.705444, 32
1016874403.97398, 84
1016874539.648254, 72
1016874675.659037, 79
1016874746.448751, 85
1016874899.820176, 71
1016874988.584738, 72
1016875093.566972, 32
1016875188.117397, 84
1016875363.578635, 72
1016875437.668532, 69
1016875533.370248, 89
1016875580.140696, 32
1016875764.869413, 78
1016875829.00383, 69
1016876012.366533, 69
1016876084.282848, 68
1016876139.929613, 32
1016876269.014616, 73
1016876373.68836, 84
1016876536.982806, 188
1016876633.796143, 32
1016876716.81368, 84
1016876900.084557, 72
1016876957.518459, 65
1016877059.792246, 84
1016877195.890971, 222
1016877275.942061, 83
1016877363.566706, 32
1016877469.466644, 84
1016877651.570416, 72
1016877787.805078, 69
1016877828.233158, 73
1016877995.897241, 82
1016878101.432095, 32
1016878283.593016, 80
1016878539.848828, 69
1016878675.759186, 82
1016878835.980933, 79
1016879091.984848, 71
1016879195.643236, 65
1016879317.627685, 84
1016879651.684158, 86
1016879763.700921, 69
1016880049.422301, 8
1016880223.977764, 8
1016880404.527154, 73
1016880595.466741, 86
1016880715.583324, 69
1016880797.414338, 190
1016880877.618286, 32
new stimulus
1016913468.22103, 16
1016913490.336643, 84
1016913743.378549, 72
1016913878.203641, 69
1016913892.646105, 32
1016914006.566521, 66
1016914148.413659, 69
1016914268.955248, 78
1016914349.636913, 69
1016914612.146595, 70
1016914871.894565, 73
1016914975.297449, 84
1016915117.555722, 83
1016915205.190631, 32
1016915324.166465, 79
1016915405.5586, 70
1016915485.528961, 32
1016915604.915375, 80
1016915771.585186, 76
1016915867.27858, 65
1016915981.715274, 78
1016916131.645031, 78
1016916221.138652, 73
1016916333.327969, 78
1016916459.309757, 71
1016916580.963522, 32
1016916987.659544, 65
1016917085.337042, 82
1016917187.713751, 69
1016917253.160086, 32
1016917310.481356, 84
1016917483.666921, 72
1016917523.848098, 65
1016917653.123411, 84
1016917724.316216, 32
1016917867.714406, 89
1016918003.435009, 79
1016918067.92813, 85
1016918110.9376, 32
1016918115.816579, 68
1016918236.649459, 79
1016918357.040964, 78
1016918437.453254, 222
1016918595.29169, 84
1016918691.647006, 87
1016918697.890612, 32
1016918763.455127, 65
1016918947.531631, 83
1016919044.804374, 84
1016919433.32636, 8
1016919607.966991, 8
1016919761.685745, 8
1016919920.302342, 8
1016920079.914599, 8
1016920323.763929, 32
1016920405.316136, 87
1016920523.191168, 65
1016920627.592486, 83
1016920717.127164, 84
1016920859.871477, 69
1016920932.865844, 32
1016921022.269858, 84
1016921171.62175, 73
1016921253.537654, 77
1016921299.972979, 69
1016921467.4695, 32
1016921563.456126, 70
1016921663.651485, 73
1016921740.622385, 78
1016922040.85281, 8
1016922275.698764, 71
1016922419.872065, 85
1016922515.154323, 82
1016922644.919004, 73
1016922691.559897, 78
1016923059.678226, 71
1016923179.44637, 32
1016923331.44429, 79
1016923396.681173, 85
1016923595.240922, 84
1016923683.477554, 32
1016923764.579786, 87
1016923852.896316, 65
1016923859.505005, 72
1016924011.632481, 84
1016924083.496086, 32
1016924267.427499, 89
1016924624.182167, 8
1016924815.91018, 8
1016924959.760842, 8
1016925267.870538, 32
1016925688.288842, 8
1016925923.538442, 84
1016926005.059856, 32
1016926123.114933, 89
1016926251.30082, 79
1016926315.318721, 85
1016926379.180713, 32
1016926451.623015, 87
1016926562.978964, 65
1016926630.72483, 78
1016926789.374163, 84
1016926876.571859, 32
1016926964.75273, 84
1016927107.203532, 79
1016927180.905042, 32
1016927236.866123, 68
1016927307.416979, 79
1016927386.840823, 32
1016927835.330939, 87
1016927930.741087, 72
1016928027.123591, 69
1016928091.28048, 78
1016928259.166775, 32
1016928340.795828, 89
1016928472.167323, 79
1016928523.269401, 85
1016928587.17467, 32
1016928730.822537, 72
1016928836.104107, 65
1016928932.604515, 86
1016929003.313777, 69
1016929091.265499, 32
1016929219.143727, 84
1016929380.913198, 72
1016929443.58395, 69
1016929506.971277, 32
1016929612.499195, 70
1016929771.114405, 82
1016929835.1889, 69
1016930026.955475, 69
1016930124.793877, 32
1016930235.035986, 84
1016930435.041368, 73
1016930499.99667, 77
1016930570.974197, 69
1016931115.301688, 188
1016932355.522647, 32
1016932634.947711, 66
1016932827.188119, 85
1016932900.656596, 84
1016932971.1012, 32
1016933109.632063, 84
1016933275.777829, 72
1016933355.771215, 69
1016933380.365295, 32
1016933506.784296, 66
1016933604.600782, 69
1016933746.881248, 78
1016933796.332679, 69
1016934011.169467, 70
1016934235.067057, 73
1016934410.78796, 84
1016934506.790676, 83
1016934602.800328, 32
1016934962.710644, 79
1016935114.741578, 70
1016935226.82076, 32
1016937139.231348, 78
1016937260.590493, 79
1016937411.196599, 84
1016937499.256515, 32
1016937762.75714, 77
1016937874.809967, 65
1016937979.207401, 75
1016938122.885507, 73
1016938204.567824, 78
1016938334.056473, 71
1016938413.416788, 32
1016938602.848322, 80
1016938778.764528, 76
1016938908.485655, 65
1016939019.671268, 78
1016939363.021299, 83
1016939547.970564, 32
1016940454.475721, 65
1016940603.432013, 82
1016940756.68276, 69
1016940762.219778, 32
1016940770.292133, 84
1016940987.038956, 72
1016941138.619637, 65
1016941227.142566, 84
1016941324.023871, 32
1016941482.855468, 89
1016941674.626204, 79
1016941819.233944, 85
1016942675.086443, 32
1016943123.036146, 68
1016943228.397613, 79
1016943322.859263, 78
1016943474.765635, 222
1016943650.715964, 84
1016943738.932067, 32
1016943836.27583, 87
1016943979.461794, 65
1016944067.004878, 83
1016944228.181226, 84
1016944379.349384, 69
1016944522.591942, 32
1016945939.000701, 84
1016946155.134703, 73
1016946236.848923, 77
1016946299.074972, 69
1016946434.788362, 32
1016946484.409296, 79
1016946579.02852, 85
1016946778.766193, 84
1016946868.269523, 83
1016946964.653691, 73
1016947060.305749, 68
1016947154.935239, 69
1016947202.598145, 32
1016947298.704339, 79
1016947364.348197, 70
1016947484.260599, 32
1016947658.787765, 89
1016947794.690077, 79
1016947850.947443, 85
1016947914.817757, 82
1016948034.663856, 32
1016948162.510458, 70
1016948346.594175, 82
1016948450.788537, 69
1016948658.640732, 69
1016948715.041246, 32
1016948820.002396, 84
1016949050.795528, 73
1016949154.634238, 77
1016949258.627472, 69
1016949411.131405, 32
1016950019.128358, 65
1016950083.053601, 78
1016950242.484148, 68
1016950529.827322, 32
1016950897.699858, 8
1016951070.347506, 8
1016951230.310698, 8
1016951382.334419, 8
1016951707.889924, 84
1016951858.733224, 79
1016951940.272947, 32
1016952074.752652, 80
1016952234.528586, 76
1016952316.410367, 65
1016952394.88932, 78
1016952577.519913, 32
1016952613.129215, 65
1016952756.711612, 78
1016952830.022792, 68
1016952940.202205, 32
1016953005.236849, 89
1016953131.033321, 79
1016953203.386849, 85
1016953275.338951, 32
1016954179.234699, 72
1016954252.474305, 65
1016954363.084828, 86
1016954442.65071, 69
1016954532.361828, 32
1016955026.818429, 77
1016955132.4956, 79
1016955203.102771, 82
1016955306.907914, 69
1016955388.588289, 32
1016955634.924963, 70
1016955765.915839, 76
1016956082.795046, 69
1016956386.492939, 88
1016956484.028676, 73
1016956730.662466, 66
1016956890.863962, 73
1016957018.853435, 76
1016957138.750025, 73
1016957381.430308, 84
1016957548.7687, 89
1016957628.541815, 32
1016957780.093645, 73
1016957861.041355, 78
1016958003.313499, 87
1016958043.681935, 32
1016958146.897561, 72
1016958187.225215, 65
1016958330.827864, 84
1016958409.883849, 32
1016958530.714788, 89
1016958674.404546, 79
1016958738.958422, 85
1016959008.154749, 8
1016959174.704714, 8
1016959326.581957, 8
1016959486.795104, 8
1016959646.635399, 8
1016959830.291334, 8
1016960007.755819, 8
1016960174.314385, 8
1016960342.286126, 8
1016960587.170786, 32
1016960770.561508, 87
1016960834.863487, 72
1016960970.517509, 65
1016961043.059682, 84
1016961122.350088, 32
1016961258.605555, 89
1016961378.417809, 79
1016961450.828763, 85
1016961522.449348, 32
1016961572.34465, 67
1016961707.829724, 65
1016961746.837694, 78
1016961946.873314, 32
1016965656.564247, 68
1016965657.374312, 79
1016965659.1215, 32
1016965659.459675, 73
1016965660.083037, 70
1016965660.716663, 32
1016965660.969392, 83
1016965661.854638, 79
1016965662.138993, 77
1016965662.4694, 69
1016965662.921039, 84
1016965663.179594, 72
1016965663.437317, 73
1016965663.839576, 78
1016965664.05735, 71
1016965664.548383, 32
1016965664.870467, 69
1016965665.077144, 76
1016965665.336254, 83
1016965665.577887, 69
1016965665.961558, 32
1016965666.201526, 67
1016965666.457307, 79
1016965666.728346, 77
1016965666.961933, 69
1016965743.369948, 83
1016965820.273435, 32
1016965923.769533, 85
1016966083.431447, 80
1016966787.074077, 190
