new stimulus
1015731141.553904, 65
1015731253.624764, 66
1015731476.339437, 83
1015731618.609639, 69
1015731863.18026, 78
1015732095.004005, 67
1015732238.472383, 69
1015733960.530958, 8
1015734163.557717, 8
1015734330.896941, 8
1015734780.253716, 8
1015735198.292593, 67
1015735469.709386, 69
1015735685.343478, 78
1015736437.843861, 67
1015736750.161458, 69
new stimulus
1015766077.375932, 79
1015766173.853313, 85
1015766660.735528, 84
1015767028.53316, 70
1015767208.477776, 73
1015767382.01178, 84
1015767574.875549, 83
new stimulus
1015809613.554777, 80
1015809992.946606, 82
1015810120.153479, 69
1015810329.120069, 86
1015810532.713041, 69
1015810612.387395, 78
1015810868.358852, 84
1015814868.5536, 8
1015815081.410722, 8
1015815241.405818, 8
1015815411.459593, 8
1015815584.305874, 8
1015815760.950583, 8
1015815952.324609, 8
1015816109.21094, 65
1015816198.806929, 68
1015816396.075011, 68
1015816603.981581, 82
1015816660.062785, 69
1015816883.803633, 83
1015817051.844451, 83
new stimulus
1015842106.121873, 65
1015842285.393469, 68
1015842661.604683, 86
1015843093.147791, 65
1015843244.176962, 78
1015843461.090791, 67
1015843572.473928, 69
1015843805.655364, 83
new stimulus
1015873117.785703, 79
1015873768.722216, 8
1015874013.282295, 80
1015874299.306339, 85
1015874580.716896, 76
1015874763.152185, 76
new stimulus
1015918524.822673, 67
1015918578.858185, 73
1015918660.164875, 66
1015918882.501703, 82
1015918978.731349, 69
1015919100.263049, 66
1015919399.562176, 8
1015919542.434656, 8
1015919712.331134, 8
1015919863.395815, 8
1015920038.629846, 8
1015920307.530998, 79
1015920490.474798, 78
1015920813.944939, 84
1015920987.184601, 69
1015921178.339466, 66
1015921720.514735, 8
1015921890.802097, 78
1015922146.844851, 84
1015922252.341143, 83
new stimulus
1015943172.878738, 82
1015943250.733219, 69
1015943659.738482, 80
1015943891.054826, 76
1015944010.389641, 65
1015944186.685079, 67
1015944314.375495, 69
new stimulus
1015981563.584017, 80
1015982106.148505, 76
1015983033.728674, 65
1015983289.138079, 78
1015988977.744567, 83
1015996400.04766, 8
1015996600.33601, 8
1015996767.790364, 8
1015996943.710453, 8
1015997142.410299, 8
1015997390.032258, 79
1015997528.630257, 82
1015997746.4113, 68
1015997890.357394, 69
1015997993.987485, 82
1015998168.166212, 83
new stimulus
1016017346.327852, 67
1016017529.35987, 79
1016017795.143936, 76
1016017970.721135, 76
1016018085.494894, 69
1016018314.704792, 67
1016018411.748109, 84
1016018568.884118, 69
1016018681.231565, 68
new stimulus
1016051475.028907, 68
1016051552.484736, 79
1016051707.362272, 78
1016051872.187797, 65
1016051985.596097, 84
1016052122.287391, 69
1016052226.145798, 68
new stimulus
1016096041.297236, 80
1016096279.719129, 82
1016096521.121341, 79
1016097564.785521, 8
1016097911.958948, 73
1016098231.784629, 68
1016098719.97127, 69
new stimulus
1016124936.561628, 84
1016125437.961764, 87
1016125856.058899, 73
1016126335.392526, 83
1016126558.830987, 84
1016126846.922917, 73
1016126975.383449, 78
1016127249.096721, 71
new stimulus
1016159664.033492, 67
1016160694.66977, 79
1016160904.144593, 77
1016161102.598367, 77
1016161334.856829, 85
1016161654.372632, 84
1016161894.533946, 69
1016170649.058659, 61
1016170830.454457, 61
1016170990.517798, 61
1016171251.534407, 8
1016171450.019807, 8
1016171635.537506, 8
1016171802.589323, 8
1016172010.240944, 8
1016172202.54488, 8
1016172395.387011, 8
1016172586.325766, 8
1016172810.173975, 8
1016173002.464595, 8
1016173246.738377, 87
1016173360.184128, 79
1016173518.281674, 82
1016173702.734358, 75
new stimulus
1016188599.511242, 67
1016188727.746786, 72
1016189006.91718, 65
1016189135.860422, 78
1016189358.095991, 71
1016189495.960493, 69
new stimulus
1016224911.412709, 79
1016225418.378438, 8
1016225935.44862, 219
1016226078.162139, 82
1016226230.197789, 69
1016226540.706609, 8
1016226715.326988, 8
1016226867.958258, 8
1016227174.405101, 80
1016227181.527572, 79
1016227698.806651, 8
1016227878.196983, 82
1016227965.889873, 69
1016228189.414611, 83
1016228296.973241, 69
1016228615.310843, 78
1016228925.618257, 84
1016229013.81605, 69
1016229117.421451, 68
new stimulus
1016259950.37324, 84
1016260190.094289, 65
1016260317.871814, 75
1016260488.79197, 69
new stimulus
1016298646.729167, 86
1016299451.728157, 8
1016299765.423974, 86
1016300618.108897, 8
1016300973.112769, 67
1016300980.816157, 86
1016301506.013069, 8
1016301683.88758, 8
1016301932.889147, 66
1016302612.532208, 76
1016302956.281722, 79
1016303132.205419, 67
1016303262.488598, 75
