new stimulus
1014413325.255614, 85
1014413526.001429, 83
1014414799.402882, 61
1014415242.466948, 219
1014415454.724011, 219
1014415823.892929, 8
1014416023.431414, 8
1014416241.694057, 8
1014416402.075597, 8
1014416553.981969, 8
1014417171.76157, 74
1014417394.704559, 83
1014418043.276902, 8
1014418213.90549, 8
1014418362.104427, 8
1014418601.784973, 72
1014418888.521431, 83
1014419430.579074, 8
1014419591.692725, 8
1014419883.560336, 73
1014419894.123087, 75
1014420414.460441, 8
1014420744.670214, 83
1014421176.929897, 16
1014421290.036086, 80
1014421658.147203, 79
1014421960.56092, 79
1014422192.543904, 83
1014422405.571084, 8
1014422540.621996, 8
1014422728.9838, 83
1014422927.903917, 85
1014423493.384652, 8
1014423800.583025, 73
1014424353.641187, 84
1014424912.584252, 73
1014425368.616297, 86
1014425592.290287, 69
1014425932.184224, 32
1014426072.174592, 16
1014426192.256497, 219
1014426508.937904, 8
1014426659.863875, 8
1014426816.415084, 16
1014426970.341625, 56
1014427614.909694, 8
1014427759.809279, 16
1014427864.645868, 48
1014428389.465212, 8
1014428505.198565, 16
1014428608.231649, 57
1014430370.078021, 85
1014430441.093832, 66
1014430657.150712, 82
1014430778.096224, 32
1014431230.282956, 8
1014431389.036876, 8
1014431548.452997, 8
1014431710.677159, 8
1014431944.612344, 73
1014432552.340755, 66
1014432887.890579, 82
1014433365.904521, 8
1014433549.276656, 8
1014433705.853387, 78
1014434096.90211, 82
1014434417.842186, 32
1014434755.340882, 8
1014434901.380939, 8
1014435376.29111, 82
1014435877.898479, 8
1014436136.985913, 84
1014436704.579753, 88
1014437096.370574, 8
1014437248.355456, 32
1014437404.453083, 88
1014437663.880356, 16
1014437832.042407, 48
1014438336.403443, 32
1014438511.808642, 16
1014438815.758709, 219
1014439308.314986, 13
1014443680.572971, 73
1014444136.518184, 70
1014444257.68369, 32
1014445095.892858, 88
1014445642.192524, 8
1014445642.985389, 8
1014445807.934366, 16
1014445888.098366, 57
1014446216.283531, 32
1014446743.117774, 88
1014446831.915626, 32
1014446951.300931, 16
1014447068.357021, 188
1014447179.672467, 32
1014447599.6813, 48
1014447898.391465, 16
1014448001.380994, 48
1014448720.124405, 16
1014449181.315346, 173
1014449725.817888, 8
1014450008.212452, 32
1014450143.571577, 16
1014450255.746746, 219
1014450618.700355, 13
1014452961.877553, 82
1014453127.812202, 69
1014453480.464111, 84
1014453983.857785, 85
1014454215.455434, 82
1014454392.572312, 66
1014454743.526691, 32
1014455028.692676, 8
1014455196.241075, 8
1014455312.318706, 78
1014455559.44991, 32
1014455735.774477, 84
1014456157.094673, 8
1014456482.775849, 84
1014457959.996093, 82
1014458307.295747, 85
1014458676.397528, 69
1014458884.852557, 59
1014462565.728193, 17
1014463944.514138, 37
1014464659.730159, 37
1014465515.165142, 39
1014465744.575059, 40
1014465980.83835, 40
1014466654.597896, 38
1014467496.464009, 13
new stimulus
1014481778.665767, 83
1014481973.11804, 71
1014482114.425597, 85
1014482288.190968, 70
1014482433.218722, 82
1014482775.702648, 61
1014482933.750812, 8
1014483103.952452, 8
1014483277.26563, 8
1014483453.69534, 8
1014483606.110499, 8
1014483880.096752, 72
1014484063.684165, 73
1014484263.186585, 70
1014484369.02133, 84
1014484567.169942, 16
1014484647.234625, 57
1014484796.654486, 48
1014485369.025214, 32
1014485511.076532, 16
1014485810.72715, 219
1014486394.583881, 13
1014487434.849671, 38
1014487649.685628, 39
1014487832.955395, 39
1014488003.497151, 39
1014488163.242014, 39
1014488339.155723, 39
1014489464.084149, 73
1014489975.121565, 8
1014490424.377914, 16
1014490739.7843, 37
1014491383.862446, 74
1014492079.613321, 66
1014492637.357101, 8
1014492799.328533, 8
1014493055.906152, 73
1014493199.373697, 78
1014494248.709721, 84
1014494903.494876, 32
1014495231.762435, 88
1014495640.106329, 32
1014496004.883139, 8
1014496327.7621, 188
1014496431.131416, 32
1014496638.832141, 83
1014496919.316116, 84
1014497254.93141, 82
1014497455.058579, 73
1014497808.215115, 78
1014498044.745839, 71
1014498182.856412, 32
1014498454.872708, 83
1014499693.525969, 40
1014502657.098002, 70
1014502760.809654, 79
1014502898.993743, 82
1014503247.055745, 16
1014503359.392096, 16
1014503918.877515, 16
1014504427.708059, 16
1014504457.492659, 16
1014504488.601661, 16
1014504520.026365, 16
1014504550.733663, 16
1014504581.736136, 16
1014504598.629602, 57
1014506543.778754, 69
1014506908.753919, 8
1014507080.610644, 65
1014507232.546145, 85
1014507478.667819, 84
1014507782.954396, 79
1014508238.889067, 32
1014508631.211147, 67
1014508766.933692, 32
1014509342.894229, 16
1014509414.936493, 59
1014509546.297724, 32
1014510127.17053, 83
1014510302.676433, 16
1014510422.998029, 48
1014510760.20266, 32
1014510888.328624, 16
1014511024.137446, 221
1014511524.969428, 8
1014511630.472656, 16
1014511775.01437, 80
1014512137.484991, 13
1014512428.075917, 8
1014512596.086497, 8
1014512762.169288, 8
1014512955.893612, 8
1014513133.451865, 8
1014513410.999354, 8
1014513606.769093, 16
1014513887.213952, 221
1014514348.476467, 8
1014514486.701059, 16
1014514590.747002, 80
1014515179.754028, 8
1014515350.326578, 16
1014515438.196739, 219
1014515793.31685, 13
1014518721.758407, 67
1014519601.452347, 32
1014520041.447875, 8
1014520639.337044, 32
1014520744.161427, 16
1014521150.653267, 61
1014521486.617001, 32
1014521791.523333, 67
1014521871.139428, 32
1014521982.627707, 16
1014522062.668532, 61
1014522237.336627, 32
1014523822.282508, 88
1014524188.066352, 59
1014525144.068436, 40
1014527680.137977, 13
1014528285.990199, 82
1014528418.924677, 69
1014528602.116767, 84
1014528794.3372, 85
1014528929.656931, 82
1014529015.592091, 78
1014529233.219443, 32
1014529359.055031, 83
1014529607.384965, 59
1014530696.918534, 38
1014530895.853353, 38
1014531059.988381, 38
1014531274.149098, 38
1014531521.48476, 37
new stimulus
1014545350.637565, 85
1014545443.496008, 66
1014545671.916925, 82
1014545795.05322, 32
1014546064.689534, 8
1014546236.138174, 8
1014546405.47371, 8
1014546564.935327, 8
1014546711.409546, 8
1014546992.926632, 73
1014547115.923662, 78
1014547383.957878, 84
1014547464.748291, 32
1014547694.331041, 83
1014547798.915455, 69
1014548062.647448, 67
1014548910.392914, 79
1014548984.133818, 78
1014549151.912475, 68
1014549463.099864, 16
1014549599.042402, 71
1014549790.240545, 82
1014549910.566302, 69
1014549989.963513, 65
1014550118.297265, 84
1014550310.284943, 69
1014550502.176356, 83
1014550623.860082, 84
1014550854.100594, 16
1014551046.634234, 48
1014551605.271582, 8
1014551688.048319, 16
1014551854.149975, 57
1014552319.397344, 86
1014552462.999438, 69
1014552576.404408, 67
1014552662.286026, 84
1014552854.134162, 79
1014552966.09017, 82
1014553214.598762, 16
1014553285.809599, 188
1014553519.513694, 73
1014553616.246579, 78
1014553798.214416, 84
1014553990.334146, 16
1014554071.711301, 190
1014554511.500429, 32
1014554631.956019, 16
1014554744.637479, 55
1014555518.734977, 88
1014555751.138252, 16
1014555870.224498, 48
1014556495.081073, 32
1014556670.365039, 16
1014557048.276003, 219
1014557636.90241, 13
1014558396.364083, 70
1014558550.15885, 73
1014558900.610267, 8
1014559159.171436, 79
1014559317.790807, 82
1014559510.804106, 16
1014559639.049083, 57
1014559910.67616, 73
1014559998.387082, 78
1014560262.039178, 84
1014560366.11203, 32
1014560880.917082, 73
1014561118.032051, 32
1014561270.02692, 61
1014561478.157367, 32
1014561639.009967, 48
1014561949.764304, 59
1014562102.23578, 32
1014562302.175968, 73
1014562415.560132, 32
1014562517.740428, 16
1014562622.257152, 188
1014562751.636775, 32
1014563798.5709, 88
1014563933.937793, 190
1014564198.000193, 83
1014564303.433233, 73
1014564430.208164, 90
1014564574.294632, 69
1014564655.455678, 16
1014564767.07046, 57
1014564862.279201, 48
1014565174.384572, 59
1014565638.179372, 32
1014565775.401648, 16
1014565876.396807, 8
1014566130.678779, 8
1014566983.285191, 222
1014567238.335892, 59
1014567558.612657, 8
1014567728.152651, 8
1014568142.831976, 59
1014568661.692625, 32
1014568806.203823, 16
1014568926.9274, 61
1014569149.851802, 61
1014569686.108324, 73
1014570061.583544, 16
1014570286.070373, 173
1014570869.051291, 8
1014570997.790075, 16
1014571197.807386, 48
1014571670.079297, 32
1014571861.605626, 16
1014572326.980886, 221
1014573084.761119, 8
1014573339.599872, 8
1014573710.140906, 32
1014573869.697401, 16
1014574198.028767, 219
1014574562.227435, 13
1014576855.655531, 73
1014577278.341186, 70
1014577677.463929, 16
1014577806.029049, 57
1014578935.286607, 32
1014579322.877018, 8
1014580190.468805, 88
1014580822.779644, 219
1014581558.543025, 85
1014582243.491736, 8
1014582741.972031, 79
1014583635.252318, 8
1014583990.552198, 80
1014584659.342881, 8
1014585047.620738, 73
1014586387.0045, 39
1014587229.727562, 32
1014587481.050299, 16
1014587981.053905, 16
1014588011.366713, 16
1014588041.650946, 16
1014588075.574092, 16
1014588103.840375, 16
1014588135.990532, 16
1014588178.932311, 16
1014588240.793553, 16
1014588243.774981, 16
1014588285.969115, 16
1014588304.33235, 16
1014588336.664495, 18
1014589008.081232, 16
1014589509.179537, 16
1014589539.003808, 16
1014589570.278706, 16
1014589601.415172, 16
1014589632.247864, 16
1014589663.930569, 16
1014589701.788912, 16
1014589728.689181, 16
1014589733.355378, 32
1014590242.334896, 8
1014590445.708984, 16
1014590582.195265, 190
1014591085.898817, 32
1014591493.191013, 88
1014592160.868412, 219
1014592800.274811, 85
1014596683.171838, 8
1014596683.46618, 73
1014596683.718354, 32
1014596684.354755, 61
1014596684.64771, 32
1014596684.89073, 49
1014596685.261917, 40
1014596685.708562, 16
new stimulus
1014613429.251899, 85
1014613496.150248, 66
1014613742.663083, 82
1014613873.001469, 32
1014614328.511965, 8
1014614465.395511, 8
1014614636.732074, 8
1014614789.054853, 8
1014615150.561719, 73
1014615256.462212, 66
1014615959.720616, 8
1014616224.848584, 78
1014616617.081612, 82
1014616887.240584, 32
1014617300.930354, 8
1014617467.518881, 8
1014617670.076245, 84
1014617861.061607, 32
1014618109.796018, 65
1014618293.982935, 77
1014618541.493371, 79
1014618679.08406, 85
1014618821.49214, 78
1014619061.296969, 84
1014619165.083525, 32
1014619397.198006, 61
1014619501.374614, 32
1014619701.28817, 48
1014619941.058045, 59
1014620278.596689, 13
1014622278.732625, 73
1014622359.384883, 78
1014622573.416322, 84
1014622687.024364, 32
1014622813.245565, 84
1014623021.996599, 79
1014623197.400689, 84
1014623316.875878, 65
1014623366.096772, 76
1014623476.848779, 32
1014623621.526706, 61
1014623734.695593, 32
1014623876.799898, 48
1014624637.322978, 59
1014624868.456781, 13
1014625236.236381, 13
1014625709.849061, 70
1014625853.316884, 79
1014625990.112488, 82
1014626134.646434, 16
1014626373.022275, 57
1014626974.080964, 85
1014627062.25157, 66
1014627342.238409, 82
1014627667.380004, 8
1014627834.489525, 8
1014628011.007732, 8
1014629798.065997, 73
1014629861.730743, 78
1014630085.519862, 84
1014630182.226392, 32
1014630364.705236, 73
1014630878.313777, 32
1014630982.889868, 61
1014631134.572363, 32
1014631308.911161, 48
1014631572.913638, 59
1014631681.928166, 32
1014631822.689483, 73
1014631918.942709, 32
1014632004.687836, 16
1014632085.899372, 188
1014632149.252576, 32
1014634866.630528, 8
1014635372.775372, 8
1014635914.033214, 8
1014636415.526564, 8
1014636447.134643, 8
1014636483.887469, 8
1014636509.870866, 8
1014636540.345687, 8
1014636571.688275, 8
1014636602.320115, 8
1014636633.933743, 8
1014636662.320703, 8
1014636712.209624, 8
1014636742.892787, 8
1014636774.696447, 8
1014636807.299353, 8
1014636836.306346, 8
1014636867.167612, 8
1014636898.229452, 8
1014636930.388764, 8
1014636978.263619, 8
1014637008.93402, 8
1014637039.804718, 8
1014638125.734329, 57
1014638133.065697, 48
1014638771.221212, 8
1014638944.897809, 8
1014639206.28949, 48
1014639556.728701, 59
1014639854.649607, 13
1014640005.516211, 13
1014640142.029956, 87
1014640238.537854, 72
1014640348.581331, 73
1014640420.821949, 76
1014640492.575974, 69
1014640620.832602, 16
1014640764.85249, 57
1014642477.569793, 84
1014642692.437375, 79
1014642852.805045, 84
1014643020.808966, 65
1014643090.972821, 76
1014643268.515538, 32
1014643404.489703, 16
1014643468.190513, 188
1014643532.942745, 32
1014644210.947365, 8
1014644437.043506, 61
1014644582.090678, 32
1014644740.60574, 49
1014644788.77244, 48
1014645354.407143, 8
1014645997.388926, 48
1014646236.76653, 48
1014646542.068185, 16
1014646604.233201, 48
1014646949.016658, 32
1014647094.097398, 16
1014647172.259538, 219
1014647881.367057, 13
1014649845.573548, 67
1014649942.206839, 73
1014650022.27069, 78
1014650244.434962, 32
1014650317.989717, 16
1014650388.210721, 190
1014650572.493902, 190
1014650628.722971, 32
1014650838.839464, 65
1014650933.526657, 77
1014651061.36244, 79
1014651149.276434, 85
1014651252.159711, 78
1014651516.616601, 84
1014652120.167905, 59
1014652684.867149, 13
1014658576.912364, 84
1014658826.913473, 84
1014659153.754541, 8
1014659368.795233, 79
1014659575.612098, 84
1014659872.08959, 65
1014660013.662082, 76
1014660134.313808, 32
1014660261.163919, 61
1014660357.747552, 32
1014660631.878064, 84
1014660790.591758, 79
1014660886.717094, 84
1014660990.515301, 65
1014661094.885547, 76
1014661206.545548, 32
1014661324.558458, 16
1014661404.95771, 61
1014661556.377765, 32
1014661732.584984, 65
1014661838.330122, 77
1014661956.67982, 79
1014662053.301182, 85
1014662148.918008, 78
1014662372.383378, 84
1014662564.66734, 59
new stimulus
1014674998.083307, 73
1014675188.984333, 70
1014675317.120284, 16
1014675404.090496, 57
1014675709.851558, 79
1014675805.235906, 78
1014676060.488014, 79
1014676173.539829, 70
1014676348.285324, 70
1014676557.560682, 83
1014676766.305336, 87
1014676916.239532, 73
1014677046.979899, 84
1014677166.392113, 67
1014677308.440657, 72
1014677564.358572, 32
1014677707.91933, 61
1014677884.204504, 61
1014677974.297074, 32
1014678092.515829, 70
1014678253.895525, 76
1014678308.505296, 65
1014678484.576857, 83
1014678612.717247, 69
1014678700.22593, 16
1014678978.298574, 8
1014679144.814972, 8
1014679320.828275, 8
1014679491.033798, 8
1014679708.88586, 65
1014679806.299255, 76
1014679956.065058, 83
1014680044.270619, 69
1014680116.141159, 16
1014680230.575911, 48
1014680501.941104, 32
1014680644.294533, 16
1014680724.35339, 219
1014681049.720804, 13
1014682141.365814, 79
1014682212.658489, 78
1014682380.508443, 79
1014682454.519831, 70
1014682620.025311, 70
1014682755.918747, 83
1014682964.005639, 87
1014683117.095205, 73
1014683180.067235, 84
1014683277.871792, 67
1014683412.036348, 72
1014683517.397815, 32
1014683668.270799, 61
1014683939.789682, 61
1014684100.850901, 32
1014684498.269179, 8
1014684641.582201, 8
1014684764.865251, 32
1014685132.317219, 84
1014685339.901427, 82
1014685540.012783, 85
1014685651.980442, 69
1014686252.250427, 76
1014687114.22419, 8
1014687420.48433, 59
1014689334.905377, 40
1014689630.555882, 40
1014690503.523506, 32
1014690710.583668, 69
1014691059.651039, 8
1014691226.097804, 8
1014691742.597335, 13
1014692013.075895, 69
1014692069.115208, 76
1014692236.618943, 83
1014692317.053981, 69
1014692394.593868, 32
1014692540.81841, 16
1014692612.957492, 219
1014692837.196863, 13
1014693324.562897, 79
1014693396.322747, 78
1014693548.633874, 79
1014693620.125737, 70
1014693805.23119, 70
1014693997.297933, 83
1014694060.325446, 69
1014694195.715642, 73
1014694325.229259, 84
1014694755.985605, 8
1014694903.657167, 8
1014695071.763456, 8
1014695300.548902, 87
1014695483.976244, 73
1014695580.097141, 84
1014695788.393762, 67
1014695876.617078, 72
1014696012.175391, 32
1014696312.940403, 8
1014696940.750664, 32
1014697083.965202, 61
1014697096.538136, 173
1014697483.956824, 32
1014697713.073232, 8
1014697863.668519, 8
1014698005.058191, 32
1014698140.056116, 70
1014698245.33297, 65
1014698348.401841, 76
1014698485.280948, 83
1014698580.28218, 69
1014698659.568978, 59
new stimulus
1014741178.20242, 66
1014741389.63638, 79
1014741561.209582, 79
1014741757.703942, 76
1014741861.672207, 32
1014742069.182067, 73
1014742180.137699, 83
1014742605.235795, 16
1014742711.031423, 173
1014743023.369826, 83
1014743135.026776, 79
1014743340.007401, 82
1014743491.588915, 84
1014743659.525146, 69
1014743820.348893, 68
1014743963.874142, 16
1014744132.867619, 57
1014745246.136099, 86
1014745387.536591, 65
1014745507.538322, 67
1014745588.628626, 84
1014745755.318965, 79
1014745845.115806, 82
1014745931.731752, 16
1014746043.154837, 188
1014746457.634975, 8
1014746907.569338, 16
1014747020.63336, 188
1014747356.717493, 78
1014747692.003768, 8
1014747980.27935, 73
1014748179.473557, 78
1014748380.585566, 84
1014748581.564968, 16
1014748740.540823, 190
1014749524.00373, 32
1014749867.529645, 88
1014750091.744603, 16
1014750219.528508, 48
1014750539.655744, 32
1014750691.286916, 16
1014750778.944296, 219
1014751118.518368, 13
1014756077.206151, 70
1014756203.416533, 79
1014756309.364742, 82
1014756404.82649, 16
1014756499.494264, 57
1014756731.551596, 73
1014756844.762096, 78
1014757028.029921, 84
1014757117.19036, 32
1014757291.303894, 73
1014757404.833426, 32
1014757539.054298, 61
1014757660.103011, 32
1014757835.409449, 48
1014758091.147318, 59
1014758331.876233, 32
1014758514.978161, 73
1014758637.82705, 32
1014758796.279137, 16
1014758867.132935, 188
1014758963.688271, 32
1014759389.941542, 88
1014759651.054971, 190
1014759819.217854, 83
1014759923.490449, 73
1014760043.678606, 90
1014760180.845674, 69
1014760235.184406, 16
1014760322.721108, 57
1014760458.817615, 48
1014760764.301812, 59
1014761075.291124, 32
1014761232.976701, 16
1014761405.520039, 61
1014761570.825778, 61
1014761882.766084, 73
1014762083.094382, 16
1014762179.39588, 48
1014762459.085325, 32
1014762618.819091, 16
1014762722.761834, 219
1014763016.808576, 13
1014763467.844294, 73
1014763762.885862, 70
1014763932.534605, 16
1014764132.021212, 57
1014766679.750699, 38
1014766884.780705, 39
1014767069.268344, 39
1014767225.653933, 39
1014767396.910599, 39
1014767557.219179, 39
1014767724.768964, 39
1014767901.638662, 39
1014768077.178409, 39
1014768455.919412, 8
1014768691.253071, 49
1014769192.315865, 40
1014769518.683377, 37
1014771947.477257, 88
1014772234.920857, 219
1014773003.938248, 73
1014773794.909794, 221
1014775651.5055, 32
1014779699.254684, 16
1014780139.246051, 190
1014780923.141455, 32
1014781771.399592, 8
1014781915.776797, 8
1014782249.187992, 16
1014782384.228085, 188
1014782660.875347, 32
1014782935.324891, 88
1014783140.121032, 16
1014783263.141088, 219
1014783652.397404, 8
1014783939.511153, 219
1014784368.342761, 73
1014784772.615523, 32
1014784853.081909, 173
1014784995.08995, 32
1014785099.385293, 49
1014785874.227108, 39
1014786081.300864, 39
1014786460.235229, 32
1014786589.206213, 16
1014786683.643451, 219
1014786899.787441, 13
1014787172.920906, 82
1014787291.865669, 69
1014787324.509633, 84
1014787506.904973, 85
1014787615.278662, 82
1014787702.568184, 78
1014787884.817047, 32
1014787986.686356, 84
1014788101.194901, 82
1014788163.518324, 85
1014788290.413099, 69
1014788794.903968, 222
1014789674.502475, 40
1014789882.049786, 40
1014790492.388715, 38
1014791572.545224, 40
1014792044.020109, 13
1014792347.349033, 82
1014792434.958697, 69
1014792522.372226, 84
1014792698.482903, 85
1014792738.823319, 82
1014792876.23951, 78
1014793050.63185, 32
1014793164.332273, 70
1014793277.17963, 65
1014793380.357527, 76
1014793476.676779, 83
1014793547.262035, 69
1014793954.838863, 59
new stimulus
1014804604.041504, 67
1014804698.75089, 79
1014804770.748766, 85
1014804850.594288, 78
1014805114.663068, 84
1014805282.881712, 87
1014805380.163056, 79
1014805975.918036, 8
1014806127.44046, 8
1014806237.392111, 68
1014806374.278709, 79
1014806467.468945, 87
1014806558.686728, 78
1014806644.962004, 16
1014806739.061622, 57
1014806860.019341, 48
1014807116.077076, 32
1014807242.600664, 16
1014807370.170124, 219
1014807595.455922, 13
1014813171.561827, 87
1014813275.934571, 74
1014813372.142855, 79
1014813459.876803, 76
1014813540.055228, 69
1014813857.065377, 8
1014814014.722103, 8
1014814166.069474, 8
1014814313.281074, 8
1014814554.535976, 72
1014814761.970378, 73
1014814908.064532, 76
1014815058.809625, 69
1014815146.665083, 16
1014815234.485031, 57
1014815682.745721, 78
1014815882.495322, 32
1014816018.329112, 16
1014816034.87414, 49
1014816241.834709, 61
1014816388.016527, 32
1014816594.050237, 48
1014816777.836837, 16
1014816866.297347, 48
1014817115.175739, 32
1014817314.196282, 16
1014817821.387552, 16
1014817851.497566, 16
1014817882.536935, 16
1014817914.080931, 16
1014817944.85037, 16
1014817976.035662, 16
1014818007.402941, 16
1014818038.967188, 16
1014818069.943306, 16
1014818117.142089, 16
1014818148.131246, 16
1014818179.092382, 16
1014818211.078307, 16
1014818241.881592, 16
1014818273.606188, 16
1014818304.251899, 16
1014818335.165319, 16
1014818382.201812, 16
1014818413.088601, 16
1014818444.206757, 16
1014818477.005799, 16
1014818506.985702, 16
1014818537.851129, 16
1014818569.106609, 16
1014818600.154578, 16
1014818631.523799, 16
1014818678.631311, 16
1014818709.513938, 16
1014818740.95945, 16
1014818772.328671, 16
1014818803.179117, 16
1014818834.257325, 16
1014818865.493385, 16
1014818896.584631, 16
1014818927.717214, 16
1014818974.474622, 16
1014819005.614417, 16
1014819037.487432, 16
1014819068.240227, 16
1014819099.688235, 16
1014819130.578908, 16
1014819161.915116, 16
1014819193.628337, 16
1014819256.983483, 8
1014819760.660957, 8
1014819791.222887, 8
1014819821.789811, 8
1014819853.799871, 8
1014819885.314738, 8
1014820062.531764, 8
1014820422.77859, 8
1014821966.940738, 8
1014822141.910666, 8
1014822303.404104, 8
1014822462.280644, 8
1014822621.913706, 8
1014822789.409673, 8
1014823025.925971, 73
1014823131.016121, 78
1014823338.608929, 84
1014823450.053375, 32
1014823593.592495, 73
1014823753.766525, 32
1014823897.822755, 61
1014824017.972628, 32
1014824129.627636, 48
1014824369.706279, 59
1014824515.591813, 32
1014824879.4315, 8
1014825082.474627, 13
1014825506.504657, 87
1014825570.449042, 72
1014825825.820718, 76
1014826246.452635, 8
1014826460.876068, 73
1014826573.262077, 76
1014826681.951469, 69
1014826753.826725, 16
1014826841.625035, 57
1014827178.518956, 73
1014827291.154365, 32
1014827473.710054, 16
1014827641.821614, 49
1014827889.462438, 61
1014828033.991113, 32
1014828276.770713, 78
1014828414.676273, 16
1014828506.253315, 48
1014828754.257003, 32
1014828891.332523, 16
1014828969.423366, 219
1014829298.412771, 13
1014829930.605429, 67
1014829978.064709, 79
1014830042.489308, 85
1014830265.682252, 84
1014830354.010155, 32
1014830522.631613, 16
1014830654.330187, 188
1014830794.850149, 188
1014830890.217297, 32
1014831146.116902, 222
1014831830.748245, 8
1014832514.563141, 73
1014833618.236787, 32
1014833761.457152, 16
1014833865.71754, 188
1014833994.36644, 188
1014834121.864048, 32
1014834699.282703, 16
1014834858.413637, 222
1014835010.428757, 32
1014835241.735392, 222
1014835898.292981, 59
1014837040.188667, 40
1014837873.594037, 13
1014838362.39655, 67
1014838409.878579, 79
1014838505.507611, 85
1014838769.52923, 84
1014838865.745282, 32
1014839017.827538, 16
1014839193.441356, 188
1014839394.218242, 188
1014840529.977961, 32
1014840825.364085, 16
1014841409.393094, 78
1014841689.231791, 32
1014841857.55641, 16
1014841913.520543, 188
1014842049.561843, 188
1014842121.68539, 32
1014842465.68375, 222
1014842962.213786, 32
1014843489.476087, 76
1014843569.824848, 73
1014843714.943595, 70
1014843905.316691, 84
1014844097.469156, 79
1014844177.502213, 70
1014844346.081503, 70
1014844457.651898, 16
1014844641.969479, 49
1014845746.490364, 222
1014846513.505618, 59
1014848872.835849, 38
1014849061.586041, 38
1014849214.004529, 38
1014849362.264498, 38
1014849591.221389, 38
1014850024.805473, 37
1014850229.748091, 37
1014850400.036286, 37
1014851531.458827, 85
1014851669.146335, 66
1014852066.552406, 61
1014852400.319254, 8
1014852553.602459, 8
1014852716.305725, 8
1014852939.614075, 73
1014853051.792851, 78
1014853261.151435, 84
1014853315.428579, 32
1014853563.499404, 78
1014854591.87388, 40
1014854944.444228, 40
new stimulus
1014874921.331014, 82
1014875045.365039, 69
1014875292.110075, 67
1014875428.440724, 65
1014875547.796622, 76
1014875716.59868, 76
1014875801.572303, 16
1014875924.680024, 57
1014876618.423213, 73
1014876699.646123, 78
1014876908.574984, 84
1014877019.797217, 32
1014878203.693952, 77
1014878305.247558, 79
1014878409.589785, 68
1014878505.636888, 69
1014878600.990443, 76
1014878798.501823, 89
1014878923.005519, 69
1014878985.506213, 65
1014879131.473031, 82
1014879649.718641, 188
1014879780.420723, 32
1014879969.599805, 83
1014880090.04513, 84
1014880178.082575, 82
1014880313.263042, 73
1014880402.931714, 78
1014880538.33384, 71
1014880628.487996, 32
1014881115.160759, 78
1014881273.349575, 65
1014881363.257383, 77
1014881489.373997, 69
1014881609.350482, 16
1014881721.146419, 48
1014881978.124632, 32
1014882113.054589, 16
1014882225.132107, 221
1014882663.060859, 8
1014882769.093681, 16
1014882881.628109, 219
1014883231.23728, 13
1014885578.24592, 73
1014885673.00219, 70
1014885920.924595, 16
1014886265.422587, 57
1014887098.458712, 77
1014887194.689745, 79
1014887368.87513, 68
1014887409.381165, 69
1014888049.543256, 76
1014888328.935585, 89
1014888434.745916, 69
1014888513.483424, 65
1014888657.119086, 82
1014888762.47112, 32
1014888865.791888, 61
1014889032.956061, 61
1014889122.643597, 32
1014890927.478355, 8
1014891183.521941, 8
1014891365.72503, 8
1014892233.31543, 16
1014892649.695337, 190
1014893665.954068, 61
1014893953.878714, 32
1014894155.989433, 49
1014894225.51661, 56
1014894424.694727, 56
1014894687.205519, 8
1014894867.08716, 8
1014895403.337857, 48
1014895568.788686, 48
1014896042.449082, 8
1014896205.863651, 8
1014896497.288223, 57
1014896511.5143, 48
1014896992.842851, 8
1014897313.566817, 48
1014897951.03766, 8
1014898249.180225, 173
1014898902.667888, 8
1014899233.464959, 57
1014899793.313521, 57
1014900417.49763, 32
1014900560.767653, 16
1014900680.938055, 55
1014900840.493163, 55
1014901537.514065, 32
1014902417.087604, 77
1014902536.468748, 79
1014902656.68964, 68
1014902768.723048, 69
1014903057.535992, 76
1014903336.418701, 89
1014903450.094156, 69
1014903560.854208, 65
1014903656.964008, 82
1014903912.7618, 32
1014904065.610567, 16
1014904571.27714, 16
1014904601.856824, 16
1014904632.944187, 16
1014904664.295931, 16
1014904695.230435, 16
1014904703.982469, 188
1014905032.81097, 61
1014906752.847434, 32
1014906928.485943, 49
1014907398.646136, 8
1014907610.428258, 50
1014907928.498704, 48
1014908120.566834, 48
1014908488.500402, 50
1014908968.576127, 32
1014909050.166063, 16
1014909192.357755, 55
1014909352.186121, 55
1014910048.77841, 32
1014913022.498452, 78
1014913227.722373, 65
1014913322.018405, 77
1014913434.475432, 69
1014913571.018862, 32
1014913645.987624, 61
1014914049.165133, 61
1014914977.147005, 32
1014915941.997665, 16
1014916060.721601, 222
1014916348.002911, 69
1014916642.745422, 88
1014916882.241761, 84
1014917029.474722, 82
1014917145.566224, 65
1014917592.981894, 86
1014917753.006673, 65
1014917961.025598, 71
1014918132.108322, 65
1014918266.12113, 78
1014918666.629862, 84
1014918936.497821, 16
1014919041.546359, 222
1014919329.408585, 48
1014919625.034677, 32
1014919776.673894, 16
1014919856.258364, 219
1014920422.514486, 13
1014921642.001105, 67
1014921705.295773, 79
1014921770.171179, 85
1014921968.410785, 84
1014922041.132449, 32
1014922144.570843, 16
1014922226.244282, 188
1014922362.229543, 188
1014922440.599747, 32
1014922584.253996, 222
1014922777.032043, 82
1014922945.017932, 69
1014923176.523754, 67
1014923306.041533, 65
1014923576.871583, 76
1014923784.405578, 76
1014924056.903475, 222
1014924592.362693, 16
1014924800.76085, 32
1014924928.381911, 16
1014925016.548079, 188
new stimulus
1014934465.486505, 67
1014934544.726419, 79
1014934610.600813, 78
1014934849.007448, 84
1014935008.56311, 65
1014935082.304569, 73
1014935168.122379, 78
1014935344.291869, 83
1014935776.23141, 68
1014935946.631959, 85
1014936170.363652, 80
1014936489.544055, 76
1014936640.526065, 73
1014936896.549122, 67
1014937029.163735, 65
1014937160.255037, 84
1014937313.769055, 69
1014937416.642623, 16
1014937527.926998, 57
1014938505.25072, 86
1014938608.252733, 69
1014938728.010058, 67
1014938808.592128, 84
1014938994.730137, 79
1014939114.4145, 82
1014939352.09707, 16
1014939416.367146, 188
1014939608.782605, 73
1014939721.943723, 78
1014939880.205223, 84
1014940040.21197, 16
1014940111.772078, 190
1014940311.993847, 32
1014940528.276824, 88
1014940696.113184, 16
1014940840.313672, 48
1014941064.644869, 32
1014941232.151377, 16
1014941327.963507, 219
1014941623.52163, 13
1014942065.29736, 70
1014942192.21211, 79
1014942289.973667, 82
1014942410.203992, 16
1014942487.919208, 57
1014942704.685173, 73
1014942777.544159, 78
1014942960.080152, 84
1014943057.602018, 32
1014943216.824222, 73
1014943312.076796, 32
1014943456.115825, 61
1014943578.327204, 32
1014943704.392218, 48
1014943984.059469, 59
1014944179.057705, 32
1014944296.105195, 73
1014944433.746928, 32
1014944544.529174, 16
1014944632.497542, 188
1014944777.922282, 32
1014945777.148836, 88
1014945873.84205, 190
1014946056.069829, 83
1014946145.691895, 73
1014946236.23222, 90
1014946352.454941, 69
1014946424.059991, 16
1014946536.212134, 57
1014946656.117878, 48
1014946928.33475, 59
1014947216.17395, 32
1014947367.850619, 16
1014947487.681737, 61
1014947649.414589, 61
1014947871.941448, 73
1014948024.145214, 16
1014948127.914292, 48
1014948557.481063, 8
1014948708.506628, 8
1014948884.855053, 8
1014948976.095308, 16
1014949232.699836, 80
1014949782.138505, 8
1014949919.729194, 16
1014949999.838819, 219
1014950573.283715, 8
1014950719.75516, 16
1014950801.500451, 173
1014951326.81388, 8
1014951511.707939, 16
1014951567.64433, 219
1014952148.780685, 8
1014952936.771357, 73
1014953398.949911, 16
1014953577.128196, 48
1014953823.778077, 32
1014953967.595726, 16
1014954018.509435, 219
1014954243.729207, 13
1014955400.68739, 70
1014955481.650635, 79
1014955608.113746, 82
1014955672.165492, 16
1014955775.604164, 57
1014956000.094877, 73
1014956073.622167, 78
1014956263.563599, 84
1014956328.123855, 32
1014956527.868463, 74
1014956663.598498, 32
1014956824.10571, 61
1014956953.898966, 32
1014957655.899827, 57
1014957687.820835, 73
1014958149.112756, 8
1014958300.02763, 8
1014958521.731941, 73
1014958640.866181, 32
1014958729.907608, 16
1014958816.18538, 61
1014958963.248283, 32
1014959087.868219, 49
1014959775.848848, 59
1014959922.430983, 32
1014960808.974135, 74
1014961183.769399, 32
1014961415.764867, 16
1014961624.030141, 188
1014961704.137546, 32
1014962600.031958, 83
1014963013.185198, 8
1014963200.253949, 88
1014963367.778213, 190
1014963647.550329, 83
1014963735.602755, 73
1014963855.404189, 90
1014963959.807171, 69
1014964032.141834, 16
1014964127.275395, 57
1014964225.246681, 48
1014964536.474851, 59
1014965327.824519, 16
1014965423.496274, 32
1014965863.582241, 61
1014966060.350414, 61
1014966391.573324, 74
1014966623.394572, 16
1014966695.211016, 48
1014966960.428868, 32
1014967095.402103, 16
1014967183.445373, 219
1014967394.111436, 13
1014967904.326303, 73
1014967991.400824, 70
1014968096.0238, 16
1014968175.288405, 57
1014968936.254802, 88
1014969431.849933, 219
1014970248.476966, 73
1014970703.643739, 221
1014971128.163693, 32
1014971271.393489, 61
1014971463.381445, 61
1014971553.282317, 32
1014971887.526604, 88
1014972199.830607, 219
1014972840.465143, 74
1014973511.771468, 221
1014974500.5246, 39
1014974755.986992, 39
1014975573.938703, 37
1014975907.328538, 32
1014976058.358818, 16
1014976193.370892, 219
1014976512.522998, 13
1014976955.058579, 82
1014977056.853262, 69
1014977146.077786, 84
1014977343.947314, 85
1014977466.024421, 82
1014977605.783976, 78
1014977841.352331, 32
1014978281.686034, 84
1014978407.853415, 82
1014978536.801929, 85
1014978625.314871, 69
1014978807.697727, 59
1014979641.285362, 40
1014979767.841686, 40
1014979960.018564, 40
1014980561.477015, 13
1014980753.087402, 82
1014980850.17372, 69
1014980961.821237, 84
1014981098.592428, 85
1014981194.268067, 82
1014981264.366451, 78
1014981440.418037, 32
1014981522.141135, 70
1014981602.879948, 65
1014981731.018118, 76
1014981825.349937, 83
1014981903.966767, 69
1014982000.0602, 222
1014983281.893821, 38
1014983440.074592, 38
1014983599.259345, 38
1014983749.077025, 38
1014983899.245918, 38
1014984063.043881, 38
1014987527.492836, 38
1014987528.500424, 39
1014987528.715702, 39
1014987529.548516, 39
1014987529.9738, 39
1014987530.232355, 39
1014987530.864317, 39
1014987531.410833, 39
1014987531.580059, 39
1014987531.787292, 39
1014987531.994802, 39
1014987532.439228, 39
1014987532.606235, 39
1014987532.897525, 39
1014987533.102261, 39
1014987688.596778, 32
1014988111.553472, 173
1014988375.385335, 32
1014988535.985483, 49
1014989414.295099, 40
1014989870.757422, 40
1014990293.567638, 40
