new stimulus
1015072084.060635, 85
1015072141.377188, 66
1015072397.871581, 82
1015072509.482479, 32
1015072830.488857, 8
1015072978.041683, 8
1015073128.568448, 8
1015073306.142791, 8
1015073498.250037, 73
1015073612.632356, 78
1015073894.635759, 84
1015074263.794689, 32
1015074423.917675, 61
1015074700.895898, 8
1015074975.137932, 73
1015075150.900725, 32
1015075326.884899, 61
1015075448.48318, 32
1015075658.539197, 48
1015075978.481948, 59
1015076114.276345, 32
1015076334.863209, 73
1015076464.258091, 32
1015076672.807719, 16
1015076818.750124, 188
1015076968.117275, 32
1015077824.951007, 52
1015077960.379765, 48
1015078783.667365, 59
1015079126.650646, 32
1015079318.974834, 16
1015079527.686198, 61
1015079718.895714, 61
1015080032.07026, 73
1015083563.403694, 8
1015083991.94845, 67
1015084072.619018, 79
1015084158.333629, 85
1015084310.464156, 78
1015084534.554275, 84
1015085271.592677, 37
1015085777.465927, 37
1015085808.060315, 37
1015085839.314962, 37
1015085871.554725, 37
1015085902.267017, 37
1015085934.060967, 37
1015085964.278342, 37
1015085996.338616, 37
1015086026.49801, 37
1015086073.488729, 37
1015086104.549182, 37
1015086135.544718, 37
1015086167.315088, 37
1015086197.96718, 37
1015086229.161626, 37
1015086260.235673, 37
1015086291.4365, 37
1015086338.1928, 37
1015086600.787649, 39
1015086873.017837, 39
1015087083.323253, 39
1015087265.010342, 39
1015087464.661736, 39
1015087875.02358, 220
1015088349.602513, 8
1015088499.196037, 8
1015088704.575037, 67
1015088765.628987, 79
1015088889.284057, 85
1015088975.83814, 78
1015089190.415818, 84
1015089969.487173, 37
1015090472.128485, 37
1015090502.794447, 37
1015090534.517378, 37
1015090566.200083, 37
1015090597.322124, 37
1015090629.053932, 37
1015090659.861933, 37
1015090691.715252, 37
1015090896.17516, 37
1015091344.469973, 37
1015092460.293765, 8
1015092927.316065, 67
1015092998.593482, 79
1015093072.134366, 85
1015093406.390304, 84
1015094562.347557, 39
1015095074.091284, 39
1015095104.71702, 39
1015095330.595941, 39
1015095528.00745, 39
1015095688.193687, 39
new stimulus
1015113387.350165, 70
1015113683.782161, 65
1015113930.941384, 76
1015114881.605638, 8
1015115044.905355, 8
1015115224.692951, 8
1015116409.974843, 70
1015117218.41883, 8
1015127163.891453, 70
1015127508.471562, 65
1015129684.877691, 8
new stimulus
1015156154.415354, 88
1015157058.610715, 221
1015157760.63266, 8
1015158169.225677, 80
1015159057.483282, 8
1015159281.987034, 219
1015160169.202651, 73
1015160823.15638, 39
1015161376.415117, 219
1015162024.348563, 74
1015162926.38227, 39
1015163815.339528, 32
1015163997.297378, 16
1015164190.846651, 190
1015164462.660431, 32
1015165068.47964, 77
1015165181.925669, 65
new stimulus
1015187130.550611, 75
1015187491.264334, 32
1015187602.643032, 16
1015187816.118799, 61
1015188264.269631, 32
1015188379.041726, 49
new stimulus
new stimulus
1015249424.22561, 70
1015249661.387186, 79
1015249790.462203, 82
1015249919.773303, 16
1015250024.351892, 57
1015251133.4502, 8
1015251314.372166, 8
1015251536.683193, 8
1015251802.972994, 8
1015252701.162221, 79
1015253250.283245, 8
1015253491.956496, 75
1015253844.001688, 32
1015253955.886122, 61
1015254148.198104, 32
1015254292.944276, 48
1015254588.620026, 59
1015254708.616208, 32
1015254875.813116, 73
1015255200.937511, 8
1015255677.1252, 76
1015256221.080116, 8
1015256460.915739, 75
1015256747.996475, 32
1015256900.074292, 16
1015256955.797625, 188
1015257093.664069, 32
1015257484.213992, 56
1015258180.439809, 8
1015258421.011704, 57
1015259564.182411, 56
1015260060.403678, 59
1015260388.185753, 32
1015260491.93236, 16
1015260547.755287, 61
1015260724.242145, 61
1015261213.146193, 76
1015261708.060814, 8
1015261980.692983, 75
new stimulus
1015284997.671617, 73
1015285139.517922, 70
1015285308.487541, 16
1015285579.730392, 57
1015287464.076381, 8
1015287689.249269, 8
1015287927.376265, 8
1015288496.050654, 73
1015288581.115271, 78
1015288836.393733, 84
1015288949.014439, 32
1015289484.183753, 65
1015289749.226554, 83
1015289845.70338, 73
1015289926.785916, 90
1015290070.913442, 69
1015290188.750191, 32
1015290395.535153, 61
1015290947.595992, 32
1015291508.714859, 65
1015291651.749352, 190
1015292083.574318, 76
1015292219.303521, 69
1015292259.77155, 78
1015292427.608188, 71
1015292627.39635, 84
1015292811.743615, 72
1015292948.274561, 16
1015293067.586904, 57
1015293147.844671, 48
1015294027.65485, 16
1015294158.510068, 173
1015294172.779145, 48
1015294716.933803, 8
1015294905.442084, 8
1015295443.80117, 13
1015295780.074781, 73
1015296060.282446, 78
1015296331.37549, 84
1015296787.840865, 32
1015296931.378042, 66
1015297307.119863, 83
1015297515.135735, 73
1015297644.79583, 90
1015297795.455201, 69
1015297940.046018, 32
1015298069.080254, 61
1015298218.993088, 32
1015298436.17546, 66
1015298691.386787, 190
1015299027.614346, 76
1015299117.243347, 69
1015299203.497817, 78
1015299371.16939, 71
1015299579.133108, 84
1015299787.129561, 72
1015299923.215248, 16
1015300017.065189, 57
1015300147.479032, 48
1015300876.066678, 59
1015301218.761998, 13
1015302315.987857, 73
1015302411.026818, 70
1015302499.443218, 16
1015302674.731901, 57
1015304131.957683, 73
1015304219.107385, 78
1015304681.148894, 8
1015304855.84806, 8
1015305267.88108, 65
1015305474.939855, 219
1015306092.469777, 48
1015306446.219436, 221
1015307252.229621, 32
1015307386.77979, 61
1015307579.072075, 61
1015307667.345604, 32
1015307986.883323, 66
1015308627.377485, 219
1015309259.564318, 66
1015309506.872515, 76
new stimulus
1015325172.30337, 88
1015326514.975942, 32
1015326730.656641, 61
1015326949.386458, 32
1015327195.465132, 88
1015327316.400103, 32
1015327411.247089, 16
1015327530.402968, 173
1015327674.468075, 32
1015327850.469449, 49
1015328111.70522, 8
1015328286.452935, 8
1015328446.579249, 8
1015328594.27245, 16
1015328722.980995, 61
1015329042.602218, 32
1015329178.691511, 49
1015329426.588671, 59
new stimulus
1015359991.126456, 70
1015360243.526691, 69
1015360394.163868, 86
1015360602.539831, 69
1015360660.168205, 82
1015360747.676056, 32
1015360914.632163, 61
1015361320.533932, 84
1015361751.701136, 8
1015361844.486618, 32
1015362082.602795, 84
1015362259.641163, 82
1015362347.051639, 85
1015362506.126534, 69
1015362706.138297, 76
1015363504.190145, 8
1015363779.056373, 59
new stimulus
1015392043.235844, 67
1015392258.177497, 65
1015392385.896209, 83
1015392521.845683, 69
1015392633.989227, 16
1015393199.719362, 16
1015393233.602005, 16
1015393264.095689, 16
1015393293.206437, 16
1015393323.500103, 16
1015393354.704259, 16
1015393388.804399, 16
1015393418.891109, 16
1015393448.622167, 16
1015393495.255847, 16
1015393526.861152, 16
1015393778.12785, 32
1015393921.791531, 16
1015394562.127841, 16
1015394706.529458, 59
1015395430.646487, 8
1015395874.097831, 16
1015395986.745723, 222
1015396674.367372, 67
1015396787.536813, 79
1015396915.024989, 87
1015397067.836027, 16
1015397333.22255, 222
1015397545.595852, 16
1015397642.228589, 59
1015398193.763995, 13
1015399290.638642, 67
1015399353.898355, 79
1015399403.615276, 85
1015399625.672742, 84
1015399697.542173, 32
1015399769.456823, 16
1015399914.043756, 188
1015400065.661057, 188
1015400337.543638, 32
1015400722.822866, 222
1015400947.967457, 77
1015401210.027442, 79
1015401377.843273, 79
1015401593.823585, 16
1015401681.96645, 49
1015401946.033842, 222
1015402386.57561, 32
1015402449.909949, 16
1015402577.648358, 188
1015402721.768117, 188
1015402801.811993, 32
1015402993.5106, 69
1015403083.881976, 78
1015403186.32055, 68
1015403225.855894, 76
1015403442.540297, 59
1015403682.917999, 13
1015403946.482985, 66
1015404033.905945, 82
1015404153.80198, 69
1015404201.335331, 65
1015404265.746891, 75
1015404485.267909, 59
new stimulus
1015429531.239943, 73
1015429666.225107, 70
1015429796.658092, 32
1015430003.178396, 65
1015430633.506517, 71
1015430769.042081, 69
1015430874.649064, 32
1015430954.828321, 16
1015431025.521215, 190
1015431179.210841, 32
1015431692.602162, 55
1015432087.300341, 8
1015432249.519786, 52
1015432742.402032, 8
1015433026.975172, 54
1015433441.777394, 53
1015433985.242109, 16
1015434409.093758, 32
1015434545.087897, 16
1015434865.018997, 219
1015435460.807268, 13
1015438007.300851, 38
1015438196.243294, 39
1015438378.984855, 39
1015438562.950668, 39
1015438739.431422, 39
1015438930.912255, 39
1015439122.931004, 39
1015439825.921976, 173
1015440854.016813, 36
1015441725.174552, 40
1015441734.595167, 38
1015441861.002516, 40
1015442333.99877, 9
1015444146.240076, 82
1015444242.163173, 69
1015444417.104804, 84
1015444616.847747, 85
1015444769.020719, 82
1015444849.198035, 78
1015445297.32806, 32
1015445416.698107, 84
1015445562.709035, 82
1015445618.812433, 85
1015445784.960417, 69
1015445890.441174, 59
1015446527.637372, 40
1015446742.844516, 40
1015447800.007101, 13
1015448606.037538, 38
1015448813.13959, 38
1015449899.776899, 39
1015450406.782021, 39
1015450437.016873, 39
1015450637.458081, 39
1015450869.413046, 39
1015451296.460569, 13
1015451521.201792, 82
1015451601.450959, 69
1015451658.727842, 84
1015451816.763523, 85
1015451914.639654, 82
1015451985.456277, 78
1015452160.982986, 32
1015452242.531032, 70
1015452298.356455, 65
1015452377.03515, 76
1015452532.303015, 83
1015452598.365499, 69
1015452656.789234, 59
new stimulus
1015467522.180251, 66
1015468233.175056, 32
1015468633.0288, 61
1015469602.335373, 32
1015470158.509235, 8
1015470324.375362, 8
1015470484.59045, 8
1015470668.67167, 8
1015471065.785896, 65
1015471194.664777, 32
1015471329.65854, 61
1015471474.178061, 32
1015471736.509362, 66
1015471936.87317, 66
1015472304.033569, 8
1015472545.183884, 59
1015472815.705999, 13
1015473104.731446, 66
1015473742.340444, 8
1015474553.381633, 32
1015474712.143044, 66
1015474976.605205, 32
1015475136.421364, 61
1015475289.004363, 32
1015475561.45926, 84
1015475696.010539, 69
1015475776.651978, 77
1015475888.254276, 80
1015476456.697574, 59
new stimulus
1015495416.674249, 13
1015495919.091129, 13
1015496813.452797, 38
1015497058.309993, 38
1015497500.272148, 9
1015498304.804518, 73
1015498463.957923, 70
1015498579.321475, 16
1015498688.072732, 57
1015499064.809379, 32
1015499359.888122, 78
1015499496.137764, 85
1015499650.727893, 77
1015499992.714961, 49
1015500136.035196, 32
1015500327.883332, 16
1015500415.705222, 188
1015500536.733129, 32
1015500759.914976, 78
1015500881.732418, 85
1015501016.438498, 77
1015501192.611872, 50
1015501409.654424, 16
1015501520.18394, 48
1015501768.63039, 32
1015501897.676832, 16
1015501975.568765, 219
1015502153.326205, 13
1015502368.566916, 82
1015502456.259529, 69
1015502546.138763, 84
1015502767.821712, 85
1015502887.877262, 82
1015502984.14325, 78
1015503255.712346, 32
1015503479.913711, 78
1015503586.756876, 85
1015503728.113258, 77
1015503871.767506, 49
1015504208.197582, 59
1015505045.029639, 40
1015505805.779648, 13
1015506016.156639, 69
1015506143.622345, 76
1015506304.069634, 83
1015506407.783783, 69
1015506503.8725, 32
1015506633.528155, 16
1015506735.620787, 219
1015506935.032213, 13
1015507208.609828, 82
1015507288.00593, 69
1015507391.985847, 84
1015507552.57351, 85
1015507687.926255, 82
1015507752.381369, 78
1015507960.162545, 32
1015508159.830585, 78
1015508271.635954, 85
1015508392.028292, 77
1015508479.784711, 50
1015508671.691105, 59
new stimulus
1015532665.277441, 88
1015533079.658263, 49
1015533468.429372, 8
1015534184.237684, 49
1015534684.565316, 221
1015535305.62901, 8
1015535663.577414, 219
1015536464.026723, 73
1015537423.5709, 221
1015538463.763729, 219
1015539264.778142, 74
1015539847.604814, 221
1015540384.015027, 32
1015540708.779054, 8
1015541616.224108, 32
1015542671.570982, 173
1015543300.833257, 8
1015543656.160324, 61
1015544007.161586, 32
1015544207.249085, 88
1015544607.467913, 50
1015545095.613774, 221
1015545757.854303, 8
1015546063.82343, 80
1015546727.421373, 8
1015547047.748074, 219
1015547760.015402, 73
1015548527.564411, 221
1015549200.227594, 80
1015549741.778392, 8
1015550271.383502, 219
1015551032.247531, 85
1015551572.856212, 8
1015551823.899032, 74
1015552303.327814, 221
1015552775.990055, 59
new stimulus
1015566201.686267, 32
1015567280.627123, 88
1015569447.243947, 32
1015569830.863651, 16
1015570119.209975, 54
1015570676.257986, 8
1015570798.626107, 16
1015570951.00215, 55
1015571740.281714, 8
1015571886.962055, 16
1015572127.566686, 53
1015572652.072546, 8
1015572983.22194, 16
1015573119.332594, 54
1015573571.635288, 8
1015573718.63494, 16
1015573855.19446, 53
1015574527.650411, 32
1015574759.269698, 51
1015575111.114039, 32
1015575278.838876, 61
1015575455.011141, 61
1015575503.718254, 32
1015575679.548183, 48
1015583898.399788, 37
1015584113.508447, 37
1015584288.933898, 37
1015584655.907872, 61
1015585196.756521, 8
1015585386.905462, 8
1015585590.755602, 16
1015585639.208044, 49
1015586297.920906, 39
1015586536.517573, 39
1015586706.754168, 39
new stimulus
1015599415.917171, 88
1015604544.258412, 32
1015604941.18538, 8
1015605141.335575, 8
1015605407.811525, 89
1015606110.828019, 16
1015606359.560212, 32
1015606511.371151, 16
1015606622.163662, 190
1015606934.363632, 32
1015607254.904501, 90
1015607566.352387, 32
1015607655.943382, 16
1015607766.006001, 54
1015607934.733433, 54
1015608397.808884, 8
1015608826.537292, 8
1015609022.403851, 16
1015609167.505121, 53
1015609350.158184, 53
1015609798.573397, 32
1015610188.124055, 8
1015610346.74953, 8
1015610506.95269, 8
1015610678.407156, 16
1015610798.819191, 55
1015610806.327275, 54
1015610951.269028, 55
1015611412.026084, 8
1015611951.162776, 16
1015612006.999019, 55
1015612550.70065, 32
1015613231.349635, 84
1015613755.833024, 8
1015613974.817513, 89
1015614072.297211, 32
1015614270.027475, 16
1015614358.377572, 190
1015614558.292515, 32
1015615369.417485, 18
1015615370.131008, 88
1015615918.559593, 88
1015620364.836178, 37
1015620597.790685, 37
1015620772.894329, 37
1015620975.489701, 37
1015621157.080802, 37
1015621374.684296, 37
1015621583.439492, 37
1015621798.500436, 37
1015622136.522622, 39
1015622559.029342, 220
1015623083.744654, 8
1015623282.688351, 8
1015624056.323946, 39
new stimulus
1015637111.175071, 73
1015637662.334019, 32
1015637750.140929, 16
1015637861.537936, 61
1015638173.975378, 61
1015638582.336749, 32
1015638760.20266, 50
