new stimulus
352839899.645149, 67
352840067.506163, 79
352840164.450112, 85
352840253.762741, 78
352840375.083746, 84
352840826.21603, 61
352841101.750836, 49
352841389.275815, 59
352841725.588196, 32
352842100.918016, 67
352842248.591321, 79
352842302.393401, 85
352842381.922194, 78
352842501.613069, 84
352843037.037756, 32
352843212.834421, 16
352843333.831675, 188
352843717.81983, 32
352845157.595296, 53
352845702.681198, 8
352847160.052976, 52
352847292.193987, 49
352847459.595036, 59
352847627.632213, 32
352849363.738303, 67
352849523.387076, 79
352849611.897679, 85
352849691.695849, 78
352849756.26356, 84
352849987.742948, 16
352850270.58782, 173
352850451.289304, 173
352850899.321398, 8
352851058.545715, 8
352851252.788158, 16
352851373.592881, 61
352851708.895725, 61
new stimulus
352862935.015323, 70
352863101.166031, 69
352863294.151753, 86
352863459.464648, 69
352863572.272686, 82
352863716.238248, 32
352863891.656788, 61
352864028.880444, 32
352864243.852679, 84
352864438.859418, 82
352864749.209278, 85
352864900.28211, 69
352865060.372538, 59
new stimulus
352893336.210845, 67
352893485.093986, 79
352893548.648553, 85
352893660.762205, 84
352893867.708903, 32
352893949.747254, 16
352894019.426463, 188
352894193.582178, 188
352894363.987705, 32
352894492.005396, 222
352894796.745786, 16
352894976.446886, 77
352895344.766534, 79
352895484.773286, 79
352895652.138547, 16
352895788.058599, 49
352896099.027664, 32
352896695.049046, 8
352897351.111726, 39
352897812.10691, 32
352898139.157286, 16
352898203.655642, 188
352898378.986517, 188
352898963.540668, 32
352899155.129571, 69
352899330.899326, 78
352899451.682965, 68
352899541.461663, 76
352899587.492325, 59
352916884.891579, 38
352917469.088411, 13
352918244.310425, 67
352918357.210013, 65
352918453.29867, 83
352918603.216595, 69
352918747.284525, 32
352918844.619639, 16
352918931.158605, 222
352919227.536668, 67
352919363.008684, 79
352919475.760128, 87
352919651.134835, 16
new stimulus
352934029.185886, 75
352934291.263514, 16
352934475.162284, 61
352935108.8631, 49
new stimulus
352968654.457516, 89
352969107.029619, 32
352969195.063611, 16
352969315.854463, 190
352969675.18925, 32
352971109.624345, 90
352971330.79668, 32
352971756.140385, 16
352972257.911307, 16
352972288.801118, 16
352972320.341206, 16
352972351.076216, 16
352972371.308313, 54
352973017.407387, 8
352973218.810642, 16
352973331.011405, 53
352973507.141254, 53
352974202.788977, 8
352974479.466761, 16
352974793.620074, 8
352974978.768629, 16
352975092.173403, 52
352975378.563448, 52
352975938.699485, 8
352976127.855953, 8
352976386.809257, 16
352976515.183435, 54
352977027.406225, 8
352977234.693874, 16
352977363.269183, 55
352977634.804677, 55
352978202.891345, 32
352979410.867556, 89
352979604.786802, 32
352979740.247998, 16
352979956.358217, 190
352980227.109439, 32
352980507.00393, 88
new stimulus
353019860.260682, 88
353020074.810402, 219
353021188.69678, 73
353022575.754885, 39
353023403.838519, 221
new stimulus
353033315.610887, 73
353033450.241204, 70
353033810.415192, 32
353034330.16721, 78
353034474.05232, 85
353034634.037883, 77
353035154.098949, 49
353035426.081092, 32
353035562.121544, 16
353035634.898445, 188
353035802.566373, 32
353036354.338697, 78
353036521.772481, 85
353036698.1767, 77
353037018.412209, 50
353038362.523473, 32
353038818.178009, 82
353038882.362879, 69
353039066.205887, 84
353039249.947914, 85
353039330.777815, 82
353039466.042042, 78
353040147.921042, 32
353040691.317723, 78
353040898.16982, 85
353041083.051495, 77
353041359.32896, 49
353042237.465318, 59
353042533.321552, 13
353043887.343156, 32
353044392.75191, 32
353044642.363867, 32
353044793.777927, 32
353044961.964357, 32
353045616.61385, 8
353045906.475275, 82
353045994.275955, 69
353046153.817088, 84
353046251.337519, 85
353046369.792757, 82
353046460.023098, 78
353046553.869909, 32
353046737.908222, 85
353047128.445475, 8
353047379.272261, 78
353047561.963136, 85
353047730.14374, 77
353048002.568093, 50
353049752.630444, 38
353050211.980239, 39
353050411.849074, 39
353050588.556238, 39
353050994.406621, 16
353051153.810707, 16
353051331.272459, 48
353052344.943529, 37
353052852.174113, 37
353052885.814006, 37
353052913.58199, 37
353052936.791377, 37
353053027.933326, 37
353053028.641862, 37
353053030.1097, 37
353053078.318402, 37
353053093.314439, 37
353053343.647414, 37
353053564.737632, 37
353054002.818883, 16
353054251.958944, 48
353054761.323734, 8
353054984.608636, 16
353055097.216099, 57
353056879.968451, 36
353058126.03246, 39
new stimulus
353071882.838935, 16
353072571.165496, 88
353073700.148614, 16
353074111.619841, 52
353074555.223173, 8
353074713.659335, 16
353074922.635096, 53
353075843.527429, 51
353076442.124951, 61
353076594.452562, 61
353077578.033351, 48
353082309.42438, 37
353082555.815746, 37
353082723.669824, 37
353082901.325771, 37
353083027.465593, 37
353083171.790971, 37
353083539.739983, 39
353083707.844851, 39
353083891.962229, 39
353084043.604608, 39
353085976.070425, 8
353087057.920684, 16
353087210.446097, 49
new stimulus
353109755.114479, 73
353110073.869388, 16
353110282.11442, 173
353111096.569151, 8
353111594.440355, 16
353112683.21645, 16
353113186.308455, 16
353113216.895877, 16
353113248.166033, 16
353113279.687256, 16
353113310.50577, 16
353113341.697139, 16
353113372.651312, 16
353113403.653201, 16
353113435.037933, 16
353113481.862576, 16
353113512.880556, 16
353113543.984815, 16
353113553.227955, 61
353114586.035028, 61
353114809.625649, 50
353132296.716518, 8
353132463.617652, 8
new stimulus
353140866.80423, 88
353141049.220735, 16
353141289.829798, 173
353141857.672891, 16
353142457.703019, 16
353142633.486091, 61
353143014.285004, 8
353143141.115884, 8
353143337.381842, 16
353143417.012172, 61
353143581.140198, 61
353144473.673084, 59
353161653.377791, 37
353161908.033553, 37
353162083.71703, 37
353162259.274558, 37
353163065.53841, 16
353163330.447961, 56
new stimulus
353175052.002722, 66
353175537.513396, 61
353175945.367596, 65
353178623.289174, 8
353178796.735521, 8
353178940.843956, 8
353179425.602816, 65
353179681.23871, 61
353180570.638394, 66
353180801.44337, 59
353181200.624532, 13
353181537.340007, 66
353182289.66612, 61
353182641.169011, 84
353182784.945926, 69
353182912.89648, 77
353183241.671588, 80
353183673.174335, 59
new stimulus
353222802.734768, 75
353223449.076032, 61
353223800.892965, 48
353224633.589569, 59
353225082.656724, 32
353225465.612315, 75
353225768.781111, 16
353225920.96141, 188
353226698.128983, 57
353227192.997373, 51
353227769.067687, 8
353228353.878454, 54
353229118.236906, 8
353229242.981851, 55
353229920.976114, 59
353230088.870696, 32
353230368.528546, 75
353230608.905407, 16
353230824.972347, 61
353231008.592863, 61
new stimulus
353251066.243062, 69
353251280.477076, 88
353251480.734579, 65
353251576.592144, 77
353251833.320248, 16
353252008.965441, 173
353252256.490075, 83
353252424.709518, 67
353252544.88061, 79
353252656.563703, 82
353252728.729721, 69
353252992.578411, 32
353253081.204421, 16
353253233.061802, 188
353253408.529445, 32
353253776.941196, 53
353253984.607527, 48
new stimulus
353282961.965744, 82
353283082.963275, 69
353283299.267134, 84
353283425.960968, 85
353283560.976069, 82
353283648.923228, 78
353283888.433701, 32
353284552.703905, 65
353284674.49736, 71
353284888.319958, 69
353285216.606803, 32
353285512.969609, 16
353285600.956994, 190
353286003.160666, 32
353286625.151507, 8
353286873.756421, 61
353287056.468936, 32
353287640.556741, 54
353287776.48567, 53
353288656.39503, 59
new stimulus
353319801.68112, 82
353319922.103001, 69
353320112.031257, 84
353320271.952736, 85
353320399.789547, 82
353320511.999465, 78
353320679.851324, 32
353321192.313251, 65
353321399.789825, 219
353323241.906564, 48
353324277.008194, 39
353324656.47465, 32
353325048.4692, 61
353325207.811699, 61
353325481.361275, 32
353326248.438184, 78
353326901.414268, 8
353327536.693059, 66
353328048.092738, 219
353329352.909419, 66
353329903.989575, 190
353330336.710759, 76
353330431.896685, 69
353330511.735637, 78
353330719.818654, 16
353330864.496081, 57
353330960.58557, 48
353331632.667419, 173
353332224.294717, 49
353333766.459645, 39
353335272.52478, 59
new stimulus
353353976.906852, 88
353354303.90313, 50
353361176.395619, 32
353361512.20226, 61
353361711.954578, 32
353364229.052779, 8
353364363.518585, 8
353364515.401766, 8
353364800.293734, 80
353365444.989886, 8
353365696.52493, 80
353366244.605047, 8
353366969.025297, 173
353367637.04458, 8
353368448.665725, 32
353368727.811732, 73
353370120.017122, 32
353370424.458174, 74
353370840.266336, 32
353371056.194843, 61
353371239.708551, 32
353371792.256546, 88
353372223.627795, 49
353372783.731096, 32
353372999.67819, 73
353373104.562784, 32
353373216.023385, 74
353373927.932466, 59
353374848.342917, 17
353375458.609633, 37
353375665.6501, 37
353376184.24305, 219
353377214.64765, 37
353377460.318829, 37
new stimulus
353402897.740094, 73
353402936.598014, 78
353403079.994584, 84
353403239.405329, 32
353403367.366426, 65
353403551.493236, 66
353403711.823635, 83
353403831.287578, 79
353403983.116662, 76
353404159.404364, 85
353404247.433917, 84
353404415.702463, 69
353404655.353589, 16
353404759.460292, 86
353405175.483178, 65
353405360.053309, 76
353405503.561402, 69
353405577.194704, 85
353406036.833851, 8
353406171.439478, 8
353407352.251652, 85
353407479.33138, 69
353407559.289067, 59
