new stimulus
352139256.399081, 66
352139470.454158, 79
352139605.201548, 79
352139852.499251, 76
352140100.533509, 32
352140394.405622, 73
352140507.554612, 83
352140648.313178, 16
352140907.312811, 80
352141229.724417, 79
352141361.597994, 83
352141568.834598, 73
352141705.493701, 84
352141856.332111, 73
352142009.058655, 86
352142225.363623, 69
352142864.910549, 16
352143107.35559, 57
352144065.613591, 73
352144129.23252, 78
352144250.707217, 84
352144568.431226, 32
352145480.97011, 80
352145856.275517, 16
352147974.850878, 39
352149688.60426, 16
352150073.227434, 80
352150512.522682, 16
352150785.133186, 8
352151057.759779, 16
352151162.692645, 219
352152039.105103, 13
352155129.086596, 82
352155280.595535, 69
352155536.348501, 84
352155666.599438, 85
352155816.733751, 82
352156039.930988, 78
352156319.870144, 32
352156776.759208, 80
352157064.330515, 32
352157432.054816, 16
352157930.968848, 190
352160322.181345, 173
352160814.44835, 8
352161066.89528, 48
352162012.826875, 59
new stimulus
352202185.104167, 66
352202389.806523, 79
352202526.232314, 79
352202689.224298, 76
352202809.685295, 32
352202971.19751, 67
352203066.509664, 79
352203151.251768, 78
352203315.249961, 84
352203499.188957, 65
352203605.590771, 73
352203656.986771, 78
352203768.251235, 83
352204056.43509, 16
352204200.866443, 68
352204418.691684, 85
352204601.597283, 80
352204794.066446, 76
352204944.255689, 73
352205073.650224, 67
352205184.0483, 65
352205391.741817, 84
352205505.417077, 69
352205744.137175, 16
352205896.12966, 57
352208392.996596, 86
352208575.916622, 69
352208776.094505, 67
352208983.698138, 84
352209224.037547, 82
352209631.008436, 8
352210073.015483, 79
352210186.017163, 82
352210335.788054, 16
352210513.037022, 188
352211015.80916, 73
352211089.876627, 78
352211155.105712, 84
352211343.707892, 16
352211519.886567, 190
352211975.8557, 32
352216008.461088, 69
352216192.709687, 76
352216298.13664, 69
352216448.669332, 77
352216584.417382, 83
352217487.490078, 39
352219152.348417, 32
352219320.334271, 16
352219479.480355, 219
352219954.493942, 13
352223936.717861, 73
352224008.898305, 78
352224079.453334, 84
352224207.314004, 32
352224288.00686, 73
352224551.85222, 32
352224847.931778, 61
352225015.431311, 32
352225399.712979, 69
352225552.551323, 76
352225634.465667, 69
352225791.60405, 77
352225888.039484, 83
352225971.709076, 69
352226486.536579, 8
352226761.363128, 190
352226975.900365, 83
352227097.763452, 73
352227201.200182, 90
352227407.822019, 69
352227497.703085, 16
352227671.719812, 57
352227697.534468, 48
352228432.739493, 59
352229452.711645, 13
352230143.604358, 73
352230199.81446, 78
352230321.412332, 84
352230431.845085, 32
352230519.99393, 73
352231311.733639, 32
352231463.309714, 61
352231583.34265, 32
352231949.005983, 74
352232047.542888, 59
352233041.74172, 13
352234584.783579, 70
352234719.985662, 79
352234847.157494, 82
352234983.238173, 32
352235663.908446, 73
352235743.610628, 78
352235791.89673, 84
352236023.328124, 32
352236959.862054, 73
352238543.455494, 8
352238943.283881, 8
352239133.436293, 8
352239283.8963, 8
352239427.4252, 8
352239595.609965, 8
352240296.148635, 32
352240891.954461, 16
352241082.049448, 57
352242306.774724, 27
352243226.09463, 38
352243428.043574, 38
352244269.54083, 8
352244608.641579, 83
352245220.456586, 40
352246468.471979, 8
352247292.159032, 39
352247545.852418, 39
352247738.140702, 39
352247906.350712, 39
352248097.174763, 39
352248524.594693, 8
352248701.109049, 8
352248883.960829, 8
352249063.327081, 8
352249196.978376, 8
352249355.871452, 8
352249484.526658, 8
352249643.252726, 8
352249771.823873, 8
352249898.900272, 8
352250212.012975, 8
352250878.895938, 8
352251740.590614, 40
352251987.768471, 37
352253412.185587, 73
352253490.136128, 78
352253610.043668, 84
352253648.25048, 32
352253727.113184, 73
352253959.968307, 32
352254276.160393, 61
352254471.273663, 32
352254612.012809, 173
352255262.649395, 8
352255544.61151, 48
352256087.430322, 59
352256303.981641, 32
352256760.099194, 73
352256951.418443, 32
352257103.224224, 16
352257191.075395, 188
352257312.521517, 32
352257695.55118, 83
352257839.198816, 59
352258047.309022, 32
new stimulus
352270863.792816, 86
352270980.207062, 79
352271039.353118, 73
352271127.30971, 68
352271246.964797, 32
352271344.708553, 67
352271448.776417, 79
352271495.308935, 85
352271576.170186, 78
352271648.203319, 84
352271823.016246, 68
352272023.815831, 79
352272256.913143, 87
352272332.132466, 78
352272481.878667, 16
352272632.181931, 57
352272711.52929, 48
352273031.732341, 32
352273121.208926, 16
352273247.291045, 80
352273902.153875, 8
352274075.894012, 8
352274243.341113, 8
352274522.969001, 8
352275167.505636, 16
352275295.128555, 57
352275303.366319, 48
352276224.2384, 73
352276311.255086, 78
352276399.021366, 84
352276896.268926, 32
352277216.431473, 88
352277584.010681, 16
352277695.776169, 32
352277863.140598, 219
352278360.858664, 13
352280607.839829, 70
352280718.850452, 79
352280816.981212, 82
352280927.360977, 32
352281402.916924, 16
352281538.515998, 57
352282072.524169, 73
352282184.608969, 84
352282191.46323, 78
352282326.895574, 32
352282399.152309, 73
352282703.168906, 61
352282711.653853, 173
352283479.291986, 48
352284559.519882, 32
352284767.083012, 16
352285367.047668, 59
352285622.766234, 32
352285758.811125, 73
352285950.845013, 32
352286079.090744, 16
352286200.652829, 77
352286813.072338, 8
352287054.87265, 16
352287167.233763, 188
352288247.451672, 32
352288454.636121, 88
352288831.227932, 59
352288969.435604, 32
352289567.276319, 73
352289750.920971, 32
352289807.357171, 16
352290006.724427, 61
352290246.87408, 61
352291012.130824, 39
352291261.053387, 39
352292012.737268, 37
352292672.666376, 32
352292792.812222, 16
352292911.023883, 80
352293247.947425, 13
352293715.386563, 8
352293874.47328, 8
352294090.829294, 8
352294282.801039, 8
352294613.505893, 8
352294895.697991, 8
352295191.217435, 16
352295263.454195, 219
352295655.517268, 13
352296647.718663, 73
352296718.984724, 70
352296822.81678, 32
352296974.921066, 73
352297206.95613, 32
352300423.591231, 16
352300926.867721, 61
352301125.586643, 8
352301274.620424, 8
352301426.532179, 8
352301570.906384, 8
352301722.87723, 8
352301882.496041, 8
352303099.720941, 80
352303242.246684, 82
352303372.458781, 73
352303474.348606, 78
352303530.794794, 84
352304925.775234, 8
352305077.841791, 8
352305213.304096, 8
352305372.505943, 8
352305517.268537, 8
352305707.601274, 83
352305906.465287, 84
352306067.166044, 68
352306930.119105, 16
352307235.122491, 59
352307466.116946, 59
352307818.824957, 67
352307922.486398, 79
352307986.975045, 85
352308051.126069, 84
352308198.622656, 32
352308267.465992, 16
352308343.695963, 188
352308490.128082, 188
352308650.755599, 32
352309443.607771, 16
352313938.986339, 88
352314250.426744, 61
352314252.737667, 173
352314756.25718, 8
352314909.859266, 8
352315027.591542, 173
352315755.077304, 73
352316002.165554, 32
352316155.4794, 16
352316258.800999, 188
352316395.546103, 188
352316521.978883, 32
352316763.151112, 69
352316906.529095, 78
352317018.449383, 76
352317050.888596, 68
352317243.552786, 59
352317588.421688, 8
352317740.622795, 8
352317901.147388, 8
352318053.07468, 8
352318611.318422, 78
352318786.210692, 68
352318899.774983, 76
352319003.020014, 59
352320386.956568, 40
352320804.205104, 16
352321134.438064, 13
new stimulus
352332267.054298, 70
352332394.809548, 79
352332490.212419, 82
352334618.370762, 32
352337290.628773, 16
352337658.486236, 57
352339757.561062, 8
352339940.264144, 8
352340100.471922, 8
352340235.498952, 8
352340380.060139, 8
352340542.053681, 8
352340677.953758, 8
352341964.58738, 87
352342042.577037, 72
352342105.949616, 73
352342218.116533, 76
352342274.425119, 69
352343220.764524, 8
352343357.267716, 8
352343508.608538, 8
352343646.103513, 8
352343812.55134, 8
352344122.750282, 84
352344302.40644, 79
352344378.807025, 84
352344573.127146, 65
352344675.501627, 76
352344842.144481, 32
352345019.02115, 61
352345234.978786, 32
352345378.223329, 48
352345996.398232, 59
352346329.601269, 13
352346754.858973, 87
352346826.779196, 72
352346889.905146, 73
352346946.040066, 76
352347059.16076, 69
352347194.25243, 32
352347268.612299, 16
352347419.868785, 57
352347682.482947, 84
352347842.158907, 79
352347898.459448, 84
352348082.392896, 65
352348186.676594, 76
352348499.181189, 32
352348716.521496, 16
352348890.41366, 188
352349057.789186, 32
352349355.221453, 49
352349658.164427, 173
352349818.379418, 173
352350156.86096, 8
352350299.436916, 8
352350514.558958, 48
352350674.100092, 48
352351125.154142, 39
352352127.335787, 32
352352278.453561, 16
352352446.747353, 219
352353558.536422, 13
352354257.636105, 38
352354552.139629, 39
352354728.205949, 39
352354887.941832, 39
352355051.363542, 39
352355249.788673, 39
352355377.825784, 39
352355495.820224, 39
352355672.213901, 39
352355888.122711, 39
352356047.766768, 39
352356200.504408, 39
352356368.098542, 39
352357478.944931, 61
352357574.198549, 61
352358219.56412, 8
352358880.754665, 40
352361639.375479, 82
352361726.513675, 69
352361822.600946, 65
352361926.725126, 68
352362098.438142, 16
352362243.68678, 48
352362876.188579, 8
352363122.922561, 16
352363234.860327, 48
352363566.357221, 8
352363715.262278, 8
352363859.4323, 8
352364011.213112, 8
352364171.261373, 8
352364762.432589, 67
352364913.549254, 73
352365010.108141, 78
352365114.588532, 32
352365209.74949, 16
352365355.390125, 190
352365514.237149, 190
352365961.812885, 32
352368258.625668, 84
352370053.482212, 8
352370947.097321, 88
352371081.733742, 59
352371412.258549, 13
352371874.068798, 84
352371969.54907, 79
352372066.359301, 84
352372234.162611, 65
352372345.39101, 76
352372465.516605, 32
352372618.781624, 16
352372849.913402, 61
352373113.663885, 61
352373611.365583, 32
352373809.971594, 88
352373938.510283, 59
352375403.57691, 38
352376418.746891, 38
352377037.227235, 39
352377549.315475, 39
352377579.226819, 39
352377610.671197, 39
352377641.66837, 39
352377678.644539, 39
352377704.912225, 39
352377737.284301, 39
352377769.348438, 39
352377799.551075, 39
352377844.190745, 39
352377875.631238, 39
352377908.210548, 39
352377938.926971, 39
352377970.590789, 39
352378001.057532, 39
352378031.978969, 39
352378063.003329, 39
352378691.633151, 37
352378898.431151, 37
352379059.755829, 37
352379203.331059, 37
352379354.395845, 37
352379546.833104, 37
352379951.609865, 13
352380371.871479, 38
352387395.908693, 88
new stimulus
352400290.482849, 73
352400418.923054, 70
352401597.12774, 8
352401774.734028, 8
352402330.444354, 70
352402450.705885, 79
352402601.553728, 82
352404522.48601, 32
352404657.474756, 16
352404929.79896, 57
352405210.655827, 32
352405451.457976, 73
352405561.303705, 78
352405773.199608, 8
352405923.933708, 8
352406085.455078, 8
352406578.827609, 73
352406642.113909, 78
352406674.444927, 84
352406818.074531, 32
352406890.40506, 73
352407026.762883, 84
352407326.547687, 8
352407597.151876, 61
352408066.597884, 48
352408717.547124, 59
352408852.019034, 32
352409476.930571, 73
352409745.749828, 16
352409890.036922, 188
352410314.536432, 32
352410642.859065, 83
352410817.224511, 190
352411050.394507, 76
352411189.051048, 69
352411297.810947, 78
352412017.932824, 16
352412227.028986, 57
352412290.509482, 48
352412778.645676, 59
352413235.245389, 32
352413756.500756, 73
352413945.663328, 16
352414099.109226, 173
352414249.664943, 173
352414645.337274, 8
352414803.412787, 8
352414953.421429, 16
352415058.941596, 61
352415250.130735, 61
352416326.420906, 39
352416955.088179, 32
352417082.240869, 16
352417273.524053, 219
352417637.667392, 13
352419507.245842, 73
352419657.367394, 32
352420017.506149, 16
352420145.873669, 61
352420353.507541, 61
352421248.81742, 8
352421426.71611, 8
352421611.136433, 8
352421779.384728, 8
352422802.264816, 83
352423545.768082, 219
352424539.364354, 73
352425902.521181, 40
352426901.271119, 37
352427379.634574, 37
352428058.904699, 32
352428979.199466, 61
352429958.643618, 32
352430798.253296, 79
352430870.069763, 82
352431021.825052, 68
352431438.10927, 16
352431646.195617, 57
352433031.022696, 83
352433438.262962, 80
352434451.807805, 8
352435694.636243, 80
352436323.732688, 8
352436622.602832, 80
352436629.629095, 219
352437117.712301, 8
352437290.751949, 8
352437678.73803, 80
352438355.177343, 8
352438606.773697, 80
352439196.169969, 8
352439511.232671, 80
352440060.32177, 8
352440352.191174, 219
352441366.356055, 73
352442908.911593, 40
352444138.345827, 37
352444474.606331, 37
352445254.839415, 32
352445477.571693, 16
352445627.527902, 8
352446375.031868, 32
352446701.926888, 16
352446797.920667, 61
352447237.741353, 32
352447469.869353, 49
352447702.112483, 59
new stimulus
352459247.550989, 73
352459302.297413, 78
352459375.004126, 84
352459964.43036, 8
352460138.357479, 8
352460297.139864, 8
352460460.466973, 8
352461558.406311, 73
352461648.694633, 78
352461711.722653, 84
352461853.679958, 32
352462895.088773, 83
352462997.723753, 69
352463253.691721, 67
352463383.356465, 79
352463435.12865, 78
352463550.80634, 68
352463878.276733, 16
352463971.386157, 71
352464133.516746, 82
352464251.277596, 69
352464319.354417, 65
352464445.497845, 84
352464560.477542, 69
352464680.487729, 83
352464862.189873, 84
352465061.729408, 16
352465317.972301, 57
352466670.546318, 86
352466821.506794, 69
352467029.530444, 67
352467221.716081, 84
352467341.48935, 79
352467453.50202, 82
352467549.797357, 16
352467669.787014, 188
352467966.528778, 73
352468046.062288, 78
352468101.686475, 84
352468429.929765, 16
352468557.599291, 190
352469813.842461, 32
352470046.196005, 78
352470181.676621, 85
352470327.485096, 78
352470509.614469, 83
352471122.96889, 40
352471958.250233, 16
352471960.501234, 32
352472133.702341, 219
352472501.477687, 13
352477110.511818, 83
352477317.616924, 79
352477389.769071, 82
352477589.844585, 84
352477765.725864, 16
352477925.693117, 57
352478694.347446, 78
352478845.321239, 85
352478949.905107, 78
352479069.557698, 83
352479602.607654, 39
352480289.067166, 222
352480930.788247, 8
352482070.38275, 59
352482332.466482, 13
352486574.745624, 82
352486696.631738, 69
352486942.504325, 84
352487085.373516, 85
352487229.648958, 82
352487349.59839, 78
352487541.313797, 32
352488037.78624, 78
352488176.327928, 85
352488280.785015, 78
352488909.743304, 83
352489421.551625, 219
352490823.070343, 78
352490957.883482, 85
352491045.708575, 78
352491341.424988, 83
352491653.419126, 190
352491797.467915, 90
352492131.23079, 8
352492330.866036, 83
352492573.354631, 90
352492639.28171, 73
352493011.89779, 8
352493137.628137, 8
352493405.675051, 73
352493525.374249, 90
352493701.477742, 69
352494637.814149, 16
352494869.984317, 57
352494877.607591, 48
352495014.222584, 173
352495827.751559, 8
352496342.049464, 48
352496939.947051, 8
352497118.141196, 173
352497486.600386, 50
352498863.002996, 39
352499605.897044, 222
352500362.117327, 8
352500910.809713, 59
new stimulus
352527622.750698, 79
352527709.624234, 78
352527917.419011, 16
352528149.432713, 79
352528349.201399, 70
352528501.07487, 70
352528685.327908, 16
352528845.028281, 83
352529109.114444, 87
352529365.16869, 73
352529486.726613, 84
352529765.116646, 67
352529862.73473, 72
352530085.091378, 32
352530437.347747, 61
352530565.336308, 32
352530989.228542, 16
352531109.321123, 49
352531493.620268, 79
352531605.579396, 78
352532005.34037, 16
352532189.5382, 79
352532397.183724, 70
352532565.522181, 70
352532725.288581, 16
352532868.819145, 83
352533061.15681, 87
352533206.021496, 73
352533317.291785, 84
352533533.036362, 67
352533605.602977, 72
352533703.348953, 59
new stimulus
352596878.581619, 66
352597053.005324, 79
352597188.65267, 79
352597340.629897, 76
352597452.64229, 32
352598005.960408, 73
352598125.695115, 83
352598269.81853, 16
352598461.755042, 173
352598773.268964, 83
352598916.96931, 79
352599036.70485, 82
352599765.295305, 84
352599908.854444, 69
352600052.394996, 68
352600396.600306, 16
352600556.789497, 57
352603141.280673, 86
352603404.815321, 69
352603564.68187, 67
352603788.511351, 84
352603901.538276, 79
352604012.871818, 82
352604132.538279, 16
352604220.464909, 188
352604589.045888, 73
352604677.101241, 78
352604741.999085, 84
352604892.642467, 16
352604997.429964, 190
352606332.935602, 32
352608956.951344, 78
352609116.577091, 85
352609292.608178, 77
352609420.544029, 83
352609785.829237, 40
352610076.865821, 32
352610260.863908, 16
352610444.590121, 219
352610686.584906, 13
352613221.606499, 70
352613310.264413, 79
352613404.591997, 82
352613821.059313, 16
352614204.824421, 57
352614733.336033, 73
352614796.675321, 78
352614886.386328, 84
352614980.927526, 32
352615044.812503, 73
352615466.66735, 8
352615485.144199, 61
352616570.524096, 8
352617101.57717, 73
352617108.572084, 79
352617587.073418, 8
352617829.042681, 61
352618189.072687, 57
352618207.226339, 48
352618738.271922, 8
352618880.678651, 8
352619093.052552, 173
352619099.687928, 48
352620573.147952, 59
352620756.642518, 32
352620885.873375, 73
352621396.642474, 32
352621532.505654, 16
352621604.467212, 188
352621756.474401, 32
352622237.008405, 78
352622332.301139, 85
352622493.143935, 77
352622628.985754, 83
352623004.770268, 190
352623196.608573, 83
352623310.098515, 73
352623436.506049, 90
352623604.848945, 69
352623692.78251, 16
352623908.33622, 57
352624950.113451, 59
352625709.581511, 32
352626330.533684, 8
352626624.967853, 8
352627128.434378, 39
352628013.328177, 59
352628244.426109, 32
352628492.477568, 73
352628740.556214, 16
352628884.765075, 61
352629044.5545, 61
352629361.482864, 39
352629797.072589, 32
352629953.581501, 16
352630037.304358, 219
352630403.534187, 13
352631373.396744, 73
352631476.263926, 70
352631700.38581, 32
352634628.84621, 78
352634758.528987, 85
352634962.551104, 77
352635077.297767, 83
352635397.416204, 219
352635772.676391, 173
352636347.898349, 8
352636597.014552, 48
352637097.276577, 39
352637597.25369, 32
352638004.399355, 16
352638507.51716, 16
352638537.87876, 16
352638568.743881, 16
352638600.687062, 16
352638631.354104, 16
352638662.481943, 16
352638694.090554, 16
352638725.254735, 16
352638755.962558, 16
352638802.973351, 16
352638835.234181, 16
352638866.018572, 16
352638896.766343, 16
352638927.84813, 16
352638958.893575, 16
352638990.130995, 16
352639021.889414, 16
352639068.211647, 16
352639099.535068, 16
352639130.515041, 16
352639161.472266, 16
352639192.797352, 16
352639224.559377, 16
352639244.087655, 77
352639897.859108, 8
352640180.500075, 16
352640300.762993, 188
352640716.571709, 32
352641268.731313, 78
352641420.151755, 85
352641620.34767, 77
352641972.321346, 83
352642268.43475, 219
352644041.747269, 8
352644549.128493, 8
352644579.673191, 8
352644610.897018, 8
352644642.581088, 8
352644673.157412, 8
352644706.396154, 8
352644737.196635, 8
352644767.125735, 8
352644928.703421, 8
352645573.048635, 73
352645852.207126, 219
352646648.781466, 8
new stimulus
352664181.913539, 73
352664276.690823, 70
352664569.50041, 32
352664877.93911, 8
352665193.652089, 16
352665424.305037, 57
352666192.168159, 77
352666348.154964, 79
352666420.437777, 68
352666604.184242, 69
352666676.177704, 76
352666924.134284, 16
352667116.87532, 89
352667244.118726, 69
352667357.964045, 65
352667452.433114, 82
352667620.320483, 32
352668604.35985, 61
352668740.132868, 61
352669676.322795, 32
352671290.131633, 8
352671440.056494, 8
352671592.249555, 8
352672940.636999, 16
352673076.676897, 190
352673340.209325, 49
352673451.924877, 48
352673596.423089, 48
352673945.573443, 8
352674121.488567, 8
352674380.841636, 57
352674388.12063, 48
352674500.108888, 48
352674684.083671, 48
352675001.571594, 8
352675160.10208, 8
352675312.143946, 8
352675540.437144, 57
352675940.291609, 57
352676953.286325, 39
352677212.35032, 32
352677420.051051, 16
352677668.371053, 219
352678075.164393, 13
352678820.897021, 73
352678910.451562, 70
352679565.168468, 32
352679804.206491, 16
352680172.285614, 16
352680188.387455, 13
352680825.221195, 8
352681023.865212, 8
352681540.409402, 32
352681678.039759, 16
352681852.427954, 57
352681860.211855, 48
352682756.975147, 77
352682851.969375, 79
352682941.592994, 68
352683124.014493, 69
352683203.989936, 76
352683387.96139, 16
352683817.126026, 8
352683959.741653, 8
352684111.768539, 8
352684247.835346, 8
352684400.129666, 8
352684568.695609, 8
352685092.656671, 77
352685223.924636, 79
352685310.034708, 68
352685451.969819, 69
352685604.055518, 76
352685852.152751, 16
352686028.493441, 85
352686034.664689, 89
352686132.822081, 69
352686276.284123, 65
352686924.428074, 82
352687340.335552, 32
352687588.319875, 16
352688099.58112, 16
352688129.941333, 16
352688164.096399, 16
352688164.710056, 77
352688849.817414, 8
352689171.744087, 16
352689348.986952, 188
352690020.260948, 32
352690443.773946, 50
352690828.074478, 61
352690987.921053, 61
352691180.304215, 51
352691557.194255, 8
352691721.2901, 8
352691880.090239, 8
352692108.737983, 173
352692115.358655, 48
352692275.856061, 48
352692633.256663, 8
352692818.603852, 8
352692976.805038, 8
352693204.322287, 48
352693435.867979, 48
352693619.82362, 51
352694705.854349, 38
352695239.385077, 37
352695735.616718, 37
352695764.561247, 37
352696055.479649, 37
352696759.916651, 39
352697104.286472, 36
352697765.041464, 8
352698108.41007, 8
352698814.156503, 39
352699319.461779, 39
352699350.387655, 39
352699381.521875, 39
352699411.266211, 39
352699448.067881, 39
352699479.196275, 39
352699504.114304, 39
352699534.523898, 39
352699566.422415, 39
352699614.118718, 39
352699644.511944, 39
352699675.642834, 39
352699965.878224, 39
352700053.536587, 39
352700326.688063, 39
352700509.656637, 39
352700671.849091, 39
352701160.345379, 8
352701617.866687, 48
352702442.122177, 8
352702724.247416, 48
352703201.371074, 8
352703444.652541, 57
352704130.328059, 8
352704445.005144, 57
352704994.12476, 8
352705316.467288, 56
352706425.328446, 40
352706657.906147, 39
352706846.314131, 39
352707013.795355, 39
352707165.417759, 39
352707357.672475, 39
352708556.422467, 16
352708892.386684, 48
352709299.743468, 16
352709508.045649, 32
352709980.037002, 16
352710060.10982, 80
352710609.354275, 8
352710843.64145, 16
352710989.081231, 80
352711505.695608, 8
352711731.720883, 16
352711828.224841, 80
352711916.026076, 173
352712809.622875, 8
352712960.629958, 8
352713139.718511, 16
352713276.185638, 80
