new stimulus
351462245.487525, 76
351462324.291416, 73
351462412.15729, 70
351462526.572156, 69
351469885.975743, 8
351470060.876614, 8
351470212.310094, 8
351470379.104698, 8
351470888.468933, 84
351470962.572743, 73
351471055.509056, 77
351471109.415447, 69
new stimulus
351502583.260533, 67
351502676.211549, 79
351502858.662455, 76
351502981.860218, 76
351503078.131419, 69
351503254.175545, 67
351503493.710431, 84
351503644.200122, 69
351503775.405112, 68
new stimulus
351526654.636453, 68
351526833.166833, 76
351526957.893469, 32
351527115.307054, 65
351527692.202421, 8
351527860.575833, 8
351528009.260895, 8
351528709.207269, 79
351528820.770516, 78
351528933.603246, 65
351529068.090136, 84
351529292.38097, 69
351529396.166418, 68
new stimulus
351565272.829389, 68
351565444.997376, 69
351565608.143884, 86
351565756.731016, 69
351565844.472605, 76
351566012.43571, 79
351566165.158647, 80
351566275.619975, 83
new stimulus
351607373.839232, 84
351607659.895539, 65
351607789.135273, 75
351607918.375562, 69
new stimulus
351637318.66974, 76
351637461.340851, 65
351637612.108519, 85
351637811.66359, 78
351637893.252241, 67
351638005.543997, 72
new stimulus
351672757.841536, 87
351672909.076659, 79
351673068.182518, 82
351673219.055606, 75
new stimulus
351705492.471465, 80
351705611.185259, 82
351705687.037936, 69
351705843.928026, 83
351705947.924593, 69
351706099.032935, 78
351706291.027706, 84
351706498.929567, 68
351707449.454158, 8
351707571.608261, 69
351707683.0217, 68
351714669.03964, 109
351714996.90314, 109
351718629.356667, 109
351725300.108555, 8
351725610.284193, 8
351725986.515357, 8
new stimulus
351747860.561407, 76
351748153.221463, 65
351748331.854767, 89
351748476.291669, 69
351748571.049811, 82
new stimulus
351778860.376921, 79
351778941.674557, 82
351779148.873154, 68
351779339.994878, 69
351779413.873144, 82
new stimulus
351821420.869168, 78
351821570.017247, 65
351821769.998992, 82
351821932.459713, 82
351822003.897221, 79
351822090.490284, 87
new stimulus
351856867.77382, 67
351857073.751483, 79
351857136.361707, 78
351857307.149521, 84
351857530.114555, 69
351858203.221755, 78
351858377.833829, 84
351858850.476569, 83
new stimulus
351892421.803802, 68
351892673.749153, 82
351892746.339904, 69
351892929.515713, 83
351893122.73752, 83
351893266.273356, 69
351893369.637123, 83
351896288.140022, 8
351896461.714816, 8
351896613.528919, 8
351896759.372349, 8
351896901.279996, 8
351897069.255585, 8
351897269.960847, 8
351897718.188524, 67
351899473.799033, 75
351900041.164683, 8
351900722.572343, 76
351901035.980501, 79
351901218.402555, 84
351901337.853182, 72
351901537.555009, 73
351901609.878048, 78
351901689.97084, 71
new stimulus
351920651.159526, 78
351920779.468787, 79
351920889.664067, 78
351921162.896827, 173
351921609.582593, 70
351921787.378083, 73
351921883.042285, 67
351922137.273315, 84
351922201.659315, 73
351922265.68217, 79
351922340.197396, 78
351922457.774316, 32
351922513.741119, 83
351922641.48971, 69
351922833.007039, 67
351923065.1736, 84
351923161.351588, 73
351923225.632445, 79
351923257.59893, 78
new stimulus
351951730.768217, 82
351951777.676642, 69
351951945.225556, 80
351952104.905955, 76
351952226.929392, 65
351952322.022105, 67
351952507.086879, 69
new stimulus
351985594.464491, 67
351985761.005532, 72
351985904.870389, 65
351986000.856678, 78
351986098.771881, 71
351986224.881464, 69
new stimulus
352021961.994873, 80
352022112.539494, 85
352022304.72208, 76
352022472.679914, 76
