new stimulus
350800340.300042, 16
350800516.294232, 68
350800840.201974, 73
350801009.142436, 83
350801481.059163, 8
350801654.231418, 8
350801809.962994, 8
350802946.964436, 16
350803066.523812, 73
350803187.321045, 32
350803355.669767, 68
350803507.926357, 73
350803597.427633, 83
350803753.741241, 65
350803961.889453, 71
350804161.957477, 82
350804305.695553, 69
350804441.001115, 69
350804660.206529, 32
350804766.351728, 87
350804883.752207, 73
350804981.261542, 84
350805121.232507, 72
350805288.865758, 32
350806057.389421, 84
350806177.111922, 72
350806341.794514, 65
350806537.232645, 84
350806641.774345, 32
350806816.790623, 83
350807073.028799, 84
350807241.96621, 65
350807402.391209, 84
350807577.178614, 69
350807746.168457, 77
350807834.887959, 69
350808001.539691, 78
350808112.742289, 84
350809124.444774, 190
350809256.755013, 32
350811940.123214, 16
350812447.194557, 16
350812477.997535, 16
350812508.913979, 16
350813186.234661, 16
350813695.699046, 16
350813725.876992, 16
350813757.040341, 16
350813788.739669, 16
350813821.224101, 16
350813850.112869, 16
350813882.033579, 16
350813913.082076, 16
350813944.644912, 16
350813991.527537, 16
350814021.803968, 16
350814053.450031, 16
350814084.503799, 16
350814115.679354, 16
350814146.894859, 16
350814178.261558, 16
350814210.645563, 16
350814256.565256, 16
350814288.00464, 16
350814319.675949, 16
350814350.046981, 16
350814391.011366, 16
350814415.961021, 16
350814444.577915, 16
350814474.573318, 16
350814921.514867, 16
350815089.556205, 84
350815281.219735, 72
350815352.993756, 69
350815480.741792, 32
350815578.580704, 69
350815859.154878, 88
350816009.425129, 80
350816128.43632, 69
350816264.905389, 82
350816386.261904, 73
350816504.668315, 69
350816648.751504, 78
350816794.657632, 67
350816998.670872, 69
350817150.995431, 32
350818051.869282, 79
350818129.554052, 70
350818250.010333, 32
350818392.626238, 84
350818568.812404, 82
350818745.28043, 65
350818945.178672, 86
350819160.61642, 69
350819344.972103, 76
350819529.708965, 73
350819641.067474, 78
350819729.457121, 71
350819978.844366, 32
350820329.110788, 73
350821027.828461, 83
350821240.686186, 32
350821376.521901, 78
350821457.082704, 79
350821537.057037, 84
350821680.614788, 32
350821848.822302, 70
350822305.210897, 85
350822496.620585, 76
350822616.626889, 76
350822824.867759, 89
350823024.446134, 32
350825388.616383, 70
350825795.862197, 69
350825796.67005, 65
350825940.28606, 8
350826100.77015, 8
350826277.522811, 8
350826802.337778, 69
350827029.801207, 88
350827144.949299, 80
350827288.548387, 69
350827426.554096, 82
350827568.573544, 73
350827668.227626, 69
350827801.082999, 78
350827913.274329, 67
350828135.296962, 69
350828361.508386, 68
350828568.713642, 32
350829547.000945, 87
350829658.102284, 72
350830165.88577, 8
350830689.248711, 73
350830744.864575, 84
350830884.671583, 72
350831000.676077, 32
350831152.694085, 65
350831410.734948, 32
350831528.210887, 84
350831664.31903, 79
350831737.157241, 85
350831826.865474, 82
350832033.305877, 32
350832192.273302, 71
350832336.717139, 85
350832424.816048, 73
350832512.198931, 68
350832696.326574, 69
350832992.706302, 188
350833112.281214, 32
350833304.265443, 87
350833418.088291, 72
350833472.684075, 79
350833593.978725, 32
350833656.758176, 83
350833976.358111, 69
350834128.249615, 76
350834250.017269, 69
350834456.281509, 67
350834761.545117, 84
350834872.611502, 73
350835008.305177, 86
350835216.181238, 69
350835345.222615, 76
350835536.900571, 89
350835633.144307, 32
350835787.759538, 83
350835877.397583, 72
350835946.115248, 79
350836058.451669, 69
350836120.984769, 87
350836525.444714, 8
350836700.04042, 8
350836817.000631, 87
350837008.383132, 83
350837184.519085, 32
350837344.457486, 87
350837512.405333, 72
350838130.147458, 8
350838284.460299, 8
350839151.756676, 89
350839308.878968, 79
350839426.895602, 85
350839718.92813, 32
350840160.270197, 65
350840223.734325, 83
350840460.262513, 80
350840573.911694, 69
350840807.022045, 67
350841102.686858, 84
350841347.720521, 83
350841474.781107, 32
350841570.118783, 79
350841716.205235, 70
350841839.361663, 32
350841945.491881, 84
350842065.003818, 72
350842176.65584, 69
350842297.336833, 32
350843460.046956, 67
350843572.481307, 73
350843706.370076, 84
350843827.511035, 89
350843994.557261, 190
350844170.840801, 32
350844657.719165, 16
350844833.334951, 87
350845360.967136, 69
350845774.520413, 8
350846128.725116, 72
350846296.329515, 69
350846412.168664, 78
350846522.47741, 32
350846730.67528, 69
350846921.300975, 88
350847045.605652, 80
350847200.899457, 76
350847392.858163, 79
350847480.917678, 82
350847610.158799, 73
350847692.68347, 78
350847754.193439, 71
350847898.426158, 32
350848176.551807, 79
350848257.211927, 78
350848346.324257, 32
350848504.387842, 89
350848617.593426, 79
350848729.808337, 85
350848858.354794, 82
350849040.956617, 32
350849216.688365, 79
350849385.070655, 87
350849496.39199, 78
350850216.969948, 188
350850360.554055, 32
350850497.024234, 89
350850576.61739, 79
350850681.023986, 85
350850722.572621, 32
350850936.823004, 65
350851041.169122, 82
350851128.668522, 69
350851200.580976, 32
350851298.699252, 77
350851400.839034, 79
350851480.43968, 82
350851528.684723, 69
350851673.948619, 76
350851880.675599, 89
350852198.713095, 8
350852372.538678, 8
350852585.088743, 32
350852768.846582, 76
350852856.819541, 73
350853033.974464, 75
350853154.117536, 69
350853265.087378, 76
350853417.877451, 89
350853544.728305, 32
350853659.968224, 84
new stimulus
350865049.193548, 16
350865550.970019, 78
350865851.121297, 79
350865972.71695, 84
350866083.511183, 32
350866203.446466, 77
350866337.24757, 65
350866426.439243, 75
350866560.672015, 73
350866650.422416, 78
350866701.284379, 71
350866828.009562, 32
350866994.235451, 80
350867152.315126, 76
350867258.615959, 65
350867352.715502, 78
350867488.262143, 83
350867586.447555, 32
350867720.28722, 65
350867819.081295, 76
350867945.30157, 76
350868144.530115, 79
350868560.55744, 87
350868712.323826, 83
350868850.12563, 32
350868976.40777, 70
350869084.529599, 79
350869162.04542, 82
350869264.08533, 32
350869392.258099, 83
350869482.070088, 80
350869640.918221, 79
350869728.568539, 78
350869864.318808, 84
350870032.706369, 65
350870168.507406, 78
350870504.391448, 69
350870744.71976, 73
350870880.29137, 84
350871048.22923, 89
350871272.288694, 188
350871278.695751, 190
350871432.281469, 32
350871854.246454, 8
350872012.450969, 8
350872148.677294, 8
350873169.198464, 190
350873352.727985, 32
350874442.382953, 16
350874600.502854, 72
350874689.638766, 65
350874816.284605, 86
350874938.07695, 73
350875016.866969, 78
350875121.600091, 71
350875280.689581, 32
350876864.430609, 80
350877056.135197, 76
350877192.286064, 65
350877360.34155, 78
350877503.986135, 78
350877568.603783, 69
350877752.912027, 68
350877898.173704, 32
350878042.125395, 70
350878184.489123, 82
350878376.236989, 69
350878514.301788, 69
350879288.547832, 32
350879472.916555, 84
350879736.77107, 73
350879801.012256, 77
350879912.265901, 69
350880066.921913, 32
350880224.127154, 65
350880329.690044, 76
350880456.121714, 76
350880656.34454, 79
350880735.524614, 87
350880921.742353, 83
350881080.936986, 32
350881256.788581, 84
350881574.037367, 8
350881752.794955, 70
350881912.420147, 79
350882039.993131, 82
350882123.118143, 32
350882240.333583, 84
350882448.179405, 65
350882512.573173, 75
350882688.206714, 73
350882752.480359, 78
350882849.738072, 71
350882937.772618, 32
350883110.914079, 66
350883239.876946, 69
350883496.094316, 84
350883648.228841, 84
350883824.191405, 69
350883880.436184, 82
350884005.270182, 32
350884154.03958, 65
350884344.394511, 68
350884528.073285, 86
350884688.732151, 65
350884832.14925, 78
350884960.064295, 84
350885136.106201, 65
350885272.085621, 71
350885416.013176, 69
350885528.298275, 32
350885600.426008, 79
350885695.909331, 70
350885823.914815, 32
350885937.597288, 84
350886051.470904, 73
350886146.006831, 77
350886233.835809, 69
350887497.20012, 59
350887656.050195, 32
350887864.188143, 89
350887936.344451, 79
350888056.210656, 85
350888121.921068, 32
350888289.436137, 67
350888448.511201, 65
350888515.20008, 78
350888656.68022, 32
350888848.463041, 83
350889089.22968, 219
350889169.232587, 69
350889737.222713, 8
350889893.281647, 8
350890642.020141, 80
350890895.795921, 69
350891040.396779, 78
350891183.99559, 68
350891288.077047, 32
350891418.080801, 77
350891496.348435, 79
350891616.198549, 82
350891680.41338, 69
350891802.431824, 32
350891936.801919, 84
350892040.195926, 73
350892111.927779, 77
350892208.334084, 69
350892328.008313, 32
350892416.357179, 84
350892790.260496, 8
350893032.953829, 68
350893199.947622, 79
350893272.199086, 73
350893367.947902, 78
350893480.557307, 71
350895056.628453, 32
350895745.37947, 68
350895896.017027, 73
350896007.892928, 70
350896127.837366, 70
350896367.857462, 69
350896449.552366, 82
350896561.905987, 69
350896759.912767, 78
350896865.551948, 84
350896999.905399, 32
350897560.354922, 84
350897635.097079, 72
350897665.163502, 73
350897783.937497, 78
350897889.006577, 71
350898039.902136, 83
350899184.332935, 190
350899424.098913, 32
350900944.31589, 16
350901128.148078, 80
350901296.171384, 69
350901369.406031, 82
350901543.846381, 83
350901584.366891, 79
350901687.884628, 78
350901815.730039, 65
350901897.508724, 76
350902007.82274, 76
350902199.810853, 89
350902568.016481, 188
350902703.762866, 32
350902870.240377, 16
350902975.816861, 73
350903063.938796, 32
350903420.189484, 80
350903481.349346, 82
350903572.337048, 69
350903770.017857, 70
350903945.56734, 69
350904001.77439, 82
350904168.67913, 32
350904272.215177, 84
350904370.105134, 79
350904464.792811, 32
350904976.687966, 72
350905106.936128, 65
350905320.348697, 86
350905512.555973, 69
350905671.91262, 32
350905768.058704, 65
350905895.916045, 32
350906032.207287, 83
350906223.8575, 69
350906319.786917, 77
350906485.6455, 73
350906717.707197, 173
350907035.786028, 83
350907249.844158, 84
350907442.203739, 82
350907560.696706, 85
350907742.005188, 67
350907986.61939, 84
350908242.371523, 85
350908337.756362, 82
350908433.524874, 69
350908581.621247, 68
350908706.564549, 32
350908946.351611, 70
350909192.486917, 82
350909377.015434, 69
350909511.396072, 69
350909648.842221, 32
350909768.368029, 84
350909888.132976, 73
350909961.65947, 77
350910084.155357, 69
350910194.131474, 59
350911193.228188, 8
350911780.249174, 16
350911875.317474, 59
350912122.975548, 32
350915265.618363, 80
350915467.594772, 76
350915664.876925, 65
350915800.478219, 78
350915928.892901, 78
350916008.198369, 69
350916179.863391, 68
350916299.452452, 32
350916394.15622, 65
350916520.069111, 67
350916752.899543, 84
new stimulus
350923222.860169, 16
350923324.808252, 84
350923580.106801, 72
350923655.660417, 69
350923748.254947, 32
350923811.752088, 72
350923882.505474, 79
350923976.294859, 85
350924064.692828, 83
350924216.354904, 69
350924341.180024, 83
350924569.65854, 32
350925195.759662, 87
350925328.955986, 79
350925400.926422, 85
350925624.808613, 76
350925768.941183, 68
350925874.162567, 32
350926063.989564, 66
350926149.009923, 69
350926248.321112, 32
350926375.897702, 83
350926496.137039, 80
350926647.894826, 72
350926737.54369, 69
350926928.030673, 82
350927071.810363, 73
350927191.892679, 67
350927447.600703, 65
350927564.673548, 76
350927675.594563, 32
350927882.364543, 65
350927993.243946, 78
350928123.427746, 68
350928625.120435, 32
350928784.306746, 87
350928890.021663, 79
350928968.52788, 85
350929140.241728, 76
350929227.30197, 68
350929347.890304, 32
350929408.512244, 72
350929545.968103, 65
350929720.314407, 86
350929976.02354, 69
350930103.684467, 32
350930233.46656, 70
350930376.011167, 65
350930473.996003, 75
350930608.052335, 69
350930687.755626, 32
350931192.097139, 71
350931383.741249, 82
350931495.761688, 65
350931696.042216, 86
350931864.039444, 73
350931928.738377, 84
350932170.528702, 89
350932856.435035, 32
350933704.089669, 80
350933817.512197, 82
350933928.084771, 79
350934016.332378, 86
350934152.135634, 73
350934233.985616, 68
350934432.428503, 69
350934520.113221, 68
350934687.730381, 32
350934847.697912, 66
350935048.040028, 89
350935216.071934, 32
350935399.798425, 67
350935559.800633, 69
350935664.266875, 78
350935791.752193, 84
350935952.191063, 82
350936076.511276, 73
350936688.45251, 80
350936935.973538, 73
350937065.480152, 84
350937208.171515, 65
350937319.532522, 76
350937465.463617, 32
350938272.371643, 70
350938385.589988, 79
350938457.880846, 82
350938672.024144, 67
350938887.949322, 69
350939031.600843, 190
350939167.517843, 32
350939968.275704, 16
350940120.170259, 84
350940392.183196, 72
350940447.934164, 69
350940591.805403, 32
350940730.161495, 67
350940808.031861, 76
350940999.522002, 79
350941111.783797, 84
350941256.508385, 72
350941495.909553, 73
350941568.164624, 78
350941663.938962, 71
350941831.676523, 32
350942439.841492, 87
350942545.515351, 79
350942600.133606, 85
350942767.80625, 76
350942927.876704, 68
350942953.283273, 32
350943159.955878, 66
350943335.699834, 69
350943440.116139, 32
350943655.750025, 77
350943903.88249, 85
350943968.090108, 67
350944167.866007, 72
350944271.726359, 84
350944361.410179, 32
350944837.514866, 8
350944995.734639, 8
350945165.336475, 32
350945327.664033, 84
350945433.54041, 72
350945567.755149, 69
350945671.784729, 32
350945783.708624, 83
350945920.226797, 65
350946042.041613, 77
350946161.900883, 69
350946264.24457, 188
350946399.642791, 32
350946529.33611, 65
350946616.046245, 83
350946751.470543, 32
350946967.904791, 85
350947333.336477, 8
350947560.103023, 72
350947655.947549, 85
350947887.652204, 77
350947975.863745, 65
350948095.755473, 78
350948269.228176, 83
350948353.087524, 32
350948503.470408, 87
350948609.14288, 79
350948679.768097, 85
350948863.573376, 76
350948991.819107, 68
350949121.273843, 32
350949279.551597, 78
350949391.686888, 79
350949465.27719, 84
350949663.683179, 32
350949839.641027, 71
350949921.427202, 79
350950079.547935, 32
350950201.486759, 79
350950303.826285, 85
350950399.507409, 84
350950663.92953, 83
350950823.439037, 73
350950929.374505, 68
350951095.517445, 69
350951233.145583, 32
350951336.088779, 73
350951407.782348, 78
350951528.900557, 84
350951641.946624, 79
350951729.014356, 32
350951865.545845, 83
350951977.930261, 80
350952119.361574, 65
350952295.26477, 67
350952511.703733, 69
350953215.002473, 32
350953391.112902, 66
350953488.07849, 85
350953551.426933, 84
350953767.374027, 32
350954143.932826, 82
350954303.276712, 65
350954487.432652, 84
350954615.383761, 72
350954721.14695, 69
350954775.764928, 82
350954953.79151, 32
350955159.269814, 76
350955367.398329, 73
350955463.791873, 86
350955639.493383, 69
350955807.376868, 32
350955995.638096, 73
350956119.83014, 78
350956318.666133, 68
350956434.982171, 79
350956569.168613, 79
350956671.840768, 82
350956887.474099, 83
350957015.361956, 32
350957129.033886, 73
350957231.740719, 78
350957305.015315, 32
350958031.697108, 70
350958191.598057, 65
350958327.418514, 78
350958441.20502, 67
350958647.533622, 89
350958815.55138, 32
350958953.336815, 72
350959031.658824, 65
350959167.363596, 66
350959359.39998, 73
350959415.872523, 84
350959703.583652, 65
350959839.384412, 84
350960071.231106, 83
350960511.346968, 32
350960735.525169, 84
350960863.326193, 72
350961031.392222, 65
350961167.639908, 84
350961512.782349, 32
350961688.012519, 65
350961967.281424, 82
350962055.718232, 69
350962500.728093, 8
350963064.270315, 69
350963239.927437, 32
350963407.545984, 77
350963488.107342, 65
350963647.247878, 68
350963847.801945, 69
350964023.348098, 32
350964152.993978, 70
350964279.284162, 79
350964375.797275, 82
350964504.992344, 32
350964927.863666, 72
350964983.708403, 85
350965279.268627, 77
350965375.463814, 65
350965512.915511, 78
350965655.298659, 83
350965761.008306, 32
350966063.34872, 84
350966161.420943, 79
350966239.823959, 32
350966376.990744, 76
350966447.590993, 73
350966527.660759, 86
350966767.44366, 69
350966855.320631, 32
350966977.295242, 87
350967073.136162, 73
350967231.891636, 84
350967237.46088, 72
350967647.6027, 79
350967709.28467, 85
350967897.143359, 84
350968041.553906, 32
350968171.096307, 69
350968705.397435, 88
350969024.671678, 84
350969031.015205, 74
350969199.933196, 82
350969557.285804, 8
350969724.760647, 8
350970160.729885, 82
350970343.646582, 65
350970527.572816, 32
350970639.46897, 83
350970767.525499, 85
350970839.764202, 73
350970927.354874, 84
350971167.591914, 83
350971510.706401, 32
350971659.339586, 79
350971747.177163, 82
350971857.450953, 32
350971999.996116, 77
350972190.623197, 65
350972369.637678, 84
350972552.851216, 69
350972609.189487, 82
350972736.691173, 73
350972900.746514, 65
350973041.865173, 190
350973378.299897, 32
350974712.443395, 16
350974889.321451, 71
350975149.902111, 79
350975224.439254, 73
350975297.296052, 78
350975399.635856, 71
350975535.72236, 32
350975687.306203, 79
350975771.591116, 85
350975819.12596, 84
350976009.33247, 83
350976184.244992, 73
350976223.373676, 68
350976672.351502, 69
350976815.976112, 32
350976960.152515, 87
350977080.093624, 79
350977155.502703, 85
350977321.362951, 76
350977403.80828, 68
350977521.204044, 32
350977568.631802, 73
350977655.823264, 78
350977735.771242, 86
350977855.56282, 79
350978039.672986, 76
350978151.691482, 68
350978640.86024, 8
350978696.351542, 86
350978863.958992, 69
350978967.595465, 32
350979079.516864, 65
350979143.881503, 32
350979311.566631, 83
350979409.772572, 80
350979503.758094, 65
350979631.953335, 67
new stimulus
350990959.55051, 109
350991195.479744, 16
350991336.836708, 76
350991521.869856, 65
350992200.329632, 82
350992370.166722, 71
350992480.050734, 69
350992601.91188, 32
350992721.468759, 71
350992872.283034, 82
350992963.322614, 79
350993001.572981, 85
350993161.872308, 80
350993233.253777, 83
350993375.813088, 32
350993496.759574, 79
350993586.627324, 70
350993671.826065, 32
350993791.807955, 70
350993977.254461, 82
350994048.532452, 73
350994167.802755, 69
350994255.990716, 78
350994351.402741, 68
350994447.795176, 83
350994554.860305, 32
350994642.297008, 65
350994751.742694, 82
350994847.345586, 69
350994911.440016, 32
350995071.404495, 71
350995215.756783, 82
350995287.403745, 69
350995392.879524, 65
350995519.996704, 84
350998412.441092, 32
350998412.87609, 70
350998414.207437, 79
350998414.385265, 82
350998414.577241, 32
350998414.958141, 78
350998415.286886, 69
350998415.539894, 79
350998415.796787, 84
350998416.010124, 87
350998416.241217, 82
350998416.415438, 73
350998416.586607, 71
350998416.74335, 75
350998416.902868, 78
350998417.056837, 190
350998417.211083, 32
350998608.32726, 16
350999051.260618, 67
350999300.603198, 76
350999483.309331, 79
350999571.16716, 83
350999731.254815, 69
350999859.374874, 32
350999966.048284, 70
351002724.221616, 82
351002725.101598, 73
351002726.893188, 69
351002727.519607, 78
351002728.053644, 68
351002728.885909, 83
351002729.438256, 32
351002729.902106, 65
351002798.961554, 82
351002871.44633, 69
351002975.687028, 32
351003119.810165, 71
351003295.473946, 82
351003375.489892, 69
351003481.410656, 65
351003664.527374, 84
351003775.033644, 32
351003903.18311, 70
351004015.444073, 79
351004167.036238, 82
351004279.227568, 32
351004488.376441, 66
351004671.537269, 85
351004767.758534, 73
351004840.259677, 76
351005031.234646, 68
351005119.528027, 73
351005207.158648, 78
351005335.040402, 71
351005431.054155, 32
351005591.155681, 73
351005647.553042, 78
351005791.038664, 84
351005857.000143, 73
351005943.437572, 77
351006072.88565, 65
351006399.254123, 67
351006551.280176, 89
351006864.241962, 188
351007751.506331, 32
351007859.873678, 84
351007996.393238, 82
351008103.305231, 85
351008319.029001, 83
351008535.68796, 190
351008648.517915, 84
351008760.674012, 32
351009077.032829, 8
351009234.818437, 8
351009403.333611, 8
351009527.651049, 84
351009695.254338, 190
351009831.060924, 32
351010391.56288, 16
351010551.307919, 73
351010691.172908, 70
351010848.5385, 32
351010911.83229, 89
351010999.197696, 79
351011094.937634, 85
351011151.098354, 32
351011281.953238, 72
351011767.00894, 65
351011989.922929, 86
351012256.516985, 69
351012423.252776, 32
351012687.055414, 77
351012822.94051, 65
351012887.570642, 78
351013087.1357, 89
351013231.005828, 32
351013319.087259, 70
351013487.017629, 82
351013591.045544, 73
351013703.147822, 69
351013823.077002, 78
351013904.590748, 68
351013983.264528, 83
351014121.535729, 32
351014255.092701, 84
351014327.225429, 79
351014567.211125, 71
351014705.475946, 69
351014872.122962, 84
351014982.926628, 72
351015087.033054, 69
351015176.648905, 82
351015343.067325, 188
351015478.85255, 32
351015599.499142, 84
351015689.047025, 72
351015815.048969, 69
351015926.92598, 32
351016503.179947, 82
351016663.445429, 69
351016838.796, 76
351017006.946087, 65
351017190.926142, 84
351017294.82672, 73
351017407.146774, 79
351017431.321035, 78
351017607.061661, 83
351017734.927602, 72
351017807.274777, 73
351017871.228831, 80
351017990.859782, 83
351018175.704838, 32
351018995.355958, 70
351019111.761603, 79
351019199.736227, 82
351019367.035462, 71
351019494.920267, 69
351019687.199673, 68
351019793.151231, 32
351019931.149172, 65
351020087.83508, 82
351020151.704521, 69
351020262.879377, 78
351020352.870025, 222
351020423.062187, 84
351020550.869037, 32
351020639.04923, 65
351020767.676694, 83
351020888.111337, 32
351021023.308704, 68
351021198.799096, 69
351021358.84153, 69
351021478.919963, 80
351022119.318574, 32
351022566.97282, 65
351022655.463448, 83
351022783.066393, 32
351022894.846861, 87
351022983.186017, 72
351023118.825873, 69
351023175.290093, 78
351023342.959963, 32
351023504.784278, 89
351023583.224468, 79
351023686.938064, 85
351023750.816937, 32
351023863.192753, 72
351024008.504921, 65
351024206.976104, 86
351024382.783867, 69
351024487.738093, 32
351024551.296822, 74
351024783.169871, 85
351024823.18159, 83
351025047.282112, 84
351025166.646183, 32
351025302.968496, 65
351025446.746521, 32
351025558.713417, 70
351025702.979982, 69
351025783.179304, 87
351025904.69173, 32
351026055.056026, 70
351026262.918494, 82
351026398.631866, 73
351026504.474398, 69
351026647.058676, 78
351026703.493767, 68
351026799.892304, 83
351026975.03259, 32
351027095.248069, 84
351027199.030743, 79
351027288.814157, 71
351027430.741501, 69
351027590.884917, 84
351027680.682479, 72
351027790.646112, 69
351027871.682416, 82
351029183.196615, 190
351029431.314377, 32
351031687.551999, 16
351031942.882451, 72
351032176.580104, 79
351032266.26642, 87
351032409.483776, 69
351032632.954273, 86
351032823.490637, 69
351032864.187865, 82
351032992.615308, 188
351033127.853179, 32
351033247.270238, 84
351033367.263225, 72
351033462.778174, 69
351033791.325241, 82
351033905.162792, 69
351034071.876667, 32
351034207.151435, 65
351034312.664944, 82
351034383.420272, 69
351034542.900373, 32
351035135.332194, 77
351035351.031551, 85
351035488.361183, 67
351035591.1837, 72
351035766.74317, 32
351035924.339576, 71
351036131.306526, 82
351036179.462794, 69
351036328.840024, 65
351036484.520832, 84
351036529.761952, 69
351036948.493585, 82
351037144.235215, 32
351037384.25226, 77
351037639.851257, 73
351037729.663523, 83
351037868.251818, 67
351037985.006459, 72
351038058.228067, 73
351038198.96111, 69
351038319.951983, 70
351038543.994247, 83
351038735.330973, 32
351039087.196178, 84
351039143.438183, 79
351039239.38369, 32
351039319.155228, 66
351039399.021089, 69
351039561.607759, 32
351039695.632464, 72
351039808.728467, 65
351039927.073013, 68
351040069.996856, 32
351040255.044153, 87
351040383.013294, 73
351040488.863871, 84
351040595.757554, 72
351040725.392336, 32
351040751.783753, 65
351040889.062616, 32
351041224.804063, 76
351041319.735317, 65
351041426.229235, 82
351041607.515246, 71
351041735.527111, 69
351041807.809091, 82
351041937.00527, 32
351042130.583565, 71
351042312.544266, 82
351042410.731897, 79
351042471.454264, 85
351042671.618553, 80
351043647.983323, 190
351043879.133689, 32
351044007.500931, 16
351044167.049277, 73
351044446.919077, 77
351044551.184466, 65
351044759.409246, 73
351044792.879635, 71
351045440.295631, 78
351045599.315211, 69
351045759.020856, 32
351046127.304439, 65
351046254.9379, 76
new stimulus
351058136.274319, 16
351058432.971695, 84
351058679.736748, 69
351058824.153676, 65
351058944.405497, 77
351059072.197644, 32
351059215.255481, 87
351059548.779496, 8
351059699.623455, 8
351060081.353396, 87
351060154.823574, 79
351060303.305841, 82
351060392.615141, 75
351060535.462971, 32
351060599.584033, 73
351060815.763607, 83
351060957.005719, 32
351061031.900181, 77
351061128.84413, 79
351061168.898294, 82
351061223.683002, 69
351061358.840143, 32
351061566.840489, 73
351061655.224865, 77
351061751.103792, 80
351061958.762909, 79
351062128.54923, 82
351062374.835731, 84
351062614.988435, 65
351062734.888486, 78
351062870.750556, 84
351064991.090043, 32
351065407.171465, 65
351065480.471583, 66
351065607.240043, 73
351065748.621144, 76
351065865.684001, 73
351066030.950566, 84
351066184.150946, 89
351066358.995777, 190
351066495.245683, 32
351067087.177313, 16
351067310.784856, 89
351067494.764079, 79
351067599.049996, 85
351068287.533301, 32
351068647.209871, 78
351068750.871867, 69
351068894.729789, 69
351069094.664928, 68
351069246.626065, 32
351069407.097393, 84
351069512.639199, 79
351069622.945171, 32
351071033.730888, 65
351071154.452939, 80
351071273.438884, 80
351071410.519669, 76
351071624.361132, 89
351071746.379853, 32
351071888.139079, 84
351072048.31856, 72
351072121.139848, 69
351072223.143416, 32
351072341.077933, 83
351072423.176762, 75
351072575.048847, 73
351072726.931473, 76
351072848.138457, 76
351072999.082288, 83
351073070.902084, 32
351073222.937569, 78
351073305.784328, 69
351073504.4289, 67
351073680.265792, 69
351073871.147824, 83
351074014.930565, 83
351074171.432265, 65
351074398.834939, 82
351074534.700893, 89
351074799.075574, 32
351074982.97157, 73
351075055.133982, 78
351075126.713808, 32
351075224.357137, 84
351075371.056136, 69
351075472.744276, 65
351075558.905393, 77
351075742.815814, 87
351075838.693076, 79
351075950.670792, 82
351076086.664915, 75
351076215.1803, 32
351076313.933317, 84
351076400.33801, 79
351076505.469787, 32
351076727.293508, 69
351076919.1074, 86
351077119.068617, 69
351077160.583129, 82
351077280.677652, 89
351077463.538587, 68
351077638.761544, 65
351077720.377659, 89
351077871.074307, 32
351077968.451034, 76
351078086.974517, 73
351078165.291532, 70
351078310.540448, 69
351078392.531915, 188
351078510.590994, 32
351078609.352333, 85
351078791.381003, 78
351078910.488459, 76
351078992.497681, 69
351079158.429781, 83
351079270.567568, 83
351079399.135664, 32
351079639.639029, 89
351079703.051279, 79
351079798.697726, 85
351079904.098602, 32
351080006.886719, 65
351080078.880181, 82
351080200.513008, 69
351080286.73821, 32
351080462.633914, 32
351080759.025295, 65
351081134.449438, 32
351081350.547727, 72
351081510.735253, 69
351081599.227546, 82
351081752.335545, 77
351081902.645189, 73
351081983.198501, 84
351082129.67695, 190
351082271.463641, 32
351082890.638095, 16
351083097.998984, 66
351083367.553963, 89
351083607.053893, 32
351084078.886007, 76
351084200.793481, 69
351084344.276884, 65
351084446.861096, 82
351084566.450712, 78
351084918.684055, 73
351084966.953789, 78
351085080.664558, 71
351085238.545599, 32
351085422.700429, 79
351085827.844218, 8
351085983.054242, 84
351086143.550816, 79
351086259.291481, 32
351086430.650229, 87
351086528.285791, 79
351086662.468072, 82
351086719.023841, 75
351086950.759844, 32
351087126.502135, 87
351087240.136613, 73
351087336.066863, 84
351087454.518494, 72
351087526.573821, 32
351087615.015623, 79
351087694.708095, 84
351087822.501351, 72
351087894.887365, 69
351087958.577591, 82
351088182.612642, 83
351088430.698778, 188
351088535.218285, 32
351089030.777732, 89
351089095.167894, 79
351089214.659579, 85
351089350.658419, 32
351089510.531626, 76
351089624.883794, 69
351089727.30405, 65
351089878.403237, 82
351090014.432593, 78
351090150.49302, 32
351090430.569499, 84
351090526.930585, 79
351090614.850279, 32
351090814.709959, 67
351090912.571065, 79
351091118.560103, 77
351091246.753679, 77
351091430.557015, 85
351091622.703814, 78
351091774.516252, 73
351091870.37132, 67
351092046.72172, 65
351092262.584478, 84
351092422.699042, 69
351092838.781851, 32
351093086.4771, 89
351093198.729186, 79
351093286.336225, 85
351093368.073019, 82
351093543.02549, 32
351093656.384211, 78
351093760.287009, 69
351093926.416633, 69
351094110.443572, 68
351094230.702329, 83
351094422.41302, 188
351094550.481479, 32
351094566.779734, 69
351094790.525156, 88
351094974.611186, 80
351095030.892862, 69
351095222.444036, 67
351095430.591416, 84
351095598.57505, 65
351095704.358213, 84
351095792.307314, 73
351095886.530587, 79
351095911.599256, 78
351096054.624635, 83
351096993.81266, 188
351097152.632219, 32
351099697.249556, 72
351099760.439591, 79
351099880.63038, 87
351099999.318929, 32
351100104.738392, 84
351100239.212798, 79
351100287.251717, 32
351102352.892497, 68
351102517.23275, 69
351102625.66224, 76
351102700.867414, 69
351102888.146847, 71
351103292.022263, 65
351103455.528032, 84
351103577.527056, 69
351103735.730183, 32
351103865.419618, 84
351104091.036805, 65
351104216.605416, 83
351104368.843142, 75
351104440.727854, 83
351104599.550188, 32
351104791.042271, 65
351104902.94203, 77
351105022.986895, 79
351105135.130786, 78
351105185.099451, 71
351105362.977612, 83
351105570.329624, 84
351105760.566373, 32
351106016.721878, 89
351106035.771048, 72
351106090.481684, 79
351106207.255191, 85
351106244.083771, 82
351106766.801151, 8
351106917.73444, 8
351107089.704071, 8
351107258.682817, 8
351107721.806382, 79
351107807.442894, 85
351107879.344529, 82
351108102.934595, 83
351108231.109307, 69
351108343.161094, 76
351108470.723812, 70
351108535.140607, 32
351108687.362797, 65
351108768.681516, 78
351108878.629336, 68
351108976.735127, 32
351109047.043252, 79
351109135.17989, 84
351109262.840816, 72
351109342.751896, 69
351109399.03385, 82
351109566.921774, 83
351109678.758559, 188
351109783.088864, 32
351109902.704002, 72
351109983.597711, 79
351110071.229719, 87
351110158.728842, 32
new stimulus
351119598.418862, 16
351119707.056141, 83
351120026.337596, 84
351120218.127075, 65
351120325.225495, 89
351120420.154252, 73
351120535.949569, 78
351120632.485707, 71
351120739.563043, 32
351120833.679786, 84
351120897.113398, 72
351121015.56919, 69
351121115.763136, 32
351121207.279049, 83
351121327.616871, 65
351121472.841373, 77
351121611.738993, 69
351121690.599478, 32
351121840.298516, 76
351121865.051202, 65
351122540.125599, 8
351122683.241973, 8
351123080.814088, 65
351123158.846191, 76
351123294.785939, 76
351123462.629753, 79
351123552.130197, 87
351123711.228842, 83
351123838.725535, 32
351124062.6191, 79
351124128.091207, 78
351124241.30234, 69
351124330.661576, 32
351124470.57234, 79
351124496.325686, 84
351124951.067782, 32
351125182.572693, 82
351125271.083573, 69
351125446.657469, 65
351125566.644907, 76
351125686.744701, 76
351125871.062933, 89
351125998.67531, 32
351126134.590646, 70
351126246.458224, 79
351126398.867397, 67
351126486.524928, 67
351126694.783554, 85
351126854.489753, 83
351126990.430056, 32
351127366.753046, 79
351127446.932671, 78
351127694.606836, 32
351127882.115696, 87
351127984.390305, 72
351128104.554461, 65
351128201.21655, 84
351128330.254043, 32
351128408.622936, 84
351128599.049164, 69
351128997.595307, 8
351129319.651258, 72
351129586.724144, 69
351129672.324314, 89
351129856.431151, 32
351129936.247908, 65
351130031.349776, 82
351130126.951558, 69
351130240.061987, 32
351130358.593793, 68
351130407.024709, 79
351130528.653652, 78
351130535.639688, 73
351130622.819776, 71
351131343.078422, 32
351131462.442493, 65
351131590.644115, 78
351131679.021555, 68
351131760.448191, 32
351131910.584724, 69
351132134.510193, 88
351132222.814394, 80
351132390.558059, 69
351132487.935063, 82
351132614.722665, 73
351132728.820715, 69
351132839.29092, 78
351132952.332548, 67
351133054.725617, 69
351133152.160047, 32
351133222.935905, 73
351133326.408144, 84
351133406.432136, 32
351133486.707471, 84
351133582.31924, 79
351133671.820516, 32
351133697.964472, 84
351133826.526465, 72
351133928.679008, 69
351134031.806412, 32
351134152.090137, 70
351134331.059676, 85
351134506.175548, 76
351134656.206938, 76
351135320.79812, 190
351135487.410181, 32
351136170.125608, 16
351136375.294864, 78
351136550.803011, 69
351136798.760423, 88
351137245.709185, 8
351137354.470749, 87
351137456.212709, 32
351137624.439087, 69
351137847.144455, 88
351138223.378947, 80
351138422.624138, 69
351138552.043086, 82
351138718.555553, 73
351138790.620867, 69
351138974.533508, 78
351139079.171751, 67
351139222.675406, 69
351139494.31632, 83
351139613.116948, 32
351139710.247601, 65
351139870.393514, 82
351139928.119171, 69
351140078.166097, 32
351140646.678053, 77
351140766.403606, 79
351140855.241011, 82
351140960.142528, 69
351141037.796505, 32
351141090.369606, 79
351141185.796057, 70
351141274.630966, 32
351141384.666451, 65
351141489.449231, 32
351141598.820014, 68
351141774.855539, 69
351142351.134197, 80
351142479.457607, 84
351143218.677202, 8
351143380.833591, 8
351143524.847147, 8
351143714.865565, 8
351144351.35558, 66
351144438.671604, 82
351144518.650653, 69
351144630.436947, 65
351144766.664937, 84
351145123.59836, 8
351145208.912509, 68
351145414.458781, 84
351145472.02825, 72
351145634.979175, 32
351145694.570771, 70
351145878.253984, 73
351145885.089935, 82
351146078.203549, 83
351146302.617835, 84
351146438.323717, 32
351146606.384197, 65
351146734.284816, 80
351146870.380198, 80
351146966.532662, 82
351147143.1738, 79
351147238.708723, 65
351147374.480076, 67
351147478.552934, 72
351147742.568354, 190
351147878.392695, 32
351147966.843929, 16
351148093.919773, 66
351148318.425054, 79
351148409.247412, 84
351148545.404105, 72
351148676.679005, 32
351148769.706035, 65
351148847.283721, 82
351148921.696301, 69
351149070.791947, 32
351149190.848186, 71
351149278.607531, 79
351149399.293517, 79
351149538.068239, 68
351149984.204155, 32
351150106.200683, 65
351150310.542667, 78
351150398.81441, 68
351150496.30266, 32
351150626.971116, 65
351150742.501496, 80
351150878.511432, 80
351151046.288387, 76
351151719.090977, 8
351151874.706869, 8
351152026.471313, 8
351152178.717084, 8
351152346.54453, 8
351152768.069801, 32
351152934.347014, 71
351153078.648811, 73
351153151.978891, 86
351153302.375646, 69
351153398.19243, 32
351153470.710774, 77
351153678.376827, 85
351153743.013616, 83
351154132.519692, 8
351154231.03579, 67
351154366.590199, 72
351154518.290837, 32
351154654.395374, 67
351154760.04371, 79
351154864.053038, 86
351155038.534169, 69
351155102.749, 82
351155254.840248, 65
351155371.048923, 71
351155496.531533, 69
351155655.905381, 32
351155854.825988, 84
351155993.683659, 79
351156072.001229, 32
351156566.644075, 76
351156679.02211, 73
351156766.884655, 70
351156937.578701, 69
351157039.997569, 32
351157192.7685, 69
351157398.363322, 88
351157543.009399, 80
351157694.574932, 69
351157806.627274, 82
351157942.583945, 73
351158048.471974, 69
351158230.557792, 78
351158390.91621, 67
351158550.398252, 69
351158806.157044, 83
351159014.198171, 32
351159136.049607, 84
351159270.188333, 72
351159342.492784, 65
351159447.615684, 84
351159566.289807, 32
351159687.993932, 65
351159792.067344, 82
351159878.763331, 69
351160014.305811, 32
351160158.603724, 80
351160310.719662, 79
351160446.573687, 83
351160542.260083, 83
351160958.79509, 73
351161094.778394, 66
351161276.364852, 76
351161410.016148, 69
351162288.256262, 190
351162499.701355, 32
351163097.596445, 16
351163236.762886, 73
351163347.62814, 32
351163449.61534, 80
351163535.319544, 69
351163607.588485, 82
351163798.989574, 83
351163920.253985, 79
351163970.509504, 78
351164104.168845, 65
351164176.709105, 76
351164286.542905, 76
351164455.138532, 89
351164639.161032, 32
351164760.15135, 66
351165575.289649, 8
351166045.391205, 80
351166115.548966, 82
351166209.280647, 69
351166384.781859, 70
351166527.840529, 69
351166652.404317, 82
351166919.195898, 32
351167054.611042, 68
351167207.051563, 69
351167350.531082, 80
351167467.407789, 84
351167560.204004, 72
351167692.916227, 32
351167902.698177, 70
351168038.964728, 73
351168103.094668, 82
351168358.42734, 83
351168590.467674, 84
351168706.91743, 59
351168768.3389, 32
351169206.647914, 84
351169288.005473, 79
351169384.010348, 32
351169662.230321, 68
351169775.932213, 79
351169846.493901, 32
351169991.167998, 84
351170054.404085, 72
351170174.141289, 69
351170310.264136, 32
351170398.422967, 83
351170518.595446, 65
351170614.06795, 77
351170718.412403, 69
351170854.801575, 32
351170966.266337, 84
351171023.89018, 72
351171086.532585, 73
351171206.192388, 78
351171318.289394, 71
351171454.1326, 32
351171542.406839, 79
351171686.541074, 86
351171902.192159, 69
351171974.642812, 82
351172086.635508, 32
351172191.930131, 65
351172334.722476, 78
351172425.747353, 68
351172518.277521, 32
351172630.900519, 79
351172751.982109, 86
351172982.206996, 69
351173030.514181, 82
351173174.148224, 32
351173358.552179, 66
new stimulus
351184247.34209, 16
351184455.129377, 66
351184870.456489, 79
351184984.921568, 84
351185431.587083, 72
351185670.554641, 190
351186046.972232, 32
351186326.57321, 83
351186393.171372, 79
351186463.703653, 77
351186664.375624, 69
351186790.028849, 32
351186918.778378, 72
351186999.321981, 73
351187078.378602, 83
351187382.122215, 79
351187835.464441, 8
351188006.749673, 84
351188150.458619, 79
351188231.832268, 82
351188437.927004, 73
351188573.852881, 67
351188719.570639, 32
351189102.36699, 66
351189382.226249, 85
351189422.43244, 73
351189525.908563, 76
351189614.125376, 68
351189719.530136, 73
351189806.2952, 78
351189919.47332, 71
351190102.616393, 83
351190294.418356, 32
351190415.633663, 65
351190503.171347, 82
351190582.10951, 69
351190677.917139, 32
351190845.985387, 85
351191005.861368, 78
351191103.689183, 83
351191223.085158, 65
351191319.630729, 70
351191413.851782, 69
351191550.671235, 32
351191654.087713, 65
351191741.75967, 78
351191829.914063, 68
351191919.685547, 32
351191982.751575, 78
351192096.581358, 69
351192245.901161, 69
351192429.770524, 68
351192557.706098, 32
351192677.932119, 84
351192741.913361, 79
351192815.860705, 32
351192893.708045, 66
351193031.202188, 69
351193182.271413, 32
351193429.899248, 82
351193543.727922, 69
351193654.031951, 80
351193813.684331, 76
351193895.479106, 65
351194045.74353, 67
351194183.447681, 69
351194333.995631, 68
351194438.53317, 190
351194573.814042, 32
351194727.637789, 16
351194918.037107, 79
351195077.76439, 84
351195198.121632, 72
351195287.01896, 69
351195350.335222, 82
351195485.851902, 32
351195677.702969, 66
351195885.785709, 85
351195990.459463, 73
351196022.480323, 76
351196143.383253, 68
351196238.178292, 73
351196325.834713, 78
351196416.39047, 71
351196574.471254, 83
351196703.452154, 32
351196845.844456, 65
351196933.965004, 82
351196999.615215, 69
351197766.00495, 32
351198590.033787, 83
351198733.685307, 65
351198909.557154, 70
351199109.538622, 69
351199309.789744, 32
351199854.771891, 65
351200334.415648, 78
351200469.831901, 68
351200653.880756, 32
351200845.688545, 83
351200887.383104, 72
351200975.655124, 79
351201054.222096, 85
351201229.657003, 76
351201357.754869, 68
351201470.14733, 32
351201677.77177, 66
351201821.770622, 69
351201949.763622, 32
351202905.123953, 80
351202984.793122, 82
351203046.786636, 69
351203254.455741, 83
351203406.116152, 69
351203583.413947, 82
351203861.702166, 86
351204173.657465, 68
351204349.653042, 32
351204517.747368, 73
351204837.907418, 70
351205061.560181, 32
351205175.215466, 84
351205326.111858, 72
351205469.742017, 69
351205629.738954, 89
351205773.521417, 32
351205871.572834, 72
351205983.411839, 65
351206101.807153, 86
351206277.566089, 69
351206445.955592, 32
351206565.974378, 72
351206646.09519, 73
351206741.609029, 83
351206949.574698, 84
351207053.676962, 79
351207157.591967, 82
351207269.766097, 73
351207501.858032, 67
351207637.822194, 65
351207719.9127, 76
351207821.517891, 32
351207951.251713, 83
351208070.608017, 73
351208197.898307, 71
351208309.672117, 78
351208453.782494, 73
351208581.565763, 70
351208783.445351, 73
351208878.06395, 67
351209389.677522, 65
351209573.69808, 78
351209893.679748, 67
351210117.75225, 69
351210341.78952, 32
351210629.872949, 16
351210843.582636, 57
351211711.184177, 69
351211822.07967, 190
351211957.928424, 71
351212030.447323, 190
351212135.032024, 32
351212254.990055, 65
351212357.750985, 32
351212479.515588, 80
351212583.31352, 82
351212646.278289, 69
351212805.722047, 83
351212933.500322, 73
351213031.248794, 68
351213165.81586, 69
351213317.760906, 78
351213637.603585, 84
351213861.675256, 32
351214166.17096, 71
351214293.667929, 65
351214453.873211, 86
351214605.755282, 69
351214749.709192, 32
351214845.569254, 65
351214957.818565, 32
351215061.593472, 83
351215175.509533, 80
351215303.955563, 69
351215453.766958, 69
351215669.920177, 67
351215781.771665, 72
351215901.720819, 32
351216045.677504, 72
351216117.940897, 69
351216205.527408, 82
351216319.075053, 69
351217000.401984, 40
351218822.602055, 190
351219285.978906, 32
351230505.491981, 16
351230720.192064, 73
351230815.704516, 68
351230990.99128, 69
351231102.65107, 65
351231198.787167, 76
351231325.928759, 76
351231512.249977, 89
351231749.960259, 188
351231893.976312, 32
351232070.137232, 85
351232253.779109, 78
351232335.583594, 83
351232479.420709, 65
351232637.701793, 70
351232751.254154, 69
351232893.880878, 32
351233382.023731, 72
351233501.941536, 73
351233632.693774, 83
351233798.908289, 84
351234053.713305, 79
351234181.470496, 82
351234293.667375, 73
351234415.550714, 67
351234781.465946, 65
351235335.027086, 76
351235485.525932, 32
351235677.669124, 66
351235877.706908, 85
351235981.954264, 73
351236039.486003, 76
351236158.93025, 68
351236213.90194, 73
351236325.197753, 78
351236402.304654, 71
351236661.988964, 83
351236773.427094, 32
351236981.3026, 87
351237277.628509, 79
351237349.826985, 85
351237533.564573, 76
351237629.660166, 68
351237766.266837, 32
351237829.972876, 78
351237941.368283, 79
new stimulus
351251638.491613, 16
351251799.232595, 66
351252014.103016, 79
351252103.093836, 84
351252213.461672, 72
351252357.513235, 32
351252437.386309, 83
351252543.573121, 72
351252613.988052, 79
351252677.383379, 85
351252837.223018, 76
351252918.065681, 68
351253030.934476, 32
351253109.703133, 66
351253207.697956, 69
351253278.632499, 32
351253445.880688, 68
351253535.709876, 79
351253590.210504, 78
351253677.919635, 69
351253821.651886, 190
351253957.542808, 32
351254373.398409, 16
351254493.709321, 65
351254709.701358, 32
351254823.539186, 87
351254909.865369, 69
351255023.133374, 76
351255141.41661, 76
351255213.734378, 32
351255334.65534, 82
351255415.498004, 79
351255469.433246, 85
351255561.139471, 78
351255600.222381, 68
351255805.223242, 69
351255909.560205, 68
351256062.79776, 32
351256181.937674, 83
351256381.823432, 84
351256485.421621, 85
351256581.311644, 68
351256750.546451, 69
351256855.281515, 78
351257021.269099, 84
351257117.270646, 32
351257261.178782, 72
351257381.703031, 65
351257421.42096, 83
351257557.158468, 32
351257685.171442, 66
351257766.905184, 69
351258077.589892, 84
351258228.957623, 84
351258404.982052, 69
351258477.513712, 82
351258765.407661, 32
351259269.294202, 80
351259693.404767, 69
351259790.749313, 82
351259981.487918, 67
351260141.336712, 69
351260293.316713, 80
351260391.070179, 84
351260509.218311, 73
351260589.963044, 79
351260653.749536, 78
351260821.334238, 32
351260861.506861, 79
351261021.181989, 70
351261589.663151, 32
351262323.092398, 8
351262830.573772, 8
351262861.670262, 8
351262892.93487, 8
351262923.755326, 8
351263646.314908, 78
351263757.491429, 32
351263845.861379, 79
351263933.238436, 70
351264029.561515, 32
351264133.252085, 84
351264181.882745, 72
351264277.231241, 69
351264360.354312, 32
351264486.281906, 87
351264557.946346, 79
351264693.85752, 82
351264781.467333, 76
351264917.223151, 68
351265045.559045, 188
351265221.362923, 32
351265709.591221, 67
351266282.30168, 8
351266838.181788, 77
351266957.228211, 79
351267054.856283, 82
351267125.551965, 69
351267230.803865, 32
351267381.456126, 85
351267557.166235, 78
351267672.762364, 68
351267813.394425, 69
351267894.769461, 82
351268093.377968, 83
351268269.210421, 84
351268413.652039, 65
351268501.290705, 78
351268637.287602, 68
351268743.413936, 73
351268813.494019, 78
351268894.513123, 71
351269901.607909, 188
351270037.227235, 32
351270141.168317, 87
351270237.15627, 72
351270317.520658, 73
351270406.448503, 67
351270478.835072, 72
351270605.375491, 32
351270714.640021, 73
351270822.403976, 83
351270886.896506, 32
351271013.065181, 78
351271077.627621, 69
351271221.42673, 69
351271469.02821, 68
351271637.216582, 69
351271781.358584, 68
351271886.926468, 32
351272037.063833, 84
351272102.870511, 79
351272173.431921, 32
351272429.178229, 73
351272493.808638, 78
351272646.534349, 84
351272805.32783, 69
351272878.867641, 82
351272997.280988, 65
351273189.063809, 67
351273413.139363, 84
351273549.243345, 32
351273647.014289, 87
351273749.727225, 73
351273861.226387, 84
351273933.439012, 72
351274029.247473, 32
351274125.319485, 79
351274246.583619, 84
351274351.045699, 72
351274461.214624, 69
351274518.032835, 82
351274733.345465, 83
351275021.041058, 190
351275140.958586, 32
351277117.897064, 16
351277253.453693, 83
351277509.186962, 80
351277573.50111, 69
351277749.261711, 67
351277839.062602, 73
351277965.056223, 65
351278109.166599, 76
351278229.85647, 73
351278352.034153, 90
351278469.628274, 73
351278541.489405, 78
351278655.015967, 71
351278781.051201, 32
351278853.696881, 73
351278949.132765, 78
351279021.091826, 32
351279126.662484, 79
351279189.488819, 78
351279317.381393, 69
351279485.075676, 32
351279677.022453, 83
351279869.144838, 80
351279959.057808, 69
351280346.372529, 8
351280497.435651, 8
351280748.049932, 85
351280749.695044, 89
351281446.775096, 8
351281902.095061, 66
351282077.149901, 74
351282175.19133, 69
351282332.946977, 67
351282548.952885, 84
351282701.642531, 32
351282804.854271, 65
351282916.790928, 76
351283061.627317, 76
351283198.282259, 79
351283279.008128, 87
351283437.244269, 83
351283574.216581, 32
351283654.088268, 84
351283748.981515, 72
351283837.426091, 65
351283885.022799, 84
351284055.756516, 32
351284270.65246, 80
351284372.924295, 65
351284462.335131, 82
351284723.4465, 84
351284900.75983, 73
351285060.911291, 67
351285292.8426, 85
351285422.826656, 76
351285580.873873, 65
351285765.011225, 82
351285893.333525, 32
351286052.854684, 83
351286132.787959, 85
351286325.393613, 66
351286869.515751, 74
351287085.088326, 69
351287268.929115, 67
351287556.829445, 84
351287702.999679, 32
351287782.62557, 84
351287916.82089, 79
351287997.275717, 32
351288085.403478, 66
351288230.487882, 69
351288235.962802, 32
351289325.202746, 65
351289516.730894, 68
351289692.876833, 86
351289860.947856, 65
351289971.377834, 78
351290093.048946, 67
351290415.428648, 69
351290606.853595, 68
351290712.091624, 32
351290837.51764, 66
351291053.870048, 89
351291205.18063, 32
351291279.061948, 84
351291381.303266, 72
351291469.415769, 69
351291621.132496, 32
351291696.737158, 83
351292389.371803, 84
351292532.981155, 85
351292685.143977, 68
351292900.919625, 69
351292997.085128, 78
351293277.080601, 84
351293757.522223, 32
351293878.852938, 73
351293967.116358, 78
351294029.072143, 32
351294110.56758, 84
351294238.912351, 72
351294327.175216, 69
351294432.417684, 32
351294535.007999, 70
351294629.920665, 85
351294739.622689, 84
351294845.123714, 85
351294935.270551, 82
351295005.762883, 69
351295517.25217, 190
351295724.342572, 32
351296181.514051, 16
351296493.216065, 66
351297627.876899, 8
351298229.332143, 16
351298325.567556, 87
351298509.16671, 73
351298613.001263, 84
351298693.361489, 72
351298781.136092, 79
351298862.490598, 85
351298894.817177, 84
351299076.89717, 32
351299437.00846, 84
351299556.947904, 72
351299678.714449, 69
351299820.903124, 32
351301213.303264, 87
351301316.767736, 79
351301468.852047, 82
351301637.119762, 76
351301711.766208, 68
351301836.791072, 76
351302028.862412, 89
351302188.771961, 32
351302318.602049, 85
351302405.238112, 78
351302484.988288, 68
351302677.003034, 69
351302791.787148, 82
351302957.122514, 83
351303156.943355, 84
351303340.786918, 65
351303524.962832, 78
351303628.898366, 68
351303739.772497, 73
351303805.115325, 78
351303860.997514, 71
351303973.493453, 32
351304117.196852, 84
351304198.671204, 72
351304279.054735, 65
351304373.042476, 84
351304476.728053, 32
351304693.043564, 67
351304789.175499, 79
351304868.870191, 77
351304957.162185, 69
351305084.682458, 83
351305228.624994, 32
new stimulus
351319967.140493, 16
351320447.194835, 67
351320693.75099, 76
351320805.217694, 65
351320989.398879, 83
351321108.967411, 83
351321253.107748, 69
351321366.84404, 83
351321478.502998, 32
351321612.900004, 83
351321709.25665, 72
351321781.201009, 79
351321868.710118, 85
351322068.783691, 76
351322102.524566, 68
351322276.886406, 32
351322580.774278, 66
351322708.940944, 69
351322828.686748, 32
351322997.993407, 79
351323148.728617, 80
351323236.763718, 84
351323334.365712, 73
351323412.907439, 79
351323477.012965, 78
351323700.655741, 65
351323798.311555, 76
351324004.600763, 32
351324232.288904, 66
351324305.141264, 69
351324444.704142, 67
351324556.827781, 65
351324629.045677, 85
351324740.853887, 83
351324852.672085, 69
351324972.707517, 32
351325300.784077, 83
351325493.127567, 84
351325620.802642, 85
351325700.735916, 68
351325860.551142, 69
351325926.439659, 78
351326036.800005, 84
351326188.966434, 83
351326293.299513, 32
351326484.851519, 72
351326541.041646, 65
351326692.568063, 86
351326844.755298, 69
351326964.708891, 32
351327076.775104, 68
351327156.930316, 73
351327292.721366, 70
351327436.653915, 70
351327548.612488, 69
351327637.289821, 82
351327748.912714, 69
351327837.960683, 78
351327966.500481, 84
351328100.593433, 32
351328236.560091, 76
351328340.736982, 69
351328468.678936, 65
351328564.852207, 65
351328780.868935, 82
351329204.027665, 8
351329368.09771, 8
351329493.495983, 82
351329628.608737, 78
351329716.509012, 73
351329804.92862, 78
351329854.11884, 71
351329964.620394, 32
351330068.613631, 83
351330220.571716, 84
351330310.040811, 89
351330405.247822, 76
351330510.438967, 69
351330565.018938, 83
351330710.002638, 190
351331068.736806, 32
351331190.457854, 16
351331268.879179, 73
351331381.967692, 70
351331548.971749, 32
351331652.942238, 65
351331718.250666, 32
351331893.52772, 80
351332044.509281, 82
351332196.471249, 79
351332364.622724, 70
351332604.898326, 69
351332852.48538, 83
351333020.738668, 83
351333236.884952, 79
351333318.437538, 82
351333460.518018, 32
351333572.552882, 68
351333684.533927, 79
351333750.145299, 69
351333844.891512, 83
351333916.408086, 32
351333996.755551, 78
351334060.512914, 79
351334166.034745, 84
351334292.480564, 32
351334428.580385, 84
351334644.581577, 69
351334734.213796, 65
351334860.464587, 67
351334966.174511, 72
351335092.757376, 32
351335158.454749, 84
351335260.519905, 72
351335324.511689, 69
351335428.531281, 32
351335692.720367, 87
351335940.446133, 89
351336377.896526, 8
351336477.134476, 65
351336621.044554, 89
351336764.406446, 32
351336868.480968, 84
351336974.303248, 72
351337046.388536, 69
351337148.556893, 32
351337206.408777, 83
351337396.484344, 84
351337524.328091, 85
351337606.953467, 68
351337772.689984, 69
351337892.522899, 78
351338028.423531, 84
351338164.417654, 32
351338268.72521, 76
351338380.480711, 69
351338453.007932, 65
351338573.063339, 82
351338678.297207, 78
351338788.461415, 83
351338948.665587, 188
351339100.571794, 32
351339876.906269, 84
351339966.249969, 72
351340060.505423, 69
351340180.760851, 32
351340228.996185, 83
351340396.503208, 84
351340508.468162, 85
351340636.693642, 68
351340788.939413, 69
351340948.565437, 78
351341068.771761, 84
351341188.588863, 32
351341356.658221, 87
351341476.617362, 73
351341636.617906, 76
351341796.338531, 76
351341884.657435, 32
351341980.797415, 76
351342116.610659, 69
351342204.801949, 65
351342308.487804, 82
351342429.992462, 78
351342524.885986, 32
351342646.178694, 66
351342764.677487, 69
351342964.481128, 84
351343108.526032, 84
351343300.571294, 69
351343372.878798, 82
351343492.429574, 32
351343604.321288, 73
351343772.803727, 70
351343908.47077, 32
351344012.475382, 84
351344078.737863, 72
351344220.896577, 69
351344380.398594, 89
351344740.753738, 32
351345173.056015, 70
351345284.455583, 73
351345356.885429, 78
351345454.155349, 68
351345556.729019, 32
351345660.892038, 65
351345758.378902, 32
351345900.754559, 68
351346028.584713, 73
351346116.501355, 70
351346252.526827, 70
351346444.539353, 69
351346500.855707, 82
351346614.010246, 69
351346732.990088, 78
351346846.094413, 84
351346964.682259, 32
351347116.496084, 65
351347228.555361, 80
351347364.667666, 80
351347422.423285, 82
351347540.630507, 79
351347606.380036, 65
351347748.57953, 67
351347854.121614, 72
351348004.510601, 32
351348172.524197, 84
351348277.820762, 79
351348350.096362, 32
351348460.274442, 76
351348540.918748, 69
351348638.135126, 65
351348740.882184, 82
351348814.016682, 78
351349068.512927, 73
351349164.654017, 78
351349228.542877, 71
351349388.379187, 32
351349494.279978, 16
351349564.601418, 57
351350077.154617, 69
351350212.523709, 190
351350612.717183, 71
351350724.524561, 190
351350876.463781, 32
351351052.386396, 65
351351180.524488, 32
351351340.559154, 84
351351468.713337, 85
351351556.841929, 84
351351660.685636, 79
351351772.553215, 82
351351900.801166, 32
351352108.519097, 79
351352214.234292, 82
351352332.459824, 32
351352500.711448, 82
351352565.106048, 69
351352652.706985, 65
351352812.512223, 68
351352900.801721, 73
351352980.364915, 78
351353108.478871, 71
351353196.448778, 32
351353293.175783, 84
351353366.794382, 72
351353430.23909, 69
351353516.94756, 32
351353596.903306, 77
351353660.468138, 65
351353780.611765, 84
351353926.138657, 69
351354020.811908, 82
351354125.761418, 73
351354244.384774, 65
351354386.912736, 76
351354501.087077, 32
351354638.115706, 70
351354806.548486, 82
351354910.002416, 79
351354965.578054, 77
351355117.444867, 32
351355244.82421, 84
351355429.16519, 69
351355613.060076, 88
351355868.75839, 84
351355980.592678, 66
351356172.95531, 79
351356308.626515, 79
351356468.620123, 75
351356612.66475, 83
351357892.795327, 190
351358076.773162, 32
351359256.599379, 16
351359358.515282, 73
351359438.408608, 70
351359581.897837, 32
351359661.535657, 89
351359733.279162, 79
351359844.995268, 85
351359932.945479, 32
351360148.643726, 87
351360278.460497, 65
351360396.983425, 78
351360556.805587, 84
351360676.714515, 32
351360941.259256, 84
351361038.320277, 79
351361140.648706, 32
351361637.010735, 65
351361685.138984, 72
351362082.523007, 8
351362208.909457, 8
351362454.491584, 72
351362604.576794, 65
351362780.353762, 86
351362972.37683, 69
351363172.432925, 32
351363348.904003, 83
351363540.427157, 84
351363636.625951, 85
351363756.482723, 68
351363908.499067, 69
351364052.457416, 78
351364156.233155, 84
351364444.825375, 83
351364638.666666, 32
351367625.471096, 84
351367626.336098, 72
351367626.507544, 65
351367626.876515, 84
351367627.11704, 32
351367627.855537, 80
351367628.583215, 65
351367629.039851, 82
351367629.244588, 84
351367629.68236, 73
351367629.914007, 67
351367630.17839, 73
351367630.430012, 80
351367630.583981, 65
351367630.76486, 84
351367630.95101, 69
351367649.604021, 32
351367779.801693, 73
351367852.793596, 78
351367925.174616, 32
351368148.437324, 67
351368292.347679, 76
351368412.497964, 65
351368612.478045, 83
351368765.080026, 83
351368932.488842, 69
351369012.994161, 83
351369220.844699, 188
351369332.548322, 32
351369455.152403, 79
351369653.86966, 80
351369820.808246, 84
351369948.883918, 73
351370037.245545, 79
351370093.044507, 78
351370228.950133, 65
351370334.63065, 76
351370436.465545, 32
351370525.883872, 67
351370644.386549, 76
351370988.481445, 65
351371196.504817, 83
351371348.869048, 83
351371484.51251, 69
351371565.337695, 83
351371700.403288, 32
351371814.215039, 65
351371933.943642, 82
351371988.733622, 69
351372060.552862, 32
351372180.532255, 84
