new stimulus
122581355.68577, 86
122581580.812328, 74
122581961.283875, 8
122582107.043184, 8
122582408.591352, 67
122582761.755655, 74
122583549.536875, 8
122584047.196841, 72
122584599.725964, 65
122584705.269418, 78
122585201.543951, 71
122585298.130635, 69
new stimulus
122614854.87293, 71
122615790.042744, 8
122615790.366216, 70
122616578.103881, 8
122616950.562163, 84
122617726.189908, 82
122618418.720496, 8
122618808.814341, 8
122619213.498238, 82
122619902.68925, 69
122620726.717837, 80
122621044.895923, 76
122621204.690166, 65
122621646.702257, 67
122622245.201195, 69
new stimulus
122645860.679045, 82
122646553.85935, 8
122646729.92453, 69
122647198.41549, 77
122647863.475435, 8
122648214.45062, 78
122648782.543815, 86
122649004.582416, 79
122649617.40869, 8
122649815.664941, 8
122649992.45918, 68
122650388.707024, 79
122650706.706174, 8
122651154.268322, 8
122651444.686693, 70
122652851.401856, 8
122655621.35748, 67
122656483.31543, 8
122657012.210901, 86
122659068.680492, 67
122659457.325375, 8
122659855.986215, 8
122660029.639509, 67
122660307.785392, 79
122661020.828663, 85
122661580.200341, 78
122661764.178638, 89
122662020.100436, 82
122662204.063753, 84
122662900.474054, 8
122663015.960226, 8
122663200.237582, 8
122663612.93197, 89
122664072.356857, 8
122664340.259298, 82
122664901.014467, 69
122665139.571464, 82
new stimulus
122683741.00023, 70
122684360.821084, 8
122684539.683486, 68
122684867.832309, 79
122685339.973556, 78
122685903.470186, 65
122686084.634616, 84
122686299.487217, 69
122686860.167206, 68
new stimulus
122727991.704321, 32
122728187.894629, 79
122728640.4642, 8
122729071.400869, 8
122729283.616319, 67
122729555.070009, 79
122729963.222206, 76
122730145.60423, 76
122730332.043239, 69
122731107.254023, 67
122731915.992074, 89
122732488.486531, 8
122732630.921521, 84
122732756.574289, 73
122732990.79383, 79
122733524.81546, 77
122734129.879533, 8
122734388.293669, 78
new stimulus
122749460.203048, 88
122750743.795788, 8
122751083.009492, 67
122751895.866947, 8
122752179.10237, 88
122753283.113912, 74
122754007.611006, 8
122756942.794691, 8
122757155.227084, 88
122758191.739942, 8
122759787.727955, 88
122760631.847825, 8
122760822.05225, 90
122761687.208015, 8
122762295.129787, 83
122763898.73713, 72
122764650.320918, 68
122764858.146204, 68
122765435.081594, 84
122766447.308308, 8
122766937.659654, 71
122767662.955717, 8
122768092.16739, 70
122769815.479902, 8
122770812.512622, 84
122772387.460301, 37
122772629.227042, 37
122773192.583852, 39
122773870.667815, 8
122774246.403254, 8
new stimulus
122787556.649081, 188
122787809.963413, 88
122788486.904685, 8
122788661.284541, 8
122789082.486833, 79
122789710.298758, 8
122790235.178025, 73
122791191.998774, 8
122791474.520119, 76
122792159.113733, 8
122792627.928441, 77
122793306.728146, 90
122794079.212727, 8
122794946.602275, 83
122796072.167102, 8
122796274.132453, 65
122798226.164662, 75
122798513.530031, 69
new stimulus
122819570.8255, 74
122820134.663911, 8
122820243.464826, 72
122820934.560323, 8
122821314.141907, 84
122821320.833823, 71
122821966.545415, 8
122822465.863795, 83
122823335.333436, 8
122823521.490309, 65
122823939.822973, 75
122824073.705948, 82
122825494.108439, 8
122825595.902013, 69
new stimulus
122864974.694339, 67
122865227.395018, 74
122865734.959973, 8
122866229.254839, 8
122866665.310732, 88
122867546.162621, 8
122868398.746285, 67
122869177.003135, 8
122870097.67084, 83
122870744.947634, 74
122871672.482861, 8
122872313.144029, 72
122873080.605928, 79
122873785.474476, 87
122873960.795617, 78
new stimulus
122901729.492033, 76
122902325.46895, 8
122903090.95895, 59
122903652.697017, 8
122904072.523863, 75
122904773.330988, 8
122905496.674848, 59
122906012.667811, 8
122906392.339002, 76
122907056.095629, 79
122907231.963842, 83
122907488.011034, 76
122907583.785157, 68
122908020.668592, 8
122908163.600162, 8
122908323.695406, 8
122908856.466983, 65
122909616.107869, 68
122909863.869648, 83
new stimulus
122930833.698602, 80
122931546.514666, 73
122932207.745388, 8
122932365.859024, 8
122932689.022062, 71
122933281.710169, 79
122933567.983891, 8
122933790.468029, 8
122933978.117696, 70
122934304.912712, 79
122934774.28975, 84
122935488.027124, 86
122936525.070409, 8
122936888.251501, 67
122937751.858711, 82
122937996.027073, 8
122938155.408794, 8
122938314.917018, 8
122938800.278973, 84
122939492.770167, 8
122939704.967863, 82
122940695.877655, 67
122941567.668465, 82
122942101.373282, 8
122942256.998741, 69
new stimulus
122964081.232342, 80
122964359.415399, 72
122965012.297178, 8
122965135.432363, 71
122965899.877325, 8
122966239.531294, 70
122967303.239872, 79
122968072.60265, 66
122968724.079577, 8
122968983.391166, 86
122969451.96868, 8
122969783.643784, 78
122970675.90927, 8
122970847.703021, 77
122971476.179921, 8
122971783.273429, 78
122972124.726186, 8
122972271.248399, 66
122973107.961165, 8
122973383.902117, 86
122974380.430211, 8
122975815.729857, 78
122976963.704916, 8
122977775.80668, 66
122978899.773847, 8
122979935.618956, 72
122980647.289277, 71
122982730.50295, 37
122983298.762042, 8
122983824.770962, 39
122984743.526136, 71
122985691.664484, 8
122985863.431047, 70
122986815.548425, 68
122987724.140886, 8
new stimulus
122999047.895661, 86
122999667.95565, 8
122999752.635208, 67
123000331.791342, 8
123000614.917462, 66
123001351.658192, 70
123001947.725547, 8
123002226.258985, 8
123002590.831892, 86
123003115.872895, 8
123003230.824479, 67
123004195.675416, 8
123004342.740816, 88
123006267.893009, 8
123006662.974581, 70
123007387.528823, 8
123007471.557, 68
123008670.705988, 82
123009236.272168, 8
123009358.746263, 69
123009526.378442, 76
123010023.343472, 73
123010606.779913, 66
123011463.934065, 61
123012307.76736, 8
123012731.061396, 8
123013239.673055, 86
123013942.723117, 82
123014758.429394, 84
123015150.322583, 82
123016163.840408, 8
123016417.818882, 8
123016954.345888, 8
123017135.381596, 68
123018003.777622, 8
123019622.890778, 70
new stimulus
123031023.196717, 82
123031327.288822, 219
123031812.701822, 8
123031978.727742, 8
123032270.517953, 69
123032710.540391, 80
123033003.132344, 8
123033210.263249, 8
123033407.103273, 68
123034050.923141, 8
123034286.484838, 87
123035086.346572, 80
123036195.160248, 8
123036599.476009, 79
123037256.055237, 84
123037365.993295, 76
123037843.44574, 8
123038490.472856, 8
123038638.701753, 82
123038902.721985, 76
123040355.145356, 8
123040766.193259, 75
new stimulus
123075431.279281, 79
123076309.927071, 71
123076947.227856, 8
123078006.289934, 71
123078628.761254, 8
123078782.185666, 66
123079866.297069, 8
123080038.486975, 70
123082045.671311, 86
123082650.387499, 8
123082813.925798, 67
123083874.99029, 8
123084374.170792, 68
123085317.679007, 82
123085509.243898, 84
123086406.886608, 8
123086595.30029, 8
123086830.122941, 82
123087419.815748, 8
123087589.556039, 69
123087893.323841, 82
new stimulus
123118438.256384, 188
123118964.239226, 8
123119277.358288, 77
123120229.000723, 80
123120929.41308, 8
123121334.448467, 79
123122093.089255, 73
123122540.857248, 77
123122917.103695, 8
123123081.649581, 8
123123485.054296, 85
123123900.862164, 78
123124543.74158, 74
123125355.38255, 8
123125651.621462, 89
123126163.251723, 8
123126349.981745, 84
123127037.197529, 83
123127134.239737, 79
123127304.272983, 77
123127892.636396, 8
123128032.240596, 8
123128408.133332, 8
123128644.821075, 65
123128924.568224, 73
123129324.859736, 78
new stimulus
123145534.015804, 86
123145764.238283, 76
123146209.399086, 8
123146407.935809, 8
123146677.08331, 67
123146852.289876, 76
123147804.379512, 79
123148500.644168, 84
123148956.702568, 72
123149372.417223, 69
123149631.067166, 83
