new stimulus
121877213.750413, 32
121877224.463248, 86
121877865.651236, 8
121878494.217743, 86
121879083.632854, 8
121879223.267015, 67
121879617.713851, 80
121879937.287912, 77
121880235.974497, 8
121880392.591731, 8
121880755.155565, 73
121880760.898983, 79
121881287.153697, 8
121881837.435167, 8
121882056.346694, 73
121882669.120812, 8
121882864.558481, 79
121883751.918356, 77
121884436.636254, 8
121884704.756747, 78
121885226.880405, 89
121885916.958604, 8
121886162.475226, 84
121886879.801855, 83
121887319.150163, 79
121887675.962812, 8
121887836.978534, 8
121888064.026501, 65
121888223.896202, 79
121888503.280486, 77
121888891.983627, 8
121889499.061489, 8
121889855.619466, 73
121890463.348154, 78
121890959.831861, 83
121892063.648378, 68
121892419.686471, 8
121892863.528144, 16
121892975.499688, 68
121893535.237559, 73
121894204.028798, 8
121894479.587465, 79
121895148.077426, 8
121895615.247868, 73
121896195.824946, 8
121896520.793153, 85
121897375.702981, 80
121897840.968383, 76
121898135.354131, 73
121898393.259203, 67
121899223.330821, 65
121899751.26642, 89
121900467.62319, 8
121900815.827509, 84
121901246.707861, 69
121902919.211806, 16
121903422.133034, 16
121903452.376209, 16
121903483.799805, 16
121903514.727929, 16
121903546.107692, 16
121903577.193667, 16
121903608.922424, 16
121903640.26751, 16
121903672.065621, 16
121903718.193288, 16
121903748.806263, 16
121903783.823829, 16
121903812.48488, 16
121903842.499739, 16
121903864.618403, 48
121904622.460778, 8
121904991.051553, 16
121905167.072069, 57
121910483.485766, 86
121910484.059469, 69
121910662.724626, 67
121911519.192165, 89
121911670.562285, 79
121911776.4109, 84
121912252.534505, 8
121912379.720294, 8
121912541.696443, 8
121912800.71036, 84
121913639.658574, 79
121913878.398667, 84
121915868.001258, 8
121915969.367605, 82
121917422.874022, 16
121917584.04288, 188
121918536.024321, 73
121918733.849185, 78
121918852.644696, 84
121919613.239905, 191
121919642.398924, 16
121923087.362205, 8
121923088.290729, 190
121923088.606432, 16
121923089.217033, 32
121925620.983241, 66
121925840.846595, 69
121926378.376473, 8
121926518.211486, 8
121926940.360334, 86
121927269.513139, 69
121927953.359384, 67
new stimulus
121945102.544825, 78
121946075.378788, 8
121946801.981219, 86
121947009.340163, 79
121947377.027382, 8
121947563.406468, 8
121947743.334716, 66
121948405.956975, 8
121948576.416615, 8
121948935.586775, 83
121949116.404986, 78
121949520.614495, 8
121949644.521739, 8
121949743.16771, 65
121950477.650799, 8
121950968.584172, 20
121952167.324798, 83
121952866.934302, 8
121953357.923991, 67
121953907.165692, 8
121954183.040618, 83
121954701.585841, 8
121954846.033232, 65
121955619.449111, 8
121956088.581742, 90
121957812.216338, 8
121958079.734831, 88
121958891.866556, 8
121960143.876461, 87
121960406.595595, 74
121960741.852463, 73
121961066.753258, 8
121961201.659912, 8
121961438.397868, 73
121961803.275382, 8
121962247.528468, 72
121963451.599157, 8
121963862.268382, 72
121964474.481003, 8
121964991.506799, 70
121965562.562003, 8
121965774.673144, 71
121968587.384676, 8
121969022.414116, 72
121969333.959654, 73
121969622.587281, 76
121969765.780181, 82
121970490.776908, 8
121970695.555016, 69
121972021.878974, 9
121972609.670625, 8
121972902.305023, 20
121973853.992678, 16
121974078.331088, 48
121974885.111666, 8
121975294.039251, 16
121975503.159809, 173
121976035.542721, 8
121978743.535845, 16
121978942.470665, 48
121979820.566113, 8
121980239.637545, 16
121980446.518495, 48
121982366.289856, 16
121982765.890594, 16
121982834.692319, 8
121983381.979877, 16
121983808.135218, 57
121986590.202427, 78
121987636.044074, 32
121987865.090294, 16
121988209.521706, 190
121988993.731149, 32
121989289.002976, 48
121990675.513947, 39
121991447.261979, 16
121991768.213983, 221
121992606.079705, 8
new stimulus
122003825.523324, 84
122004759.902769, 8
122005375.649161, 84
122006077.673048, 82
122006739.102125, 8
122007238.149467, 84
122007563.232803, 8
122007693.551214, 82
122008108.088501, 8
122008466.291854, 8
122008669.67149, 84
122009372.037158, 8
122009568.019401, 82
122010277.528346, 69
122010925.376902, 89
122011539.438247, 8
122011765.190664, 84
122012197.466437, 85
122012954.597785, 8
122013670.183884, 85
122014917.615811, 84
122015061.601576, 78
122015684.279852, 8
122015809.698755, 8
122016054.10875, 82
122016157.362383, 78
122017525.402202, 32
122023901.596771, 66
122024820.652113, 8
122025183.082786, 86
122025742.301328, 65
122025893.089699, 76
122026869.427195, 32
122027357.267894, 16
122027493.454839, 190
122028429.732112, 32
122029175.196579, 48
122042239.440855, 222
122042914.645202, 8
122043813.734933, 59
new stimulus
122069285.633437, 32
122069921.407582, 8
122070357.288423, 72
122070897.102851, 8
122071068.759557, 71
122071609.085269, 8
122071972.56875, 72
122072481.518861, 8
122072757.662884, 71
122073106.753558, 8
122073541.088894, 74
122074268.380435, 8
122074460.728204, 72
122075252.558086, 80
122075372.203333, 89
122075745.913886, 8
122075944.093847, 8
122076260.834899, 79
122076657.029757, 8
122077064.012075, 8
122077780.897885, 71
122078609.128269, 8
122078868.416278, 70
122079388.418231, 79
122079558.037012, 89
122080097.959079, 8
122080244.573117, 84
122081081.450116, 8
122081484.611257, 82
122082340.374982, 16
122082556.566965, 48
122083185.821195, 8
122083580.145134, 16
122083852.492115, 57
122085052.640368, 73
122085395.95794, 77
122085596.458516, 89
122085859.861212, 32
122086305.664242, 8
122086432.216127, 8
122087184.849949, 8
122087548.554255, 78
122088085.884114, 89
122088869.869956, 8
122089134.676673, 84
122089693.765937, 32
122089868.107787, 73
122090011.529003, 32
122090702.410332, 61
122091452.096016, 32
122091835.818643, 48
122092980.282402, 59
122093964.010078, 32
122094332.424136, 73
122094979.987227, 32
122095325.035343, 16
122095371.933681, 188
122096067.902607, 32
122101123.992689, 66
122101371.534474, 82
122101730.790079, 8
122101881.954077, 8
122102220.714754, 77
122102745.785441, 8
122103196.125668, 66
122103921.901112, 8
122104172.179363, 86
122104845.133283, 82
122105284.492965, 67
122105673.552868, 8
122106048.034648, 8
122106211.877276, 69
122106867.939948, 67
122107715.661834, 190
122108395.038295, 8
122108947.923625, 190
122110075.790756, 83
122110251.900046, 73
122110571.651933, 90
122110899.832937, 69
122111419.820187, 16
122111627.652686, 48
122113699.740168, 16
122113900.180544, 48
122114744.930711, 8
122115922.054247, 37
122116941.697774, 16
122117308.615709, 57
122118712.858509, 39
122119115.466475, 222
122120041.4279, 8
122120459.85988, 76
122121265.454768, 8
122121787.827549, 59
122123817.125, 32
new stimulus
122144693.365898, 75
122144890.774355, 78
122145383.923201, 8
122145518.588777, 8
122148571.988166, 76
122149199.852801, 8
122149659.471881, 73
122150583.845357, 8
122151139.624174, 79
122152059.008258, 77
122152776.036106, 8
122153043.507993, 78
122154028.901573, 8
122154161.091457, 8
122154717.619584, 16
122154879.855952, 50
122155656.605859, 8
122156028.228831, 16
122156158.233203, 49
122156787.549574, 8
122158366.244914, 16
122158517.787312, 192
122159865.111933, 79
122160043.181192, 78
122161090.937034, 16
122161251.002871, 83
122162375.284909, 8
122162526.266364, 8
122163006.41727, 8
122163515.072761, 16
122163651.652255, 79
122164243.126097, 70
122164427.724149, 70
122165187.249628, 16
122165690.933483, 83
122166187.001338, 87
122166741.784496, 79
122167319.773803, 8
122167438.049706, 8
122167582.403052, 8
122168291.471455, 87
122168671.797912, 8
122169018.809881, 16
122169066.987678, 83
122169739.535455, 87
122170285.009243, 73
122170884.52215, 89
122171607.680694, 8
122172220.00456, 84
122173499.045399, 67
122174090.970324, 74
122174735.740632, 8
122175235.062064, 85
122175975.165674, 8
122176139.578677, 89
122177407.780731, 8
122177775.130886, 71
122178361.395897, 8
122178532.016995, 70
122179183.895348, 8
122179547.539454, 74
122180054.979015, 8
122180210.873294, 75
122180839.157387, 8
122181363.105079, 70
122181947.495289, 8
122182142.324853, 68
122182775.771448, 8
122182967.384887, 83
122187008.391665, 8
122187009.464447, 72
122187010.398796, 59
new stimulus
122204947.437586, 77
122205527.640701, 8
122205738.81777, 78
122205873.954682, 80
122206367.066076, 8
122206791.806856, 8
122207082.995898, 66
122207710.912688, 8
122207906.463821, 86
122208082.209414, 80
122208687.04628, 8
122209174.127404, 8
122209378.297131, 67
122210286.727858, 8
122210722.278014, 66
122211831.909523, 8
122212010.339705, 72
122212638.966967, 8
122212874.518399, 71
122215111.786504, 8
122215362.704208, 70
122216034.200565, 80
122217246.733106, 8
122217475.120455, 79
122218138.191579, 84
122218913.432601, 8
122219066.74549, 82
122220202.052183, 16
122220458.236698, 48
122221327.263577, 8
122221673.731804, 16
122222017.872757, 57
122222938.339887, 73
122223161.720922, 77
122223329.703482, 89
122223705.844232, 32
122224095.784942, 8
122224230.503782, 8
122224398.009181, 8
122224754.074184, 77
122225546.475827, 89
122225757.846258, 8
122226300.378844, 8
122226706.823523, 78
122227337.987232, 89
122227991.044063, 8
122228091.536538, 84
122228849.803087, 32
122228986.028594, 79
122229614.982378, 8
122229858.82616, 73
122230522.237954, 32
122230913.657033, 61
122231233.80785, 32
122231474.826668, 48
122232913.92613, 76
122233486.964053, 8
122234066.258064, 59
122234801.635554, 32
122235041.541365, 73
122235289.63466, 32
122235553.366653, 16
122235633.124787, 188
122235828.540539, 32
122238305.946378, 66
122239007.28698, 8
122239466.180054, 86
122240111.545704, 8
122240450.242298, 78
122241607.153319, 8
122242041.941404, 67
122242891.383291, 8
122243114.200887, 86
122244290.20448, 69
122244930.030893, 67
122245258.176665, 190
122245465.211304, 83
122245777.734746, 73
122246057.354559, 90
122246393.631777, 69
122246697.944986, 16
122246897.5126, 57
122247974.218287, 39
122248682.023598, 59
122249865.489223, 32
122250105.335389, 16
122250369.566182, 173
122250561.417647, 173
122251120.045008, 8
122251214.112445, 8
122251569.574615, 16
122251729.787208, 61
122251945.278151, 61
122253065.526786, 32
122253433.153805, 73
122254591.565112, 8
122254726.162443, 8
new stimulus
122271042.87714, 66
122271854.619646, 8
122272545.846085, 86
122273290.928823, 79
122273635.592712, 77
122273990.847372, 8
122274148.670827, 8
122274980.668847, 8
122275169.410993, 67
122275913.152685, 79
122276469.955457, 8
122276708.766015, 8
122277225.694159, 67
122277825.457298, 73
122278280.954201, 77
122278997.906591, 8
122279241.575876, 78
122286292.713185, 37
122286804.053544, 37
122286838.028567, 37
122286866.141992, 37
122286899.703382, 37
122286927.958569, 37
122287449.370091, 37
122289085.247436, 13
122289799.045565, 38
122290577.742958, 72
122291261.785339, 8
122295097.550995, 71
122295240.771359, 79
122295384.531582, 84
122295751.055858, 8
122295948.481516, 8
122296239.18119, 8
122296513.523373, 72
122297110.482355, 8
122298025.336177, 69
122298621.724229, 8
122298881.170089, 87
122299377.141401, 74
122300107.70372, 8
122300473.432079, 72
122301001.010084, 79
122301718.151952, 8
122302033.006274, 73
122303064.720882, 76
122303856.938319, 69
122305728.976033, 16
122305984.847896, 173
122306670.020207, 8
122307193.09375, 16
122307601.190462, 173
122308111.230833, 8
122308488.747306, 16
122308809.237129, 57
122310377.305634, 67
122310912.800639, 79
122311256.540721, 77
122311813.785423, 8
122311964.453949, 8
122312305.162667, 79
122312894.798604, 8
122313673.253255, 73
122314008.399988, 78
122314544.789394, 32
122314984.232579, 16
122315080.579296, 190
122315280.525588, 190
122315707.916556, 32
122316088.299606, 86
122316912.614213, 65
122317008.883252, 76
122317613.184699, 37
122318113.022963, 37
122318143.805164, 37
122318175.177714, 37
122318206.16909, 37
122318237.243969, 37
122318268.736087, 37
122318300.20934, 37
122318331.088084, 37
122318364.673887, 37
122318410.886999, 37
122318441.946897, 37
122318471.332845, 37
122318502.917899, 37
122318535.640928, 37
122318564.962237, 37
new stimulus
122353114.512152, 66
122353328.209578, 76
122353781.36284, 8
122353939.400185, 8
122354144.446281, 67
122354479.874595, 76
122354740.62183, 8
122354899.250079, 8
122355072.18125, 86
122355231.855926, 76
122355668.752677, 8
122355819.094679, 8
122356320.502584, 88
122356885.206544, 8
122357384.563763, 66
122358124.923987, 8
122358328.369371, 86
122359156.970111, 8
122359632.532496, 67
122360165.074093, 8
122360432.234159, 78
122361108.501024, 8
122361320.390229, 77
122361820.622429, 8
122362120.222002, 66
122362636.510971, 8
122362872.379771, 86
122363572.604315, 8
122363824.25829, 67
122366084.604377, 8
122366367.855058, 71
122367210.087642, 8
122367423.943475, 70
122368808.144373, 80
122368919.692297, 84
122369380.652701, 8
122369547.06368, 8
122369992.407303, 79
122370265.252529, 84
122370996.814113, 8
122371328.041739, 82
122372200.153246, 32
122372327.448061, 16
122372835.046584, 16
122372865.499211, 16
122372896.491418, 16
122372927.742181, 16
122372959.016802, 16
122372990.867901, 16
122372992.717735, 48
122375247.870527, 79
122375495.403712, 77
122375719.439179, 89
122376044.312509, 8
122376195.326977, 8
122376355.314582, 8
122376939.625727, 8
122377367.777658, 16
122377727.865799, 57
122379146.263934, 73
122379496.076454, 77
122379655.588007, 89
122379751.486136, 32
122380741.796425, 8
122380932.673037, 8
122381067.856278, 8
122381488.162505, 77
122381976.366347, 89
122382373.368495, 8
122382507.734735, 8
122382784.024681, 188
new stimulus
122406929.666364, 75
122407025.878254, 78
122407590.640195, 8
122407723.295866, 8
122408111.905517, 74
122408374.632141, 66
122408910.254759, 8
122409018.834016, 8
122409616.877986, 85
122410276.53241, 8
122410575.986337, 79
122411163.575472, 8
122412255.66463, 75
122412861.413652, 8
122415735.725929, 80
122416843.668785, 8
122417151.431429, 79
122417771.621251, 8
122418103.37431, 73
122418542.943444, 78
122419139.942929, 8
122419263.13554, 66
122419899.341627, 8
122420000.654987, 86
122420539.488737, 8
122422047.785803, 71
122422579.332295, 8
122422713.707968, 70
122423632.671484, 32
122423846.795859, 16
122424742.866155, 16
122424966.539312, 57
122428257.609064, 77
122428919.382142, 79
122429086.650069, 86
122429422.892887, 70
122429590.355285, 76
122429870.187047, 8
122430012.297178, 8
122430700.370188, 8
122430831.195722, 67
122431326.812493, 70
122431366.863005, 76
122432060.068278, 8
122432202.7879, 8
122432662.995665, 68
122433070.556958, 76
122433387.696107, 8
122433546.141814, 8
122433778.067927, 8
122434071.021913, 86
122434603.593748, 8
122434758.842749, 67
122435907.852028, 8
122436335.349249, 88
122436949.005006, 8
122437567.508949, 70
122438699.53682, 8
122439407.35517, 67
122440422.787467, 70
122441380.211881, 8
122441614.679158, 68
122442347.500504, 8
122443106.845106, 8
122444247.10901, 68
122445326.717615, 82
122445838.433877, 76
122446651.94521, 8
122447274.432066, 8
122447447.169321, 69
122447590.213524, 76
122448606.386532, 16
122448862.49004, 85
122448873.22285, 73
122449491.85607, 8
122449642.112073, 8
122450006.540999, 16
122450191.412587, 85
122451219.667218, 8
122451998.752166, 16
