new stimulus
120512090.410769, 67
120513285.85565, 8
120513657.010892, 88
120515109.629289, 49
120519546.696376, 37
120519784.290449, 37
120521221.368632, 88
120522035.790734, 50
120524031.115104, 219
new stimulus
120535287.759581, 65
120536567.823543, 61
120537147.134477, 8
120537673.90741, 80
120538264.939877, 8
120538542.67296, 219
120540294.643471, 48
120541599.355054, 39
120542888.711186, 37
120543088.8292, 37
120543260.72837, 37
120543430.266422, 37
120543757.912561, 37
120544166.755533, 39
120544945.442939, 82
120545454.233256, 69
120545835.176416, 84
120546007.862348, 73
120546349.808635, 82
120546979.929524, 8
120547138.187972, 8
120547684.161393, 73
120548342.863713, 8
120548797.159112, 85
120549617.848955, 82
120550244.078478, 77
120551187.062925, 8
120551676.136477, 78
120552124.888477, 32
120552737.118575, 39
120552878.901074, 39
120553079.17694, 39
120553232.607178, 39
120553427.022277, 39
120554202.130416, 37
120555131.576786, 32
120555474.509022, 61
120555658.709532, 61
120556194.777964, 32
new stimulus
120570466.603119, 40
120573648.282994, 38
120574976.893999, 8
120575103.853136, 8
120575265.191774, 8
120575406.627776, 8
120575528.209134, 8
120575655.945601, 8
120575776.532965, 8
120575903.877438, 8
120576032.37986, 8
120576150.559777, 8
120576278.911838, 8
120576400.010763, 8
120576518.652861, 8
120576758.494865, 8
120576926.478258, 8
120577370.419247, 8
120577504.073074, 8
120577646.349657, 8
120577793.222805, 8
120577937.206628, 8
120578079.813895, 8
120579251.723053, 16
120579490.891482, 48
120580119.508756, 8
120580594.032205, 16
120580986.515188, 57
120581939.342759, 79
120582719.46276, 8
120583227.800606, 73
120584262.027249, 32
120584523.329601, 16
120584682.612837, 188
120589103.499148, 8
120589700.225653, 61
120590619.323717, 32
120590809.939, 50
new stimulus
120604798.270732, 38
120605151.186468, 38
120606134.369014, 40
120610686.104163, 40
120612453.475068, 67
120613139.709064, 65
120613427.519413, 83
120613657.81097, 69
120614754.545242, 32
120615065.716264, 16
120615420.523446, 222
120617882.247032, 67
120618674.030307, 79
120618882.49449, 87
120619557.429463, 39
120620555.642603, 16
120621063.727443, 16
120621095.373528, 16
120621126.070284, 16
120621158.996939, 16
120621188.472771, 16
120621220.125515, 16
120621252.518692, 16
120621283.541416, 16
120621312.386396, 16
120621359.921967, 16
120621390.276665, 16
120621421.44004, 16
120621452.490506, 16
120621483.919095, 16
120621515.588484, 16
120621552.615955, 16
120621579.57476, 16
120621625.135658, 16
120621655.750575, 16
120621686.856247, 16
120621718.217146, 16
120621751.747743, 16
120621753.861403, 222
120623009.632285, 16
120623161.484283, 222
120623870.562673, 8
120624377.122259, 16
120624419.614897, 59
120625708.893073, 37
new stimulus
120645523.821743, 79
120645610.048748, 70
120645998.759102, 8
120646149.343569, 8
120646474.261564, 82
120646681.027662, 69
120646968.770875, 84
120647059.907097, 73
120647208.717744, 82
120647416.674249, 77
120647793.056076, 8
120647940.579218, 8
120648340.899582, 8
120648721.740375, 73
120649374.510076, 8
120649779.268322, 85
120650444.9225, 82
120650698.978652, 78
120651241.085953, 32
120651681.015733, 83
120651913.110794, 71
120652032.810415, 82
120652560.98404, 32
120652837.985012, 8
120652980.497402, 8
120653201.159447, 69
120653664.990035, 32
120653808.511399, 16
120653969.559302, 191
120654582.191936, 8
120654984.64427, 16
120655129.754139, 190
120656265.030038, 61
120656968.800004, 32
120657537.156748, 56
120657768.923068, 53
120658277.777192, 8
120658439.177417, 8
120659362.607943, 54
120659889.076825, 52
120660727.161431, 8
120660803.152762, 53
120661451.741196, 37
new stimulus
120670408.746707, 37
120670907.483893, 37
120671114.398687, 37
120671624.051502, 37
120671654.879755, 37
120671690.28127, 37
120671720.519728, 37
120671750.074348, 37
120671780.271194, 37
120671810.940485, 37
120671842.402364, 37
120671873.612624, 37
120671920.300401, 37
120671951.45906, 37
120671982.725081, 37
120672013.69676, 37
120672044.968884, 37
120672076.321737, 37
120672107.536713, 37
120672138.857941, 37
120672634.519098, 39
120673066.214232, 37
120673274.211795, 37
120677513.595224, 32
120677664.257924, 79
120678280.551942, 8
120678720.90978, 73
120679552.357123, 32
120679728.496929, 16
120679904.395935, 61
120680432.624489, 61
120681056.754223, 32
120681280.695368, 50
new stimulus
120705796.606769, 37
120706508.105368, 39
120708848.501157, 188
120709405.381329, 8
120711776.61092, 88
120712231.629551, 8
120712664.699576, 90
120713233.540417, 173
120713869.706001, 8
120714224.012996, 219
120715208.809847, 79
120716093.308972, 8
120716567.977788, 73
120717583.076072, 39
120718384.547118, 80
120719053.461808, 8
120719408.934242, 221
120720030.142471, 8
120720449.151207, 80
120720910.932773, 8
120721912.602007, 59
120722645.482443, 8
120723912.158968, 219
120725153.85136, 75
120725973.834338, 8
120726697.146295, 74
120727765.058335, 39
new stimulus
120742664.932609, 32
120743191.498032, 73
120743747.812269, 8
120744161.127244, 89
120745056.025165, 32
120745319.279996, 16
120745480.249111, 190
120747999.656831, 32
120752367.675567, 88
120754085.480468, 8
120754207.737898, 90
new stimulus
120781806.232675, 78
120782337.838257, 79
120782805.795184, 8
120782973.607131, 8
120783386.173074, 86
120784029.293567, 8
120784399.842925, 70
120785116.378631, 82
120785820.115861, 8
120786015.412045, 69
120786279.067748, 66
120786398.962395, 69
120786606.8329, 82
120787044.022606, 8
120787178.639079, 8
120787339.848162, 8
120787639.398077, 67
120787950.796582, 69
120788291.832101, 8
120788506.703289, 8
120788936.574389, 88
120789620.26195, 8
120790415.435848, 66
120791116.153366, 8
120792343.472927, 86
120792862.870105, 69
120793054.678847, 82
120793246.725339, 32
120793702.794281, 61
120793902.569682, 32
120794324.128181, 84
120795178.305066, 82
120795297.301151, 85
120795407.146828, 69
120796759.081607, 59
new stimulus
120814639.708232, 79
120815380.632172, 8
120815798.932101, 73
120816319.00757, 78
120816478.300793, 84
120817078.673423, 32
120817254.34439, 73
120817566.441161, 32
120817870.149595, 61
120818030.326678, 32
120818214.840672, 48
120818942.321136, 59
120819438.374287, 32
120819654.793477, 73
120819932.132346, 32
120820222.510492, 16
120820358.553733, 188
120820574.128736, 32
120821838.367574, 48
120822874.207412, 8
120823311.154098, 56
120823670.550633, 53
120824868.117219, 8
120825034.863043, 8
120825454.79947, 57
120826072.42094, 55
120827632.417645, 59
120828311.342466, 32
120828510.382705, 16
120828796.826208, 8
120828979.183265, 8
120829858.172836, 59
120830684.736762, 32
120831142.44886, 80
120831686.700615, 8
120833246.149693, 16
120833751.083878, 16
120833781.51875, 16
120833812.713474, 16
120833844.55736, 16
120833875.288238, 16
120833908.232371, 16
120833909.58063, 173
120834182.868063, 173
120834813.373733, 8
120835259.19424, 8
120835630.024623, 16
120835950.565214, 61
120836157.779622, 61
new stimulus
120852511.588926, 73
120855494.548427, 78
120855591.303228, 84
120856062.163628, 32
120856453.959998, 65
120856701.57946, 66
120856894.039307, 83
120857494.781459, 79
120857790.377312, 76
120858334.572196, 85
120858534.324294, 84
120859117.772942, 69
120859701.88268, 16
120859973.798828, 86
120861062.891022, 65
120862086.021714, 59
120862810.857537, 8
120863454.178327, 76
120864941.830103, 85
120865034.726275, 69
120865615.06921, 59
new stimulus
120894999.23016, 59
120895930.86121, 8
120896381.654186, 76
120897067.28951, 8
120898263.031508, 76
120900173.333984, 61
120900643.160996, 8
120900814.249824, 8
120901349.736506, 16
120902206.005967, 79
120903354.15053, 8
120903917.423282, 73
120904658.644616, 8
120905421.522711, 76
120907628.609228, 8
120908029.275812, 75
new stimulus
120920230.201672, 88
120921236.908569, 32
120921580.855329, 16
120921836.890592, 50
120922626.309697, 8
120922972.984602, 16
120923012.789598, 49
120923591.664428, 8
120923956.621561, 16
120924086.107991, 51
120925129.5949, 8
120925420.324536, 16
120925509.422556, 52
120926681.46543, 8
120927309.799181, 16
120927311.832667, 192
120928049.561288, 8
120928460.950139, 16
120928971.915426, 16
120929002.737854, 16
120929033.495642, 16
120929064.944205, 16
120929095.819896, 16
120929128.625319, 16
120929158.987229, 16
120929189.886779, 16
120929220.868722, 16
120929267.572867, 16
120929298.807817, 16
120929329.836089, 16
120929361.471633, 16
120929392.157847, 16
120929423.55481, 16
120929457.052949, 16
120929487.262001, 16
120929516.491485, 49
120930217.441481, 8
120930628.489383, 16
120930853.251135, 50
120931505.628566, 8
120931836.492772, 16
120931981.120209, 51
120932617.534361, 8
120932952.383422, 16
120933042.024353, 52
120933644.15832, 8
120934009.722169, 16
120934120.392337, 53
120936224.927371, 32
120936760.391583, 51
120937449.367316, 32
120937680.799345, 61
120937832.881879, 61
120938313.552113, 32
120938600.74243, 173
120939004.376571, 8
120939308.665922, 48
new stimulus
120951957.571169, 37
120952299.114643, 37
120953024.302789, 13
120955044.02538, 79
120955138.226811, 82
120955650.200796, 8
120955793.408399, 8
120956826.658247, 79
120957301.833632, 8
120957585.307081, 73
120957864.711061, 70
120958583.966312, 32
120958666.022035, 16
120958825.844853, 48
120959477.851096, 8
120959931.401068, 16
120960207.887704, 57
120961145.776231, 77
120961418.848386, 73
120961736.845594, 188
120962070.29979, 8
120962179.840306, 8
120962749.304231, 8
120963160.992696, 78
120963587.501747, 85
120963913.06391, 77
120964977.734303, 192
120965400.847183, 32
120966172.179641, 8
120966333.069137, 8
120966626.264755, 192
120967116.832767, 8
120967345.078076, 49
120968000.861387, 32
120968217.914204, 16
120968297.191847, 190
120968931.593043, 32
120969439.847663, 78
120969639.588664, 85
120969871.748087, 77
120970520.504359, 81
120971206.36911, 8
120971384.557937, 49
120972234.524702, 8
120972512.327417, 192
120973195.042067, 8
120973658.204629, 50
120974696.554559, 39
120975344.228063, 16
120975496.74559, 221
new stimulus
120990841.811738, 16
120991340.568343, 54
120992602.903806, 8
120992999.546141, 16
120993507.138283, 16
120993536.734516, 16
120993566.182883, 16
120993597.10962, 16
120993628.941577, 16
120993661.266509, 16
120993693.777589, 16
120993721.914872, 16
120993756.870296, 16
120993802.563246, 16
120993833.579034, 16
120993876.933892, 16
120993896.212057, 16
120993927.536336, 16
120993958.767402, 16
120993988.132544, 16
120994018.576016, 16
120994065.394179, 16
120994096.131716, 16
120994111.239155, 57
120994790.816745, 8
120995458.633131, 16
120995600.975185, 56
120997881.498831, 67
120998547.296435, 8
120998737.286137, 88
121000023.467478, 32
121000792.591676, 61
121001360.216309, 32
121001924.604288, 8
121002081.273677, 8
121002487.769679, 16
121002679.388112, 61
121003361.193104, 61
121004224.711539, 32
121004392.515441, 49
121004680.533022, 59
121010613.25766, 37
121011117.587348, 37
121011149.582705, 37
121011180.122164, 37
121011211.683082, 37
121011241.423573, 37
121011272.654084, 37
121011303.844924, 37
121011335.048803, 37
121011366.182772, 37
121011414.946202, 37
121011444.773248, 37
121011616.40776, 39
121011824.478562, 39
121012033.910384, 39
121012249.539206, 39
121012480.802841, 39
121013243.279787, 8
new stimulus
121036920.31233, 20
121038366.99256, 78
121039092.234803, 8
121039443.327059, 67
121040289.085092, 8
121040715.88266, 9
121041475.476384, 8
121042647.302593, 78
121043650.840525, 8
121044257.409045, 86
121044785.538005, 8
121044967.46839, 67
121045656.23273, 8
121046159.743198, 88
121046852.198328, 8
121047384.750744, 90
121048152.890934, 8
121049288.255607, 20
new stimulus
121073231.038647, 32
121073671.263324, 88
121074671.990718, 8
121075244.74595, 90
121076042.000772, 8
121076799.200643, 83
121077393.791848, 8
121077678.016827, 87
121078361.341523, 8
121078599.474345, 81
121079445.762804, 8
121079705.431431, 81
121080304.016369, 8
121080707.65162, 9
121081322.969122, 8
121081970.25618, 69
121082990.970824, 90
121083518.634274, 20
121083889.429148, 8
121084375.880807, 90
121084882.677864, 20
121085502.216305, 20
121085945.701771, 8
