new stimulus
269015245.555056, 16
269015410.410086, 73
269015929.056792, 84
269016475.240369, 32
269016719.822795, 73
269016890.921135, 83
269017185.968821, 32
269017546.78613, 77
269017715.994138, 79
269017854.555411, 82
269017990.000715, 69
269018322.337375, 32
269018481.906466, 73
269018607.822434, 77
269018879.116132, 219
269019198.317288, 80
269019561.051284, 8
269019726.173745, 8
269019987.187966, 79
269020395.193108, 8
269020588.536832, 80
269020811.360467, 79
269020963.652585, 82
269021356.649368, 84
269021833.398619, 8
269021978.528614, 8
269022447.858021, 84
269022840.869508, 8
269022920.331415, 82
269023154.510358, 84
269023275.869444, 65
269023435.022129, 78
269023626.449998, 84
269023889.732951, 32
269024098.647916, 84
269024226.544099, 79
269024385.873222, 32
269024709.449273, 66
269024852.094983, 82
269025059.121836, 32
269025201.866862, 65
269025332.303647, 66
269025700.913651, 76
269026042.070565, 69
269026586.187649, 32
269026770.288332, 84
269027104.575524, 79
269027377.85138, 32
269027802.919167, 87
269028073.867201, 79
269028425.458393, 82
269028593.988666, 75
269029001.409287, 32
269029107.447918, 73
269029225.955971, 78
269029345.474383, 32
269029476.321748, 65
269029881.289154, 32
269031234.043285, 72
269031774.938704, 8
269031922.342702, 71
269032043.383311, 82
269032122.197168, 79
269032331.144036, 85
269033329.490342, 219
269033982.20802, 8
269034218.020405, 79
269034489.478613, 80
269034887.350478, 8
269035226.998233, 191
269035446.183521, 8
269035629.89776, 8
269036162.966084, 80
269036889.740441, 191
269037471.664163, 8
269037757.613621, 190
269038089.76441, 32
269038737.662491, 16
269039239.783635, 16
269039270.506106, 16
269039302.230891, 16
269039337.148766, 16
269039364.840991, 16
269039394.653806, 16
269039426.023772, 16
269039457.557138, 16
269039488.613066, 16
269039535.462171, 16
269039567.414439, 16
269039598.095575, 16
269039629.102955, 16
269039660.259586, 16
269039691.298591, 16
269039722.726261, 16
269039753.67788, 16
269039801.376441, 16
269039831.384558, 16
269039862.764789, 16
269039894.163052, 16
269039926.536442, 16
269039957.769918, 16
269039987.939493, 16
269040019.882884, 16
269040024.814559, 65
269040438.680729, 8
269040793.534365, 16
269040986.334071, 77
269041470.265972, 8
269041632.857264, 16
269041737.405878, 77
269041880.631949, 79
269042072.80441, 83
269042344.774178, 84
269042753.690641, 32
269043884.545218, 70
269044269.615869, 8
269044361.343572, 71
269044448.526878, 82
269044584.914574, 69
269044890.47893, 65
269045088.909405, 84
269045216.710711, 32
269045409.594197, 80
269045531.10947, 82
269045705.286326, 79
269045824.996989, 71
269046481.142455, 82
269046655.473556, 69
269046913.204525, 83
269047080.729711, 83
269047210.398323, 32
269047348.060759, 73
269047489.459471, 83
269047681.628326, 32
269047904.744361, 77
269047976.866598, 65
269048249.288836, 68
269048344.842145, 69
269048506.990122, 32
269048817.045334, 66
269048976.850231, 89
269049424.872484, 32
269049640.675204, 71
269049792.885205, 82
269049922.470869, 79
269050128.712071, 85
269050376.538911, 80
269051308.648143, 83
269051520.881592, 32
269051651.758918, 79
269051856.734536, 70
269052064.904354, 32
269052232.635384, 80
269052296.811791, 69
269053105.1176, 79
269053362.293177, 80
269053451.10715, 76
269053593.075958, 69
269053832.528356, 32
269053944.702659, 65
269054128.435485, 83
269054304.382551, 32
269054536.991858, 79
269054768.376361, 80
269054928.425387, 80
269055072.589133, 79
269055216.664659, 83
269055680.678166, 84
269056165.283641, 8
269056266.642494, 69
269056456.360353, 68
269056578.864624, 32
269056744.38102, 84
269056857.968495, 79
269057048.459243, 32
269057185.981305, 73
269057584.811652, 78
269058584.583058, 68
269058744.316381, 73
269059112.896701, 86
269059392.479397, 73
269059947.910176, 68
269060130.999667, 85
269060250.940033, 65
269060433.563461, 76
269060632.849496, 83
269060936.853093, 188
269061208.364011, 32
269061346.438691, 65
269061450.194997, 78
269061673.010865, 68
269061800.664029, 32
269061984.956131, 84
269062136.359954, 72
269062275.428071, 69
269062416.238933, 32
269062560.085589, 65
269062768.252633, 66
269063144.547138, 73
269063688.672267, 76
269063872.234758, 73
269064016.695065, 84
269064369.822601, 89
269064649.00942, 32
269064784.072996, 84
269064936.104617, 79
269065080.187912, 32
269065272.374799, 70
269065424.700207, 85
269065708.58123, 78
269065842.119834, 67
269066056.000319, 84
269066096.596126, 73
269066232.927229, 79
new stimulus
269077801.295712, 16
269078302.094678, 16
269078332.099744, 16
269078362.515667, 16
269078394.162774, 16
269078425.193457, 16
269078456.290721, 16
269078487.715062, 16
269078519.205705, 16
269078551.535818, 16
269078562.409804, 83
269078960.305804, 80
269079087.984768, 69
269079352.209835, 78
269079553.875291, 68
269079668.974976, 73
269079792.183613, 78
269079968.339021, 71
269080168.00512, 32
269080712.670106, 84
269080912.016895, 73
269081056.204222, 77
269081224.707864, 69
269081544.244419, 32
269081743.886382, 87
269081920.499531, 73
269082096.625532, 84
269082263.974279, 72
269082488.077648, 32
269082736.031268, 65
269083189.212957, 8
269083400.846626, 79
269083624.058925, 78
269083720.157917, 69
269083848.202797, 32
269083920.192706, 79
269084215.837674, 82
269084540.583877, 32
269084682.317712, 84
269084914.005434, 87
269085089.337185, 79
269085376.954762, 32
269085464.809421, 80
269085600.176216, 69
269085706.114699, 79
269085864.460373, 80
269085968.873607, 76
269086152.548452, 69
269086288.99718, 32
269086497.554553, 65
269086952.608818, 76
269087128.24684, 76
269087336.070439, 79
269087440.253139, 87
269087688.299694, 83
269087864.358283, 32
269088408.718108, 85
269088785.314445, 80
269089204.386657, 8
269089325.870581, 8
269089538.420565, 73
269089974.201436, 8
269090192.961163, 85
269090464.525622, 80
269090470.429927, 79
269090856.200505, 8
269091027.686399, 8
269091348.305719, 8
269091576.262713, 85
269092189.204912, 8
269092392.811745, 73
269092648.24097, 80
269093116.935087, 8
269093284.049138, 8
269093937.0717, 85
269093943.338868, 73
269094453.721268, 8
269094736.902086, 89
269095625.389981, 80
269095711.849778, 80
269095975.882039, 73
269096725.070173, 8
269096884.175419, 8
269097148.027635, 8
269097408.612134, 79
269097832.612414, 85
269098528.943938, 32
269098655.830317, 84
269098863.718, 79
269099321.284571, 32
269099854.67914, 70
269100039.709176, 79
269100328.36097, 83
269100583.801015, 84
269100687.88745, 69
269101140.747333, 8
269101688.792112, 69
269101839.756226, 82
269101992.838432, 32
269102097.603434, 84
269102520.098716, 72
269102663.478477, 79
269102816.049955, 83
269103015.94326, 69
269103247.827949, 32
269103455.841303, 82
269103544.143161, 69
269103735.579075, 76
269103871.687411, 65
269104048.501411, 84
269104128.232692, 73
269104271.570284, 79
269104367.595205, 78
269104519.570788, 83
269104663.61136, 72
269104815.948142, 73
269105135.625904, 219
269105416.180952, 83
269105789.63247, 8
269105962.301277, 8
269106232.893661, 80
269106366.22864, 83
269106665.545802, 32
269106792.322322, 65
269106913.306338, 78
269107039.905588, 68
269107216.241596, 32
269108136.334986, 84
269108288.391298, 79
269108489.307723, 32
269108817.053379, 66
269108913.59208, 69
269109183.677619, 67
269109287.909421, 79
269109498.354351, 77
269109616.621882, 69
269109800.640449, 32
269110215.685648, 67
269110311.907259, 76
269110577.624839, 79
269110721.824372, 83
269111096.890467, 84
269111252.17205, 69
269111792.58809, 190
269112036.223131, 8
269112187.826972, 8
269112331.515777, 8
269112408.245386, 69
269112543.406614, 82
269112647.892254, 190
269112895.39063, 32
269113048.295011, 16
269113087.083157, 79
269113255.310767, 78
269113407.210059, 32
269113527.468625, 84
269113679.52022, 72
269113823.276993, 69
269113952.696205, 32
269114033.189278, 79
269114183.379116, 84
269114359.491802, 72
269114407.615368, 69
269114567.298478, 82
269114703.230098, 32
269114831.792364, 72
269114920.012383, 65
269115135.934116, 78
269115247.539988, 68
269115511.196346, 188
269115895.440566, 32
269116182.676414, 72
269116736.235726, 65
269116911.057026, 86
269117025.393809, 73
269117175.579208, 78
269117319.258858, 71
269117487.760558, 32
269117615.588774, 65
269117776.969132, 32
269118063.397137, 86
269118543.37804, 65
269118871.113431, 82
269119007.324411, 73
269119343.25531, 69
269119559.188694, 84
269120327.583643, 89
269120615.377381, 32
269120759.242624, 79
269120903.169732, 70
269121143.615566, 32
269121295.070711, 80
269121374.940979, 69
269121559.026959, 82
269121959.365354, 83
269122935.414122, 80
269123017.792256, 69
269123215.550823, 67
269123407.29162, 84
269123488.31068, 73
269123663.336438, 66
269123878.996565, 69
269124110.71397, 83
269124223.351563, 32
269124358.996609, 84
269124502.881826, 72
269124662.974684, 65
269124815.018789, 84
269125047.302129, 32
269125192.949788, 89
269125463.094695, 80
269125616.81441, 85
269126051.910611, 8
269126218.922571, 8
269126431.817664, 79
269126576.176991, 85
269126774.866575, 32
269126897.444362, 73
269127007.69532, 78
269127126.803985, 84
269127240.883878, 69
269127391.107561, 82
269127679.991555, 65
269128063.009583, 67
269128303.273708, 84
269128422.826798, 32
269128598.888715, 87
269128681.000805, 73
269129007.152412, 84
269129311.072506, 32
269129611.577575, 8
269129719.211364, 72
269129899.786054, 32
269129983.383167, 65
269130159.214549, 78
269130319.102949, 68
new stimulus
269141664.73879, 16
269142166.422168, 16
269142197.288619, 16
269142228.904933, 16
269142259.753075, 16
269142290.85228, 16
269142321.625518, 16
269142353.007969, 16
269142383.037447, 73
269142876.360808, 8
269143855.185152, 16
269144366.242234, 16
269144397.826368, 16
269144427.492705, 16
269144458.759471, 16
269144490.741701, 16
269144521.595668, 16
269144552.320358, 16
269144583.433157, 16
269144615.28611, 16
269144661.600074, 16
269144703.549684, 16
269144723.899188, 16
269144755.176774, 16
269144786.307882, 16
269144817.453417, 16
269144838.926466, 76
269145931.914483, 8
269146270.820421, 16
269146783.776435, 16
269146799.128793, 72
269147014.529811, 65
269147246.903034, 86
269147478.625434, 73
269147623.622268, 78
269147806.74616, 71
269147958.594962, 32
269148287.007255, 65
269148446.669004, 32
269148678.797267, 84
269148697.556328, 82
269149195.254029, 8
269149386.958207, 8
269149474.83506, 82
269149594.158169, 79
269149824.350881, 85
269150183.642387, 84
269150327.722907, 73
269150631.204125, 78
269150791.197944, 69
269150944.673808, 32
269151127.073358, 73
269151247.09057, 78
269151359.504563, 32
269151599.227998, 76
269151790.92857, 73
269152471.207809, 70
269152807.843351, 69
269153079.580365, 32
269153318.666569, 67
269153430.512409, 65
269154193.835032, 78
269154688.820687, 32
269155000.179767, 72
269155175.841369, 69
269155347.12447, 76
269155603.81817, 80
269156016.75249, 32
269156311.29888, 80
269156623.143721, 82
269156790.718564, 79
269156973.328676, 86
269157472.258394, 73
269157577.164324, 68
269157791.020118, 69
269157894.670174, 32
269158094.484414, 66
269158216.092899, 65
269158398.63005, 76
269158502.447111, 65
269158712.32361, 78
269158842.138699, 67
269159158.63086, 69
269159366.360969, 32
269159638.390105, 65
269159790.545177, 78
269159918.430541, 68
269160062.277198, 32
269160206.213183, 83
269160430.751266, 84
269160574.342975, 65
269160806.61605, 66
269160934.642065, 73
269161566.849615, 76
269161878.61872, 73
269161998.443957, 84
269162134.376409, 89
269162430.55097, 190
269162814.749415, 32
269162998.595151, 16
269163238.245902, 16
269163740.587317, 16
269163770.978273, 16
269163801.961517, 16
269163833.563683, 16
269163865.696551, 16
269163870.180472, 66
269164046.305641, 85
269164310.393108, 84
269164535.067959, 32
269164734.001117, 72
269165492.17124, 8
269166920.149706, 72
269167331.028352, 8
269167894.821367, 86
269168063.887891, 79
269168254.277659, 78
269168446.324172, 83
269168731.315148, 8
269168898.019451, 8
269169073.741253, 8
269169217.613709, 8
269169304.929066, 67
269169430.189493, 79
269169631.292344, 78
269169760.164764, 83
269170183.076175, 73
269170296.526882, 83
269170559.085216, 84
269170662.871484, 69
269170816.1526, 78
269170950.411106, 84
269171126.041638, 76
269171427.667201, 8
269171586.594622, 8
269171753.836563, 8
269171897.904045, 8
269171951.09217, 84
269172142.128601, 76
269172310.015263, 89
269172598.140794, 32
269173558.43134, 65
269173971.077977, 8
269175607.450692, 79
269176050.658897, 8
269176470.136417, 219
269177030.951341, 85
269177178.034365, 83
269177338.650157, 72
269177726.844821, 73
269177979.719851, 8
269178770.278067, 73
269178962.941838, 78
269179081.719819, 71
269179234.020814, 32
269179361.918384, 84
269179990.456792, 72
269180103.734945, 69
269180247.792162, 32
269180446.144127, 66
269180654.02543, 79
269180901.894992, 85
269181414.282575, 66
269181876.049544, 8
269182102.417205, 78
269182222.122598, 68
269182327.459636, 65
269182573.944879, 84
269183134.426345, 73
269183374.030767, 69
269183574.657845, 83
269183750.328325, 32
269183893.738601, 79
269183967.971441, 70
269184110.608551, 32
269184286.239915, 89
269184934.274485, 79
269185086.224823, 85
269185366.049428, 82
269185613.808855, 32
269185905.844326, 67
269185982.231046, 79
269186462.192529, 77
269186694.116057, 80
269186994.994254, 8
269187086.259223, 70
269187231.687999, 79
269187397.909038, 82
269187750.478408, 84
269188078.014613, 32
269188590.141145, 83
269189013.149652, 8
269189096.730397, 90
269189253.964731, 79
269189502.247092, 78
269189934.15575, 69
269190182.041403, 32
269190430.102939, 67
269190702.06799, 65
269190831.361255, 78
269191077.843445, 32
269191238.069187, 70
269191437.924208, 65
269191677.766656, 67
269192046.206047, 73
269192325.67833, 76
269192557.680645, 73
269192928.932231, 65
269193257.176408, 84
new stimulus
269205152.339556, 16
269205657.548649, 16
269205687.894108, 16
269205719.066829, 16
269205750.421815, 16
269205781.560136, 16
269205812.406059, 16
269205843.429251, 16
269205875.350449, 16
269205906.55868, 16
269205953.880229, 16
269205984.121933, 16
269206015.216422, 16
269206046.218531, 16
269206077.693639, 16
269206108.80949, 16
269206139.986095, 16
269206171.444558, 16
269206218.051199, 16
269206250.291151, 16
269206280.815822, 16
269206311.812937, 16
269206342.687156, 16
269206373.86071, 16
269206405.582721, 16
269206436.692745, 16
269206467.759493, 16
269206514.367798, 16
269206545.639281, 16
269206557.161039, 219
269206870.758335, 59
269207242.9795, 8
269207411.244839, 8
269207733.790556, 16
269207845.916866, 80
269208470.149179, 76
269208637.804196, 65
269208775.188103, 78
269208941.521775, 78
269209093.948441, 73
269209238.021471, 78
269209405.569682, 70
269209970.317295, 8
269210117.691886, 71
269210253.738634, 32
269210382.925647, 65
269210573.528473, 67
269210901.486354, 84
269211005.44157, 84
269211026.099563, 73
269211453.978158, 86
269212477.751287, 79
269212846.031995, 84
269213081.781128, 8
269213264.703059, 8
269213477.774035, 73
269213589.152424, 84
269214085.790385, 73
269214215.017346, 69
269214279.074741, 83
269214463.222031, 32
269214655.012486, 67
269214760.662453, 65
269214887.883399, 78
269215094.175924, 32
269215205.947693, 72
269215854.307676, 76
269216154.903461, 8
269216286.431056, 69
269216413.302732, 76
269216645.951432, 219
269217377.762883, 8
269217758.347116, 80
269218210.027137, 32
269218395.302411, 77
269218504.683939, 65
269218694.571024, 75
269218886.63446, 69
269218998.280835, 32
269219118.534407, 83
269219224.941728, 85
269219874.784514, 8
269220095.059781, 73
269220222.791732, 82
269220270.729705, 69
269220420.876821, 32
269220573.664963, 84
269220717.592626, 72
269220893.432886, 65
269221157.596365, 84
269221357.655844, 32
269221477.562919, 84
269221629.464986, 72
269222093.605551, 69
269222413.481389, 32
269222621.776878, 65
269222838.43377, 67
269223181.711274, 82
269223858.369642, 8
269223965.849464, 84
269224101.524471, 73
269224253.330829, 86
269224709.676202, 73
269225286.574482, 84
269225461.588311, 89
269225877.64609, 32
269226565.433392, 70
269227065.926642, 8
269227173.669457, 71
269227333.487393, 79
269227485.370595, 69
269227646.733753, 83
269227917.329189, 32
269228061.107045, 83
269228245.390824, 77
269228429.209372, 79
269228588.990134, 79
269228749.030559, 84
269228855.204016, 72
269229173.178148, 76
269229917.705091, 89
269230381.387083, 32
269230508.91097, 65
269230647.239488, 78
269230756.930061, 68
269230877.252987, 32
269231029.827517, 84
269231125.599432, 72
269231285.303349, 69
269231406.780338, 78
269231533.189833, 32
269231653.63316, 89
269232082.149263, 8
269232248.927914, 8
269232400.67851, 8
269232545.511945, 8
269232573.611421, 65
269232693.16673, 84
269232854.173128, 32
269233094.507162, 85
269233317.772726, 80
269233493.743373, 73
269233805.538833, 32
269234021.729661, 71
269234614.443034, 69
269234917.541414, 82
269235253.12221, 32
269235357.006129, 87
269235477.086314, 72
269235676.899999, 65
269235913.822892, 8
269236080.379608, 8
269236232.987429, 8
269236392.602571, 8
269236536.642865, 8
269236582.012218, 84
269236724.92536, 32
269236925.19318, 87
269237117.45608, 74
269237404.867257, 65
269237604.749743, 84
269237757.073486, 32
269238317.781881, 85
269238325.490795, 73
269238866.674452, 8
269239024.603998, 8
269239269.427779, 85
269240034.654882, 8
269240325.837569, 73
269240938.411078, 8
269241701.837455, 89
269242117.177274, 80
269242333.298471, 73
269243045.382391, 32
269243517.08789, 87
269243701.318127, 72
269243957.048074, 65
269244314.631512, 8
269244480.249721, 8
269244648.621034, 8
269245053.504937, 87
269245420.973362, 65
269245572.860726, 78
269245708.769042, 84
269245908.842392, 32
269246124.661479, 79
269246372.724957, 85
269246564.989244, 84
269246756.903151, 32
269247017.502353, 8
269247541.634185, 32
269247686.557226, 79
269247829.032324, 70
269248029.226905, 32
269248133.715597, 73
269248254.854968, 84
269248477.08354, 190
269248772.714637, 32
269248964.902356, 16
269249052.532584, 79
269249276.7103, 78
269249397.331175, 32
269249494.669674, 84
269249613.111146, 72
269249764.644246, 69
269249852.976898, 32
269249956.851107, 79
269250044.912166, 84
269250308.903368, 69
269250845.143422, 72
269250979.409419, 8
269251205.201436, 8
269251317.749423, 72
269251455.711471, 69
269251640.409159, 82
269251751.630529, 32
269251886.405312, 72
269252040.501484, 65
269252229.875899, 78
269252533.470304, 68
269252782.181, 188
269253077.667007, 32
269254283.190804, 77
269254698.988087, 8
269255774.847988, 73
269256130.088346, 8
269256381.390412, 76
269256533.191498, 69
269256629.244161, 65
new stimulus
269273038.106527, 16
269273547.813967, 16
269273578.864347, 16
269273610.725067, 16
269273640.176682, 16
269273671.527506, 16
269273702.65917, 16
269273734.352607, 16
269273765.350832, 16
269273796.615379, 16
269273843.451722, 16
269273874.403618, 16
269273905.239553, 16
269273936.440017, 16
269273968.427795, 16
269274000.437489, 16
269274041.332076, 16
269274064.792277, 16
269274112.497218, 16
269274141.533538, 16
269274170.961295, 16
269274180.679831, 73
269275178.057113, 8
269275412.571456, 16
269275565.351553, 69
269275812.544213, 86
269275916.806809, 69
269276124.601279, 82
269276262.146922, 89
269276852.650653, 73
269277322.085479, 8
269277516.945851, 79
269277724.325858, 78
269277852.290009, 69
269278028.23541, 32
269278180.493683, 87
269278293.121011, 79
269278477.995138, 85
269278719.48268, 76
269278887.049756, 68
269279150.705559, 32
269279278.359555, 72
269279444.844698, 65
269279669.094543, 86
269279820.579927, 69
269279917.029576, 32
269280108.719884, 84
269280188.972712, 79
269280716.63775, 32
269280996.644896, 65
269281244.724464, 68
269281348.669138, 65
269281620.288804, 80
269281924.188647, 84
269282516.790219, 32
269282794.002648, 70
269282958.445988, 73
269283542.335777, 82
269284077.86342, 84
269284706.437892, 8
269284799.489993, 83
269285012.693298, 84
269285126.416986, 32
269285388.704004, 79
269285713.896574, 8
269285827.805855, 84
269285964.611344, 79
269286252.815107, 32
269286468.608672, 84
269286684.823913, 72
269286828.418951, 69
269286941.97591, 32
269287069.67679, 76
269287116.689294, 65
269287332.325008, 67
269287439.023341, 75
269287732.455617, 32
269287860.19062, 79
269288004.136037, 70
269288357.191999, 32
269288516.446497, 71
269288684.362843, 82
269288789.918488, 65
269289228.549837, 86
269289476.063471, 73
269289605.549541, 84
269289836.005801, 89
269289980.239734, 190
269290364.12969, 32
269290724.425729, 16
269290796.355715, 77
269290964.038197, 79
269291196.407814, 86
269291540.254581, 73
269291668.42208, 78
269291868.020211, 71
269292372.391222, 32
269292468.241092, 65
269292692.37886, 84
269292698.626055, 82
269292797.667628, 79
269293145.010705, 8
269293320.17767, 8
269293463.697249, 8
269293677.925617, 82
269293798.036595, 79
269293997.008315, 85
269294188.038088, 78
269294331.969634, 68
269294515.997356, 32
269294621.609595, 87
269294764.012008, 79
269294945.85478, 85
269295192.527557, 76
269295406.079023, 68
269295604.103079, 32
269295724.525877, 72
269295845.350099, 65
269296029.131473, 86
269296197.543012, 69
269296365.322036, 32
269296500.786204, 84
269296606.281927, 79
269296812.984199, 32
269297135.543788, 72
269297253.298093, 65
269297412.237443, 80
269297572.271211, 80
269297715.966119, 69
269297852.015919, 78
269298284.15539, 32
269298420.240144, 73
269298660.016012, 78
269298851.952113, 32
269298973.43354, 83
269299100.193693, 79
269299421.184201, 77
269299707.712909, 69
269299883.750691, 32
269300172.060983, 87
269300649.479368, 8
269300924.363975, 78
269301060.162711, 69
269301205.696074, 87
269301379.886524, 32
269301523.832219, 87
269301629.471367, 65
269301764.22146, 89
269302436.373991, 188
269302923.878215, 32
269303139.725044, 77
269303251.732896, 65
269303515.666673, 89
269303803.739494, 66
269304388.237663, 69
269304627.71586, 32
269304763.952086, 84
269304892.018327, 72
269305211.817875, 82
269305724.22349, 79
269305836.041865, 85
269306043.792226, 71
269306173.613419, 72
269306436.01945, 32
269306675.790879, 86
269306756.560816, 79
269306971.70855, 78
269307321.404138, 8
269307495.378479, 8
269307639.166877, 8
269307684.485185, 67
269307859.830252, 79
269308107.63906, 78
269308636.218193, 84
269308795.747335, 65
269308949.369121, 73
269309155.71824, 78
269309323.77385, 69
269309603.635906, 82
269309875.678635, 83
269310051.545805, 32
269310283.630236, 79
269310812.107278, 70
269311283.926242, 32
269311715.791345, 80
269311827.7967, 82
269311939.886114, 69
269312171.585487, 83
269312339.871355, 83
269312547.594251, 85
269312772.421683, 82
269313388.126696, 73
269313667.707727, 90
269313907.595949, 69
269314147.626487, 68
269314283.731216, 32
269314405.352463, 65
269314587.954807, 73
269314867.849044, 82
269315211.618134, 32
269315315.581117, 84
269315443.905357, 72
269315589.289191, 65
269315819.600084, 84
269315901.254432, 32
269316027.498863, 80
269316235.491688, 65
269316656.69198, 8
269316908.100019, 65
269317273.162946, 8
269317365.026585, 69
269317491.712667, 79
269317828.031951, 80
269318075.58803, 76
269318187.682714, 69
269318315.98282, 32
269318445.534361, 67
269318549.523977, 65
269318875.668648, 82
269319075.448766, 82
269319172.151699, 89
269319371.751772, 32
269319668.644847, 73
269319962.503516, 8
269320268.470406, 87
269320459.970404, 73
269320587.852162, 84
269320726.103558, 72
269320899.864841, 32
269320988.407776, 84
269321067.669665, 72
269321283.963138, 69
269321475.815458, 77
269321699.819511, 32
269321867.877618, 84
269322563.852659, 79
269322811.789357, 32
269323363.783471, 77
269324275.846696, 79
269324699.823395, 86
new stimulus
269337572.705094, 16
269338083.618751, 16
269338114.069073, 16
269338145.454298, 16
269338176.678342, 16
269338207.805567, 16
269338239.106733, 16
269338269.807565, 16
269338301.345925, 16
269338332.368008, 16
269338379.442931, 16
269338410.682511, 16
269338442.747411, 16
269338473.82581, 16
269338475.954445, 79
269338739.561977, 84
269339128.344492, 8
269339295.287097, 8
269339379.050384, 16
269339484.075326, 73
269339819.149278, 82
269340435.70347, 8
269340539.704182, 84
269340835.470105, 83
269340987.014579, 32
269341219.383087, 79
269341555.121179, 188
269341858.035907, 8
269342023.47102, 8
269342235.769662, 73
269342483.443089, 77
269342675.245751, 80
269342910.371247, 79
269342986.250845, 82
269343181.35063, 84
269343325.05608, 65
269343438.514277, 78
269343563.96002, 84
269343716.193602, 32
269343821.390267, 84
269343949.396863, 79
269344107.46068, 32
269344237.080743, 80
269344332.49784, 82
269344451.825388, 69
269344715.357739, 83
269344915.161993, 69
269345107.177712, 82
269345459.442754, 86
269345779.174889, 69
269345903.736498, 32
269346043.595536, 72
269346227.113917, 73
269346299.397057, 83
269346458.952555, 84
269346595.032871, 79
269346715.046476, 82
269347147.245869, 73
269347667.627553, 8
269347885.962829, 89
269348220.890858, 190
269348420.348892, 32
269348509.452214, 16
269348643.445231, 84
269348795.639974, 72
269348963.457559, 69
269349123.258295, 32
269349307.767616, 79
269349794.336661, 76
269350011.487081, 68
269350157.259301, 32
269350341.350552, 66
269350507.759404, 85
269350795.185562, 73
269351027.152922, 76
269351395.697178, 68
269351611.140918, 73
269351795.173078, 78
269352004.464223, 71
269352611.526807, 83
269352899.167688, 32
269353115.089697, 65
269353523.201646, 82
269354019.435408, 69
269355128.372511, 8
269355302.668935, 8
269355486.612599, 8
269356132.250271, 79
269356275.262174, 70
269356571.064716, 84
269356738.99743, 69
269356860.942425, 78
269357035.131488, 32
269357178.894363, 67
269357339.084872, 79
269357522.909246, 77
269357620.820893, 69
269357762.940617, 32
269357884.577399, 87
269358018.905815, 73
269358163.307864, 84
269358291.143847, 72
269358435.090929, 32
269358607.739208, 65
269358818.892943, 32
269358986.727728, 76
269359170.95963, 79
269359275.277432, 84
269359715.313075, 32
269359923.693177, 79
269360051.007612, 70
269360250.860691, 32
269360490.790527, 77
269360637.337578, 69
269360922.761604, 77
269361587.150015, 79
269361715.156056, 82
269361858.579926, 73
269362002.642691, 69
269362282.727237, 83
269362506.63558, 32
269363027.736611, 65
269363244.187382, 84
269363411.19629, 84
269363538.997042, 65
269363723.151821, 67
269363819.668883, 72
269363971.017777, 69
269364459.220264, 68
269364978.834607, 190
269365463.921958, 8
269365732.300817, 188
269366058.990894, 32
269366146.967063, 69
269366235.05725, 83
269366602.787559, 219
269366739.638822, 69
269367200.358536, 8
269367366.827865, 8
269367707.41718, 80
269368066.858492, 69
269368491.007191, 67
269368699.609227, 73
269368906.826944, 65
269369028.242901, 76
269369178.572003, 76
269369386.835034, 89
269369636.67316, 32
269369730.464027, 70
269369867.28949, 79
269370051.005116, 82
269370378.850642, 32
269370778.823955, 77
269371106.578488, 69
269371298.711278, 77
269371546.403847, 66
269371730.654059, 69
269371922.880894, 82
269372130.594081, 83
269372250.965278, 32
269372339.311801, 79
269372427.848356, 70
269372554.619051, 32
269372690.551503, 84
269372819.69829, 72
269372938.704032, 69
269373058.480443, 32
269373186.507568, 67
269373259.016805, 79
269373458.48233, 77
269373586.787983, 77
269373813.188935, 85
269374158.106816, 78
269374330.95761, 73
269374434.834317, 84
269374890.818213, 89
269375242.753681, 32
269375435.467664, 87
269375556.413951, 72
269375778.608123, 79
269376114.67135, 32
269376506.673309, 72
269376612.327715, 65
269376842.576466, 86
269377018.593442, 69
269377170.482192, 32
269377330.701275, 83
269377452.097536, 80
269377602.511805, 69
269377802.535774, 78
269378746.983486, 68
269378999.633529, 8
269379122.83967, 84
269379402.703113, 32
269379562.407862, 65
269380256.174927, 8
269380611.225808, 65
269380724.341948, 32
269380852.255609, 76
269381034.29507, 79
269381130.171572, 84
269381282.395167, 32
269381378.532443, 79
269381475.615717, 70
269381642.19102, 32
269381794.434035, 84
269381882.866557, 73
269382058.223276, 77
269382170.330167, 69
269382346.491678, 32
269382459.952372, 84
269382610.369971, 72
269382732.057798, 69
269382859.89073, 82
269382970.769765, 69
269383106.44172, 188
269383338.593841, 32
269383498.340203, 65
269383666.55089, 78
269384018.382326, 68
269384338.379119, 32
269384498.383203, 77
269384571.980476, 65
269384674.387695, 75
269384834.314933, 73
269384930.677196, 78
269385010.331354, 71
269385146.441631, 32
269385258.358213, 83
269385380.292943, 85
269385554.185168, 82
269385651.75975, 69
269385755.800966, 32
269385946.517533, 84
269386036.059176, 79
269386290.333784, 32
269386469.799076, 80
269386636.049799, 82
269386788.255085, 69
269387042.26781, 83
269387258.234206, 69
269387434.262834, 82
269387682.103267, 86
269388010.132445, 69
269388194.230076, 32
269388330.289308, 84
269388450.088191, 72
269388578.297025, 69
269388794.413228, 83
269389010.289186, 69
269389122.283722, 32
269389314.203178, 77
269389418.268251, 69
269389586.480048, 77
269390362.515112, 79
269390586.463681, 82
269390738.201238, 73
269390922.079709, 69
new stimulus
269408342.024402, 16
269408846.201498, 16
269408876.34444, 16
269408892.77679, 73
269409514.9243, 32
269409794.898434, 68
269409939.772094, 73
269410090.299551, 83
269410498.174029, 65
269410754.149492, 71
269410985.771465, 82
269411514.576694, 69
269411690.049652, 69
269411818.11839, 190
269412005.044584, 32
269412101.753897, 16
269412171.332758, 73
269412339.304588, 32
269412719.668828, 8
269412870.484245, 8
269413170.009471, 16
269413402.9281, 65
269413562.091604, 32
269413691.629552, 76
269413857.352902, 79
269413938.434103, 84
269414098.084755, 32
269414194.155451, 79
269414291.341924, 70
269414457.718873, 32
269414538.178101, 77
269414753.812983, 89
269415009.760981, 32
269415217.876702, 77
269415675.012719, 79
269415785.726412, 83
269416033.970767, 84
269416154.047069, 32
269416321.932344, 77
269416441.689613, 69
269416633.77663, 77
269416849.865646, 79
269416985.869117, 82
269417674.016231, 65
269417873.770271, 66
269418003.867218, 76
269418161.793712, 69
269418281.646414, 32
269418426.02405, 84
269418658.755698, 82
269418755.851734, 65
269418977.841448, 86
269419121.485311, 69
269419273.732487, 76
269419473.547837, 32
269419577.846774, 69
269419854.114592, 88
269420146.776753, 80
269420306.36998, 69
269420514.152798, 82
269420633.917281, 73
269420859.050151, 67
269421058.790598, 69
269421202.177571, 78
269421361.827113, 67
269421530.1668, 69
269421785.651509, 83
269422057.978315, 32
269422321.616641, 72
269422361.799371, 65
269422545.54052, 86
269422667.277173, 69
269422761.62149, 32
269422919.812364, 66
269423027.923869, 69
269423186.635458, 69
269423331.378177, 78
269423650.680869, 32
269423842.80922, 79
269424114.070461, 78
269424266.082663, 69
269424449.800785, 83
269424585.798153, 32
269424707.561161, 73
269424889.802028, 78
269424979.309826, 32
269425041.881365, 87
269425170.772927, 72
269425291.308357, 73
269425395.101005, 67
269425633.324714, 72
269425777.85604, 32
269425937.523615, 16
269426089.564391, 73
269426369.711634, 32
269426545.599332, 72
269426658.731286, 65
269426897.849948, 68
269427067.143401, 32
269427265.849076, 84
269427457.489725, 72
269427515.107952, 69
269427937.900904, 32
269428033.825955, 70
269428553.965452, 82
269428746.198668, 69
269428913.621763, 69
269429153.381541, 68
269429265.779444, 79
269429681.675765, 77
269429881.52496, 32
269429979.511787, 84
269430089.564946, 79
269430241.817392, 32
269430338.088661, 69
269430585.492437, 88
269430777.513428, 80
269430889.546248, 76
269431089.492539, 79
269431195.642693, 82
269431274.147228, 69
269431377.376439, 32
269431433.256636, 79
269431625.659077, 78
269431801.416667, 32
269431947.017165, 77
269432153.750785, 85
269432159.66591, 89
269432706.00706, 32
269432873.406853, 79
269433289.650224, 87
269433425.968011, 78
269433593.602222, 32
269433699.029422, 65
269433809.285929, 78
269433945.352652, 68
269434041.603669, 32
269434241.432058, 71
269434409.480178, 79
269434641.385118, 32
269434945.663915, 79
269435161.388958, 70
269435329.610465, 70
269435497.46772, 32
269435953.490455, 79
269436505.829124, 78
269436729.434248, 32
269436777.723989, 65
269436913.281925, 32
269437041.390611, 87
269437115.029497, 72
269437337.82123, 73
269437569.368023, 77
269437761.429794, 32
269437961.327537, 84
269438121.530808, 79
269438465.546245, 32
269438578.065103, 73
269438793.455024, 78
269438945.270536, 86
269439177.267579, 69
269439409.4025, 83
269439665.260338, 84
269439809.368322, 73
269440145.558885, 71
269440289.307335, 65
269440681.81059, 69
269440937.299183, 69
269441246.784299, 8
269441429.465153, 8
269441506.081298, 84
269441649.201949, 69
269441833.168639, 32
269441921.670793, 83
269442001.33799, 79
269442137.421913, 77
269442185.227003, 69
269442385.152488, 84
269442531.091992, 72
269442577.496949, 73
269442689.385789, 78
269442753.325835, 71
269442881.007574, 32
269443010.89285, 84
269443146.937934, 72
269443281.322388, 65
269443441.527601, 84
269443522.869298, 32
269443705.204488, 16
269443752.848675, 73
269443937.171015, 32
269444057.344968, 70
269444145.925632, 79
269444313.390341, 85
269444441.052937, 78
269444595.274225, 68
269444753.085313, 32
269444850.735354, 73
269445000.975127, 78
269445057.654568, 84
269445186.556394, 69
269445314.838189, 82
269445420.378299, 69
269445585.172573, 83
269445809.202426, 84
269445857.469418, 69
269446353.778361, 68
269446553.313518, 190
269446705.406726, 32
269446777.729815, 16
269446890.674787, 72
269446962.765677, 65
269447169.501794, 86
269447329.475362, 73
269447448.881142, 78
269447529.040202, 71
269447729.291932, 32
269447834.718855, 65
269448057.136627, 32
269448481.520299, 72
269448657.363888, 85
269449167.07965, 8
269449325.070783, 8
269449441.89629, 71
269450105.811979, 85
269450345.112906, 73
269450537.228774, 68
269450793.167895, 69
269450937.260622, 32
269451073.323183, 67
269451186.819942, 65
269451305.425091, 78
269451633.279495, 32
269451778.910509, 73
269452097.142086, 78
269452505.476525, 66
269452870.284504, 8
269453081.574174, 72
269453249.665571, 73
269453457.213139, 66
269453641.193977, 73
269453809.098394, 84
269454033.205091, 32
269454217.291349, 84
269454305.362394, 72
269454481.124145, 73
269454601.106124, 83
269454785.222065, 32
269454937.165467, 83
269455057.14911, 79
269455184.933771, 82
269455385.123914, 84
269455969.473941, 32
269456145.057311, 79
269456369.317422, 70
269456665.587692, 32
269456977.145404, 69
269457241.122181, 88
269457400.915704, 80
269458009.287704, 76
269458192.891808, 79
269458609.176238, 82
new stimulus
269471201.87352, 16
269471569.774441, 73
269471856.770045, 32
269471985.158924, 68
269472079.413081, 79
269472252.211444, 78
269472473.79363, 222
269472650.733578, 84
269473242.81832, 32
269473401.446406, 84
269473505.972272, 72
269473594.558207, 73
269473714.53436, 78
269474121.463672, 75
269474433.532668, 32
269474593.273758, 84
269474722.942648, 72
269474896.812402, 65
269475184.896042, 84
269475306.715921, 32
269475424.618923, 65
269475720.923871, 84
269475888.650185, 84
269476018.265255, 69
269476114.317641, 78
269476289.917933, 68
269476692.064545, 69
269476875.084127, 78
269476988.059616, 67
269477154.252081, 69
269477225.617797, 32
269477329.505323, 83
269477393.641227, 72
269477544.970146, 79
269477721.021522, 85
269477897.03073, 76
269478031.779159, 68
269478121.225924, 32
269478240.791498, 66
269478362.584467, 69
269478504.814881, 32
269478705.222797, 65
269478777.272074, 77
269478998.069719, 8
269479149.514877, 8
269479329.511426, 77
269479441.865774, 65
269479552.871035, 78
269479696.470788, 68
269479832.545556, 65
269480088.744341, 84
269480336.77647, 79
269480496.492316, 82
269480728.60865, 89
269481128.617194, 190
269481392.860293, 32
269481721.058696, 16
269482049.173597, 73
269482384.698076, 78
269482528.579132, 32
269482640.809197, 67
269483009.120976, 79
269483728.818933, 76
269483864.689798, 76
269483954.581821, 69
269484128.495407, 71
269484456.708791, 69
269484848.443597, 188
269485184.65552, 32
269485288.989967, 83
269485480.836739, 84
269485760.658292, 82
269486110.601616, 8
269486369.339893, 85
269486552.61248, 68
269486816.914115, 69
269487056.690815, 78
269487227.954774, 84
269487440.825731, 83
269487584.570297, 32
269487714.213942, 65
269487960.656739, 82
269488408.837398, 69
269488768.798315, 32
269489080.836795, 76
269489216.552027, 69
269489320.984404, 65
269489800.890403, 78
269490134.528712, 8
269490212.3741, 82
269490369.863659, 78
269490472.961373, 73
269490609.075812, 78
269490680.779147, 71
269490816.988185, 32
269490936.665558, 84
269491050.363169, 79
269491138.166783, 32
269491296.540476, 77
269491394.307587, 65
269491624.677847, 78
269491730.192711, 65
269491904.406742, 71
269492048.458133, 69
269492162.276976, 32
269492264.473633, 84
269492345.859995, 72
269492608.630277, 69
269492768.604955, 73
269492936.426978, 82
269493264.463646, 32
269493488.557028, 84
269494008.600261, 73
269494168.718363, 77
269494266.140366, 69
269494352.881466, 32
269494440.519183, 79
269494616.97892, 78
269494776.248676, 84
269494808.981323, 32
269495024.379011, 72
269495074.176801, 69
269495606.08274, 8
269495763.976499, 8
269495932.096193, 8
269496079.495197, 8
269496241.431225, 32
269496304.772047, 84
269496440.407384, 72
269496552.6491, 69
269496665.109699, 73
269496944.535098, 82
269497058.151425, 32
269497160.552263, 79
269497304.553164, 87
269497832.320569, 78
269497984.196281, 32
269498065.788765, 70
269498608.676329, 79
269498864.858469, 82
269498994.061572, 188
269499374.248541, 8
269499496.62298, 32
269499632.531297, 79
269499681.87079, 70
269499872.337126, 84
269500016.383523, 69
269500072.724791, 78
269500248.532593, 32
269500337.724133, 84
269500433.845596, 72
269500536.507208, 69
269500840.387631, 32
269500944.235763, 70
269501040.262626, 73
269501137.816957, 82
269501192.601905, 83
269501424.387833, 84
269501536.365447, 32
269501641.885305, 84
269501728.620301, 73
269501920.417692, 77
269502016.349123, 69
269502160.330328, 188
269502296.935798, 32
269502394.518703, 65
269502504.570475, 78
269502618.128821, 68
269502928.214271, 32
269503112.122148, 16
269503192.013777, 73
269503336.328162, 32
269503432.115612, 84
269503544.490212, 72
269503570.199447, 73
269503667.357624, 78
269503800.048992, 75
269503890.424556, 32
269504008.423267, 73
269504065.72912, 84
269504232.51332, 222
269504368.327869, 83
269504498.400403, 32
269504608.514316, 73
269504792.326761, 77
269504944.123686, 80
269505120.162023, 79
269505201.79501, 82
269505360.140684, 84
269505496.098381, 65
269505592.102773, 78
269505697.842069, 84
269505816.204477, 32
269505912.08514, 84
269506017.95843, 79
269506105.917676, 32
269506225.639991, 72
269506774.448227, 8
269506920.513957, 71
269507072.177166, 73
269507536.265298, 86
269507696.075466, 69
269508088.275226, 32
269508193.921587, 84
269508533.810697, 8
269508619.041529, 83
269508776.137708, 84
269508856.598046, 85
269509056.292164, 68
269509126.478295, 69
269509246.668338, 78
269509376.308376, 84
269509536.046138, 83
269509688.236997, 32
269509792.119807, 84
269510231.956263, 72
269510352.189583, 69
269510495.817356, 32
269510679.988226, 70
269511224.504793, 82
269511432.353915, 69
269511615.991031, 69
269511840.173741, 68
269511952.432657, 79
269512240.161202, 77
269512447.919608, 32
269512608.341762, 84
269512888.13585, 79
269513175.955388, 32
269513944.647453, 76
269514104.040383, 69
269514293.179547, 65
269514583.986885, 82
269514720.085511, 78
269514991.756776, 32
269515207.776993, 87
269515307.200572, 72
269515447.919885, 65
269515616.166082, 84
269515713.730123, 32
269515847.915391, 87
269515969.444535, 79
269516087.869917, 82
269516216.507918, 75
269516320.028973, 83
269516441.405259, 32
269516600.487757, 66
269516672.175834, 69
269516840.262793, 83
269517048.111082, 84
269517208.666397, 32
269517344.043179, 70
269517496.051497, 79
269517616.123082, 82
269517767.792672, 32
269517984.198223, 84
269518128.225201, 72
269518375.723855, 69
269518704.176651, 77
269518911.992483, 188
269519055.81639, 32
269519152.171717, 65
269519300.724784, 78
269519783.904603, 68
269519905.492282, 32
269520025.359409, 84
269520175.844976, 72
269520319.910515, 69
269520456.177534, 32
269520631.972575, 70
269520751.964818, 76
269520855.792976, 69
269521336.079317, 88
269521776.217327, 73
269522119.965888, 66
269522257.750943, 73
269522447.964827, 76
new stimulus
269534136.238999, 16
269534640.570339, 16
269534670.512431, 16
269534702.234164, 16
269534733.007403, 16
269534764.308847, 16
269534795.690187, 16
269534827.200805, 16
269534857.670547, 16
269534889.11181, 16
269534936.431694, 16
269534967.117823, 16
269534998.124371, 16
269535016.801039, 73
269535239.5273, 32
269535439.513263, 84
269535559.880576, 72
269535695.876834, 73
269535879.702318, 78
269536055.522881, 75
269536185.51968, 32
269536279.94223, 84
269536494.18003, 72
269536599.759255, 65
269537074.040866, 84
269537321.668241, 32
269538857.453883, 65
269539216.356725, 32
269539376.213499, 82
269539497.782036, 69
269539777.179416, 81
269539919.9655, 85
269540320.177947, 73
269540576.061862, 82
269540681.551481, 69
269540863.899154, 77
269540999.614387, 69
269541221.281741, 78
269541417.674298, 84
269541929.28705, 32
269543313.35927, 79
269543677.654024, 8
269544729.111055, 70
269544849.494459, 79
269545223.829001, 82
269545367.797999, 32
269545555.156688, 83
269545725.434701, 85
269546133.873726, 8
269546224.136658, 84
269546359.533692, 85
269546495.55575, 68
269546617.025803, 69
269546632.25582, 78
269546823.556076, 84
269547007.578804, 83
269547113.146101, 32
269547240.646962, 84
269547329.074491, 79
269547455.27842, 32
269547575.481502, 76
269547665.048112, 69
269547727.668755, 65
269547943.530842, 82
269548034.179386, 78
269548392.403107, 32
269548479.435219, 84
269548615.427593, 72
269548751.431342, 73
269548932.724269, 78
269549015.977105, 71
269549223.866452, 83
269549329.283388, 32
269549456.735424, 73
269549847.557243, 78
269549991.841944, 32
269550087.379718, 65
269550172.54924, 32
269550297.020133, 76
269550439.910804, 79
269550551.363263, 84
269550927.415305, 32
269551023.546477, 79
269551151.388841, 70
269551327.269327, 32
269551567.297646, 83
269551664.173688, 85
269551919.373488, 66
269552271.29564, 74
269552383.28435, 69
269552599.241314, 67
269552791.407395, 84
269552975.187382, 83
269553119.422425, 32
269553248.847186, 73
269553375.193707, 83
269553503.299896, 32
269553623.379527, 65
269553767.289434, 32
269553839.361459, 82
269553912.287656, 69
269554040.571116, 65
269554127.554403, 76
269554263.555932, 76
269554479.512064, 89
269554649.022181, 32
269554759.935061, 73
269554921.031898, 77
269555399.197094, 80
269555599.182502, 79
269555727.199085, 82
269555935.107852, 84
269556063.230686, 65
269556194.08887, 78
269556359.493743, 84
269556487.170488, 32
269556639.098078, 80
269556767.154886, 65
269556903.703763, 82
269557103.150146, 84
269557208.184798, 32
269557263.58839, 79
269557391.393857, 70
269557567.234949, 32
269557664.99457, 65
269557799.21729, 32
269557887.249775, 67
269557959.524038, 79
269558167.229179, 76
269558271.703168, 76
269558369.036396, 69
269558567.674103, 71
269558687.134535, 69
269558879.436273, 32
269558984.815757, 69
269559295.170859, 68
269559463.295269, 85
269559623.033308, 67
269560389.478835, 8
269560632.725767, 86
269560847.917056, 65
269561047.297136, 84
269561461.297576, 8
269561619.255141, 8
269561778.929651, 8
269561823.931146, 67
269561959.223593, 65
269562255.363476, 84
269562431.133549, 73
269562591.757387, 79
269562919.524959, 78
269563319.240826, 190
269563983.301051, 32
269564135.53602, 16
269564255.129057, 80
269564559.160397, 69
269564742.998087, 82
269565159.01675, 83
269565487.153288, 79
269565815.011021, 78
269565951.081073, 65
269566239.063178, 76
269566455.118904, 32
269566639.229574, 71
269566785.00124, 82
269566871.323437, 79
269567103.263887, 85
269567559.46528, 87
269567877.027723, 8
269568035.370623, 8
269568327.546746, 87
269568647.112985, 84
269568791.108338, 72
269569295.697123, 32
269569542.996034, 72
269569663.066787, 65
269569799.019768, 80
269569943.151056, 80
269570055.085114, 69
269570231.148697, 78
269570439.011967, 83
269570550.970993, 32
269570670.989036, 87
269570759.581907, 72
269570919.161262, 73
269571054.904237, 67
269571581.010459, 8
269571747.197931, 8
269571887.251162, 69
269572047.101278, 78
269572855.211506, 32
269573927.393944, 84
269574040.679032, 82
269574184.580895, 89
269574607.053984, 73
269574895.291037, 78
269575038.76512, 71
269575150.841494, 32
269575270.830408, 84
269575384.656186, 72
269575494.788132, 73
269575671.233165, 78
269575766.932951, 71
269576023.096504, 83
269576168.877047, 32
269576350.796108, 79
269576542.909479, 85
269576664.405333, 84
269576862.990885, 83
269576951.109647, 73
269577086.824325, 68
269577143.19167, 69
269577264.185118, 32
269577359.296499, 79
269577456.258541, 70
269577568.726076, 32
269577671.040359, 89
269577895.04025, 79
269577990.980836, 85
269578126.895256, 82
269578446.86181, 32
269578622.95674, 67
269578711.72494, 79
269578910.809569, 77
269579183.582464, 70
269579519.200711, 79
269579670.848108, 82
269580118.976613, 84
269580567.142291, 32
269581169.520659, 90
269581360.775973, 79
269581550.749058, 78
269581694.705572, 69
269581870.745019, 188
269582086.852899, 32
269582245.705972, 65
269582398.841166, 78
269582983.79763, 68
269583567.084311, 32
269585183.177988, 84
269585350.896534, 65
269585464.479293, 75
269585606.741887, 73
269585711.282179, 78
269585838.744757, 71
269586006.847806, 32
269586094.845613, 79
269586390.8196, 78
269586606.850081, 76
269586870.794677, 89
269587166.91847, 32
269587318.874633, 79
269587901.3052, 8
269588032.265751, 84
269588142.78858, 72
269588302.89309, 69
