new stimulus
new stimulus
12099381.89017, 17
12099879.11901, 17
12099910.831297, 17
12099938.511546, 17
12099971.084672, 17
12100001.068071, 17
12100031.749184, 17
12100076.547982, 17
12100096.863254, 17
12100128.34334, 17
12100175.564857, 17
12100202.802619, 17
12100233.229337, 17
12100264.739107, 17
12100295.99476, 17
12100326.80737, 17
12100358.204785, 17
12100391.613503, 17
12100454.858309, 17
12100557.91832, 17
12100558.867655, 17
12100559.779261, 17
12100560.814042, 17
12100590.366329, 17
12100624.191456, 17
12100656.02886, 17
12100685.812239, 17
12100733.350015, 17
12100763.310111, 17
12100794.541073, 17
12100826.125192, 17
12100857.089275, 17
12100888.269191, 17
12100919.666883, 17
12100950.701709, 17
12100981.783695, 17
12101028.747487, 17
12101059.646099, 17
12101091.027978, 17
12101122.346605, 17
12101153.2233, 17
12101184.736677, 17
12101216.17515, 17
12101257.206014, 17
12101322.325077, 17
12101327.494265, 17
12101358.053036, 17
12101400.241855, 17
12101420.034466, 17
12101450.849019, 17
12101481.069058, 17
12101512.259794, 17
12101543.223322, 17
12101590.55331, 17
12101621.494922, 17
12101652.875414, 17
12101684.422636, 17
12101717.556985, 17
new stimulus
12144742.854741, 17
12145255.379195, 17
12145286.076954, 17
12153747.775082, 73
12154629.147029, 78
12155109.421554, 84
12159348.535271, 32
new stimulus
12188052.689486, 73
12192470.262673, 8
new stimulus
12226415.499186, 27
