new stimulus
new stimulus
new stimulus
11086312.380084, 27
new stimulus
11154375.6002, 17
11154871.081287, 17
11154903.897711, 17
11154932.652689, 17
11154962.839716, 17
11154994.533693, 17
11155035.583699, 17
11155070.667486, 17
11155656.090725, 17
11156165.977737, 17
11156195.961414, 17
11156225.933161, 17
11156256.596519, 17
11156288.224194, 17
11156318.976604, 17
11156350.323805, 17
11156381.240727, 17
11156414.992892, 17
11156460.085756, 17
11156490.857586, 17
11156521.949837, 17
11156553.018231, 17
11156584.317993, 17
11156615.698762, 17
11156647.032093, 17
11156677.95373, 17
11156724.893941, 17
11156755.457428, 17
11156879.574258, 17
11156882.48607, 17
11156883.41765, 17
11156884.201365, 17
11156913.352778, 17
11156942.316655, 17
11156974.564365, 17
11157020.941689, 17
11157062.896642, 17
11157083.736796, 17
11157114.663427, 17
11157146.130751, 17
11157177.70627, 17
11157208.070291, 17
new stimulus
new stimulus
new stimulus
new stimulus
new stimulus
11325965.934626, 17
11326473.986497, 17
11326516.125935, 17
11326562.470246, 17
11326563.286419, 17
11326592.705266, 17
11326624.067171, 17
11326655.304514, 17
11326687.136925, 17
11326716.929181, 17
11326766.509331, 17
11326805.450659, 17
11326828.042449, 17
11326859.442638, 17
11327212.65745, 17
11327742.822837, 17
11327747.44717, 17
11327778.231762, 17
11327809.965965, 17
11327840.548594, 17
11327871.201965, 17
11327902.459005, 17
11327934.024814, 17
11327964.71536, 17
new stimulus
11396095.363238, 17
11396597.045242, 17
11396654.712497, 17
11396656.901072, 17
11396701.448526, 17
11396721.4431, 17
11396781.592441, 17
11396797.547486, 17
11396816.177425, 17
11396850.327689, 17
11396893.944673, 17
11396936.583192, 17
11396992.010826, 17
11396992.686623, 17
11397052.68699, 17
11397053.400517, 17
11397155.811639, 17
11397156.734342, 17
11397187.028176, 17
11397187.516159, 17
11397248.222007, 17
11397252.250995, 17
11397285.003334, 17
11397314.190257, 17
11397345.15434, 17
11397376.117591, 17
11397407.401263, 17
11397455.001736, 17
11397485.54081, 17
11397517.14851, 17
11397548.046844, 17
11397580.135592, 17
11397610.957912, 17
11397655.030699, 17
11397704.87551, 17
11397705.694734, 17
11397754.495332, 17
11397781.242336, 17
11397823.420613, 17
11397844.265205, 17
11397875.243714, 17
11397906.599238, 17
11397948.870174, 17
11397969.329983, 17
11398016.936837, 17
11408500.345111, 17
11408862.66322, 71
11412724.101349, 122
11415607.303166, 122
11420833.694905, 71
11421780.089651, 76
11421780.619525, 65
11421977.455371, 67
11422233.601913, 73
11423116.835634, 69
11423117.216533, 82
new stimulus
11447633.831008, 84
11448551.528202, 69
11449247.795611, 78
new stimulus
11481466.935006, 82
11481778.155193, 79
11482274.148677, 66
11482730.002374, 85
11482960.686373, 83
11483362.694014, 84
11483826.838719, 78
11484196.692696, 69
11484584.225612, 83
11485008.465228, 83
new stimulus
new stimulus
11555099.648008, 84
11555400.821943, 69
11555530.809559, 65
11555777.817294, 77
new stimulus
11590840.103333, 84
11591039.14107, 65
11591295.746745, 75
11591487.49968, 69
new stimulus
11619041.520234, 67
11619327.376084, 79
11619705.625934, 76
11619888.91475, 76
11620047.622944, 69
11620430.66358, 67
11620871.627252, 84
11621087.322464, 73
11621398.683858, 79
11621798.868288, 78
new stimulus
11660256.466131, 67
11660518.73841, 74
11660806.84692, 65
11661633.482567, 8
11661860.179469, 8
11662113.227495, 72
11662398.179229, 65
11662542.208238, 78
11662810.667009, 71
11663070.438336, 69
new stimulus
11698728.110085, 71
11698982.857038, 82
11699112.154707, 65
11699401.604825, 86
11699598.713653, 69
11699835.77057, 76
new stimulus
11729805.549144, 70
11730038.767384, 79
11730246.547493, 82
11730520.261175, 67
11730694.858942, 69
new stimulus
11764801.242458, 68
11765381.972286, 82
11765731.808941, 79
11766271.05987, 78
11766614.494477, 69
11766965.602553, 68
new stimulus
11798526.610235, 70
11799037.35004, 65
11799485.139104, 67
11800766.341214, 84
11801197.064995, 83
new stimulus
11845728.659656, 75
11846044.728055, 69
11846220.582817, 69
11846381.598877, 80
new stimulus
11862597.362057, 83
11862828.462188, 80
11863086.4988, 82
11863372.147139, 69
11863564.414413, 65
11863804.056063, 68
11863996.256479, 83
new stimulus
11908573.981004, 86
11908949.11375, 65
11909188.501559, 67
11909948.364435, 65
11910433.437514, 8
11910616.861712, 8
11910816.215986, 8
11911001.821547, 8
11911270.931147, 84
11911468.19006, 82
11911675.651967, 73
11912060.018398, 80
new stimulus
11934300.689003, 67
11934483.676817, 76
11934739.729037, 79
11934971.68723, 84
11935379.797305, 72
11936163.676806, 73
11936861.542716, 78
11937262.03647, 71
new stimulus
11971717.334215, 68
11972179.531702, 79
11972595.320515, 78
11972891.028977, 65
11973371.440548, 84
11973707.095433, 69
