new stimulus
272923195.327717, 73
272923755.489276, 32
272923978.149979, 67
272924228.816138, 65
272924423.129878, 66
272925466.631563, 61
272926297.549061, 8
272926469.091462, 8
272927110.235228, 66
272927902.657395, 84
272928198.652062, 32
272928799.199305, 82
272929295.071129, 69
272929652.760527, 65
272930541.750459, 70
272931350.513882, 61
272931518.944443, 68
272931859.148498, 8
272932122.178238, 8
272932275.682395, 8
272932496.755135, 83
272933186.981203, 8
272933557.792099, 68
272933724.054053, 32
272934132.319948, 73
272934291.99785, 84
272938365.05245, 16
272938933.879835, 16
272938955.743727, 16
272938990.300223, 16
272939021.087943, 16
272939052.437164, 16
272939083.731179, 16
272939115.549243, 16
272939128.930963, 17
272939161.760785, 16
272939203.609868, 16
272939224.058908, 16
272939255.254716, 16
272939286.510724, 16
272939317.8003, 16
272939348.619923, 16
272939380.520382, 16
272939426.869524, 16
272939457.984325, 16
272939490.419098, 16
272939516.997219, 49
272939630.130951, 17
272939661.798653, 17
272939693.861403, 17
272939724.142828, 17
272939754.961065, 17
272939785.40922, 17
272939817.352125, 17
272939848.471641, 17
272939879.152553, 17
272939926.796701, 17
272939957.311715, 17
272939988.642905, 17
272940019.327701, 17
272940050.907738, 17
272940083.612442, 17
272940114.048391, 17
272940147.004163, 17
272940192.890288, 17
272940223.607543, 17
272940254.140035, 17
272940288.656859, 17
272940317.937346, 17
272940347.169839, 17
272940378.673307, 17
272940410.397881, 17
272940441.14149, 17
272940487.642105, 17
272941153.137127, 17
272941658.417436, 17
272941717.051926, 17
272941720.577126, 17
272941752.02178, 17
272941782.665518, 17
272941824.900773, 17
272941844.837415, 17
272941917.921422, 17
272943985.194829, 17
272944333.699345, 8
272944829.351728, 8
272944862.76913, 8
272944893.197034, 8
272944925.048944, 8
272944954.394347, 8
272944984.790348, 8
272945015.973671, 8
272945047.587553, 8
272945078.907923, 8
272945125.396886, 8
272945157.18055, 8
272945187.177618, 8
272945225.08315, 8
272945247.177302, 8
272945278.064339, 8
272945311.286712, 8
272945340.00542, 8
272945386.542932, 8
272945418.213686, 8
272945450.177397, 8
272945480.895206, 8
272945511.715107, 8
272945542.734474, 8
272945573.727209, 8
272948033.140534, 17
272948540.621075, 17
272960278.257424, 17
272960777.223612, 17
272960804.667011, 17
272960836.845447, 17
272960864.035561, 17
272960900.214696, 17
272960923.132236, 17
272960956.153479, 17
272960988.866229, 17
272961019.015324, 17
272961086.39748, 17
272961126.57371, 17
new stimulus
272970824.563983, 85
272971983.53002, 8
272972341.286832, 73
272972622.933519, 66
272972885.877259, 84
272972998.202029, 32
272973501.056838, 8
272973658.142233, 8
272973759.47666, 8
272974367.331748, 66
272974510.02866, 82
272974780.145418, 32
272975378.205852, 8
272975497.319134, 8
272975657.687816, 8
272976486.081885, 78
272977099.84911, 82
272977772.352639, 32
272978452.002833, 73
272978620.13461, 83
272979876.413013, 17
272980395.82408, 32
272980555.65928, 83
272980733.30302, 79
272981155.93021, 84
272981670.213689, 89
272982627.858866, 69
272982811.562886, 68
272983620.014764, 32
272983836.110002, 16
272984244.845849, 48
272984827.584551, 8
272985228.811977, 219
272988429.19321, 73
272989349.291839, 66
272990380.205231, 84
272992492.748332, 16
272993299.829746, 16
272993499.439191, 49
272994068.069884, 8
272994412.08738, 16
272994549.219487, 51
272995172.396583, 8
272995461.299238, 16
272995612.815113, 50
272996271.391511, 8
272996603.653257, 16
272996725.470014, 52
272998498.292329, 8
272998868.802222, 16
272998972.914197, 53
272999780.429776, 32
273005582.762561, 65
273006522.110381, 39
273007740.717118, 39
273008077.678112, 13
273008436.03998, 13
273009026.620289, 8
273009892.023817, 219
273010813.308147, 13
273011043.444813, 13
273011600.705372, 38
273019871.803372, 32
273020593.476037, 70
273021470.84782, 79
273022078.968401, 82
273022324.723361, 32
273023629.711212, 80
273024369.858506, 8
273024686.592397, 219
273026251.326977, 73
new stimulus
273035050.734904, 73
273035583.675278, 78
273036213.268031, 82
273036422.676571, 32
273039084.763743, 83
273039326.658379, 69
273039691.825405, 67
273039867.744968, 79
273040117.131103, 78
273040284.716914, 71
273040776.289532, 16
273040974.33099, 71
273041637.633269, 82
273041931.628557, 69
273042132.523298, 65
273042523.765757, 84
273042715.107199, 69
273043011.170389, 83
273043211.486428, 84
273043619.415255, 32
273044148.495583, 80
273045138.463454, 8
273045452.768794, 80
273045824.179198, 8
273046252.72879, 221
273046722.410884, 8
273047260.082965, 219
273051004.23845, 73
273051531.577955, 78
273051699.282781, 84
273053972.319959, 51
273054628.328819, 8
273055004.076158, 16
273055139.874422, 52
273056194.809493, 8
273056590.51983, 16
273056759.752972, 53
273057798.367594, 32
273059427.765597, 83
273060169.466454, 39
273060611.445481, 16
273061012.349987, 13
273062035.448406, 219
273062259.61329, 221
273062841.814627, 13
273063032.941622, 13
273063750.103686, 38
273063928.785261, 38
273064344.86058, 39
273064869.339588, 13
273065211.520551, 13
273065494.033627, 38
273067360.238349, 40
273068974.780691, 38
273070484.379902, 70
273070651.253017, 80
273070803.401136, 82
273071043.842081, 32
273071708.965912, 79
273072321.265576, 8
273072651.235539, 79
273073488.664682, 8
273073899.285611, 73
273074202.906326, 66
273074394.911084, 84
273074530.822536, 32
273074984.065722, 8
273075097.959867, 8
273075271.06887, 8
273075819.688849, 66
273076106.966367, 84
273076283.839429, 32
273077419.306173, 85
273078034.525146, 8
273079010.357266, 85
273079521.041752, 8
273080459.758437, 85
273080828.557747, 32
273081691.413156, 219
273082367.999225, 8
273083250.328259, 61
273084062.602177, 32
273084861.421969, 49
273086021.879982, 76
273087021.064639, 8
273087398.700112, 32
new stimulus
273103612.508284, 32
273105925.882041, 73
273106116.724402, 66
273106334.172904, 84
273106500.464265, 32
273110027.540774, 67
273110195.190948, 73
273110386.988749, 66
273110531.048357, 65
273111074.248901, 8
273111239.707719, 8
273111415.969343, 8
273111567.733233, 8
273112379.938906, 67
273112610.809353, 79
273112874.993168, 66
273112882.496596, 78
273113603.768387, 84
273113851.198975, 65
273114042.777336, 73
273114306.859337, 78
273114530.630282, 83
273114923.000461, 16
273115034.822542, 68
273115298.828808, 73
273115731.065058, 80
273116223.251333, 32
273116779.490703, 16
273117002.793637, 80
273117195.054456, 219
273117640.650232, 8
273117863.712087, 8
273118787.0707, 219
273120739.621302, 73
273121050.898305, 66
273121234.505227, 84
273122411.057312, 52
273122938.330791, 8
273122940.629508, 220
273123363.258918, 16
273123978.539202, 8
273124353.83046, 16
273124469.482905, 53
273124802.587457, 32
273125795.689641, 70
273127120.570856, 39
273127562.702743, 13
273128002.842464, 219
273128941.445129, 13
273129121.60342, 13
273129461.096998, 38
273130395.5916, 70
273130548.109245, 79
273130684.383564, 82
273130922.628993, 32
273131562.860596, 73
273132276.129876, 219
273133071.894976, 8
273133077.619021, 220
273133322.188558, 8
273134595.402731, 61
273135066.734376, 49
273135355.461423, 32
273136538.993996, 219
273137255.031391, 8
273138203.421498, 80
273138776.555303, 8
273140339.343769, 80
273140880.589321, 8
273142051.503362, 79
273143290.882059, 16
273144315.257451, 16
273144546.980138, 188
273145646.751848, 32
273146091.309511, 75
273146196.075923, 69
273147226.950476, 66
273147738.898896, 70
273148496.554836, 8
273148695.211338, 8
273149267.395805, 66
273149840.310446, 8
273150179.342393, 86
273151224.420389, 8
273151844.487586, 86
273152506.880477, 68
273153448.483182, 8
273153939.130598, 70
new stimulus
273163116.814564, 73
273163650.680418, 78
273163754.651739, 84
273163994.385814, 32
273164298.29588, 67
273164778.455642, 79
273165026.316789, 85
273165337.987177, 78
273165548.324802, 84
273166123.778685, 68
273166250.017546, 79
273166554.651406, 87
273166698.161164, 78
273166906.33268, 32
273167346.767855, 80
273168040.994068, 8
273168331.074102, 219
273170907.030673, 73
273171266.510829, 66
273171474.134714, 84
273171634.838522, 32
273172258.640094, 66
273172967.669259, 8
273173162.490127, 86
273173927.876427, 8
273174178.526773, 66
273174983.994979, 8
273175387.079466, 88
273175767.696946, 8
273179526.353825, 39
273180018.641914, 13
273180679.709561, 13
273182581.826539, 70
273182718.971963, 79
273182892.615835, 82
273183204.619406, 32
273186891.812144, 66
273187746.978806, 8
273188252.034958, 66
273188923.156372, 32
273190290.802717, 86
273191088.181025, 8
273191315.423072, 66
273192603.388596, 16
273192810.224048, 188
273194259.818305, 86
273194943.523573, 8
273195370.928799, 84
273196954.76637, 37
273197164.446505, 37
273197325.806139, 37
273197477.761172, 37
273199608.498429, 8
273200637.158046, 86
273201321.484184, 8
273201506.162232, 67
273202231.433058, 8
273202818.8957, 66
273205855.918198, 8
273206682.702388, 66
273208016.001136, 173
273208048.222294, 46
273208657.207322, 8
273209404.197225, 173
273210195.588216, 32
273211127.695881, 8
273212035.227856, 66
273212991.886521, 8
273213426.886447, 67
273214281.385355, 8
273214658.840504, 86
273215029.252467, 32
273215805.819699, 39
273215988.199862, 39
273216116.780441, 39
273216275.034892, 39
273216735.284367, 8
273218404.190012, 55
273218903.370647, 8
new stimulus
273256123.755104, 87
273256537.889025, 71
273257283.117855, 73
273257634.898168, 75
273257777.624209, 69
273258408.223448, 13
273259578.670034, 68
273260038.369103, 8
273260202.118448, 83
273260897.792526, 84
273261506.808902, 68
273261787.100106, 32
273262033.971967, 73
273262338.033229, 66
273263103.395393, 8
273263450.364657, 78
273264018.057109, 32
273265749.338279, 37
273265899.265081, 37
273266195.708062, 37
273266355.020599, 37
273266515.620652, 37
273266691.558525, 37
273266835.162884, 37
273267634.742811, 88
273268394.862536, 32
273268658.272067, 16
273268849.991358, 188
273269018.055722, 188
273269521.697577, 32
273269796.230336, 39
273269955.319549, 39
273270101.124973, 39
273270236.682434, 39
273270379.572986, 39
273270643.482709, 39
273271471.783564, 13
273285275.339501, 84
273286025.921463, 73
273286649.848153, 84
new stimulus
273306187.312168, 73
273306377.643517, 70
273306905.978135, 32
273310177.884542, 79
273311169.897844, 78
273311729.721504, 16
273311978.511737, 79
273312154.049568, 70
273312665.59628, 70
273312825.26364, 70
273314273.598402, 32
273317888.676445, 13
273318490.782243, 32
273318817.052232, 32
273319009.215953, 32
273320753.687421, 79
273321273.069081, 78
273321913.412762, 16
273322353.334152, 16
273322577.311776, 80
273323000.894962, 70
273323654.478046, 8
273323828.869569, 8
273324113.164803, 16
273324281.461369, 79
273324568.993005, 70
273324776.966719, 70
273324993.666737, 32
273325345.804924, 221
273325958.837813, 8
273326601.87415, 173
273327054.209335, 8
273327754.29553, 48
273328654.093261, 8
273329081.354783, 61
273329513.163804, 32
273332794.244273, 70
273333377.42158, 65
273334121.33016, 76
273334281.102108, 83
273335032.376514, 13
273335893.744109, 8
273336292.879219, 8
273336700.502327, 8
273336953.551262, 69
273337129.033054, 75
273337304.958443, 83
273337577.181666, 69
273338440.118359, 13
273338929.929903, 32
273339169.449808, 32
273339313.01838, 32
273339889.439632, 79
273340277.712013, 78
273340993.233681, 16
273341257.132584, 80
273342054.182147, 8
273342425.142574, 16
273342609.612832, 79
273343017.021216, 70
273343553.105335, 70
273343704.872276, 70
273344000.906891, 32
273344169.073069, 219
273345061.480006, 8
273345754.232832, 173
273346224.337162, 8
273346713.627709, 173
273347096.856006, 32
273347312.91074, 84
273348009.309721, 82
273348609.200861, 69
273349318.01114, 8
273349786.645967, 85
273350377.650176, 67
273350562.742137, 69
273351900.545383, 37
273352437.72726, 8
273353272.492876, 38
273353579.772785, 38
new stimulus
273369106.737216, 66
273370057.345589, 79
273370224.868703, 79
273370985.007014, 76
273371232.965259, 32
273372225.612471, 73
273372360.740205, 83
273372536.820396, 32
273372945.096555, 16
273373470.792613, 8
273373872.664767, 16
273374009.437613, 80
273374360.878916, 83
273376729.755072, 219
273379673.398769, 73
273380201.014032, 66
273381190.850128, 8
273381360.965472, 78
273381577.004948, 84
273382377.312553, 32
273384801.048876, 83
273385861.557351, 39
273387070.893484, 13
273389449.564295, 221
273390186.174461, 8
273390674.342836, 221
273391141.861317, 8
273391458.493671, 222
273392032.415353, 8
273392384.234783, 13
273392829.419419, 8
273395942.154219, 13
273400697.726167, 85
273401008.586483, 70
273401381.63423, 8
273401524.11725, 8
273402033.366355, 70
273402541.443076, 8
273402929.085709, 85
273403248.520856, 70
273403376.633702, 32
273404115.81862, 88
273405449.942975, 32
273406104.695392, 17
273406568.860398, 188
273407472.634971, 17
273407952.333381, 16
273408226.60786, 190
273408928.809119, 32
273409464.872986, 173
273410031.942072, 8
273410417.416376, 173
273410903.644185, 8
273411401.389439, 173
273411813.226307, 8
273412056.999089, 48
273412761.191127, 16
273412763.172474, 13
273413529.033442, 82
273413927.02169, 8
273414057.268465, 84
273414216.54577, 82
273414632.758136, 8
273414795.971779, 8
273415000.794536, 84
273415766.314276, 8
273415960.758959, 82
273416168.649446, 69
273416937.26022, 84
273417576.744449, 73
273417841.272822, 82
273418304.735119, 66
273418672.610336, 32
new stimulus
273438946.06448, 79
273439477.603596, 8
273439800.726512, 73
273440000.607276, 70
273440585.009677, 32
273441952.874908, 77
273442328.397259, 79
273442536.013653, 68
273443088.695088, 69
273443259.772253, 76
273443824.631119, 16
273444032.412302, 89
273444264.189363, 82
273444904.693117, 65
273446200.570157, 32
273460208.908902, 16
273461272.670981, 16
273461409.467963, 190
273462713.277325, 61
273464422.269316, 49
273465584.895102, 56
273466300.997969, 8
273467984.896323, 173
273468296.179152, 173
273468617.424754, 8
273468746.910283, 8
273469160.824209, 173
273469597.128018, 8
273469913.068759, 57
273470047.939879, 57
273470168.084615, 57
273471056.407903, 32
273471992.44608, 16
273472256.702858, 51
273472973.196889, 8
273473872.321596, 16
273474345.029252, 65
273474904.343843, 78
273475024.085763, 68
273475712.470582, 32
273478848.35013, 77
273479440.215179, 79
273479632.067633, 68
273479960.148631, 69
273480111.956076, 76
273480504.230544, 16
273480848.262465, 84
273482077.771603, 8
273482375.834727, 16
273482616.829961, 53
273482623.744146, 82
273483341.406401, 8
