new stimulus
274325699.775205, 66
274325962.813268, 69
274326526.592685, 8
274326627.749007, 8
274326933.583826, 86
274327476.262262, 8
274328565.506368, 66
274328731.724212, 69
274329110.937105, 85
274329272.694007, 84
274330100.844499, 71
274330291.513471, 69
274330673.890083, 8
274330815.768046, 8
274330968.071798, 8
274331118.223312, 8
274331248.048129, 8
274331353.566077, 8
274340083.849915, 66
274340944.967554, 8
274341732.065996, 86
274342227.420429, 69
274342745.844429, 8
274343652.127173, 69
274344083.376911, 79
274344531.167926, 84
274344667.236121, 72
274344771.307036, 82
274345228.047125, 84
274345365.089625, 32
274345903.481893, 8
274346398.082293, 8
274346398.792771, 8
274346399.236923, 8
274346804.280285, 8
274346804.625953, 8
274346903.739618, 8
274346974.710225, 8
274348894.588859, 66
274349450.572723, 8
274349839.945636, 78
274350629.0712, 82
274351003.799569, 79
274351728.289453, 8
274351919.938556, 8
274352564.798387, 69
274353036.890445, 79
274353260.372316, 84
274353662.863953, 72
274353834.998372, 82
274353940.95104, 84
274354796.228672, 32
274356491.198376, 69
274356634.630456, 69
274357103.816519, 8
274357430.757591, 8
274357703.537599, 87
274358117.03456, 69
274358211.621255, 32
274358556.268776, 77
274359108.134035, 85
274359320.247438, 68
274360130.510048, 84
274360255.307148, 32
274361135.810469, 68
274361299.16865, 79
274361607.367103, 32
274362199.393888, 66
274362508.84934, 79
274362654.832591, 84
274362904.909228, 72
274363165.319275, 32
274363653.793923, 84
274363811.299613, 79
274363907.667911, 32
274364211.579087, 66
274364483.142601, 69
274364690.688807, 32
274365054.856005, 83
274365789.349997, 85
274366358.676187, 67
274366518.597943, 67
274366813.117835, 69
274367020.36942, 83
274367212.60638, 83
274367412.047986, 70
274367975.126081, 89
274368149.388049, 75
274368866.262703, 32
274369155.659446, 73
274369634.92591, 78
274370891.211803, 32
274371130.710901, 84
274371683.060539, 69
274372073.03518, 8
274372420.002502, 72
274372570.608155, 69
274372714.578156, 32
274372899.685098, 87
274373034.658586, 79
274373202.544568, 82
274373450.774131, 75
274373987.467468, 80
274374202.924081, 76
274374347.111303, 65
274374571.093644, 67
274374778.491152, 69
274374923.073978, 32
274375076.076001, 65
274375218.568175, 78
274375356.521174, 68
274375466.541401, 32
274375755.064821, 76
274376002.697095, 73
274376179.192585, 68
274376411.218494, 69
274377362.682158, 32
274377651.848641, 65
274377859.390964, 83
274377980.322469, 32
274378792.114783, 77
274379291.203036, 85
274379458.789958, 67
274379883.177667, 72
274380114.713926, 32
274380299.254373, 65
274380475.106245, 83
274380580.633348, 32
new stimulus
274398548.870768, 77
274398746.480557, 65
274398877.243336, 78
274399501.642753, 89
274399938.526928, 32
274400194.394747, 83
274400490.923173, 85
274400770.309428, 66
274401228.015776, 74
274401740.70935, 69
274401989.591687, 67
274402283.72097, 84
274402514.942633, 83
274402651.104319, 32
274402963.069328, 66
274403155.109042, 69
274403386.703005, 67
274403674.738439, 65
274404203.020901, 85
274404378.337072, 83
274404563.210702, 69
274404706.441929, 32
274407309.231294, 65
274407522.408887, 32
274407770.321357, 80
274407938.457296, 69
274408060.199704, 82
274408251.569444, 79
274408483.739335, 83
274408650.521178, 78
274409130.883735, 32
274409410.389281, 84
274409658.691806, 72
274409820.459249, 65
274410187.022539, 32
274410857.319455, 8
274411086.842742, 82
274411358.232035, 32
274411630.706046, 75
274411823.10946, 78
274412126.42196, 79
274412375.712107, 87
274412994.536177, 83
274413142.662789, 32
274413339.98933, 65
274413482.32809, 76
274413682.005227, 79
274413842.579756, 84
274414058.577064, 32
274414203.668404, 65
274414418.416481, 66
274414698.262423, 79
274415403.85239, 73
274415531.922236, 84
274415714.501865, 32
274415963.474919, 65
274416138.886523, 32
274416402.754632, 76
274416642.246517, 73
274416842.032403, 84
274417018.496268, 84
274417194.200552, 76
274417378.163406, 69
274417503.073695, 32
274418149.246563, 68
274418498.322568, 65
274419152.675775, 8
274419318.491912, 8
274419610.549131, 70
274420623.78021, 8
274420778.364093, 68
274421614.203331, 8
274421915.925927, 83
274422807.556082, 8
274429188.405764, 67
274429901.632322, 65
274430315.527383, 66
274431211.487538, 32
274431594.736087, 32
274432225.030717, 8
274432530.991486, 77
274432850.19554, 65
274432978.705655, 76
274433189.214172, 69
274433301.722872, 32
274434328.268535, 78
274435288.207713, 8
274435498.544783, 66
274436050.344016, 65
274436329.920305, 68
274437130.300317, 32
274437482.097275, 65
274437721.961183, 83
274437954.022602, 83
274438084.452753, 73
274438363.234782, 188
274439367.858017, 8
274439511.948696, 8
274440053.768789, 73
274440842.941792, 8
274442131.936273, 79
274442707.799908, 190
274443068.008574, 221
274443080.735855, 219
274443767.727185, 8
274443909.947486, 8
274444564.268234, 80
274445363.327719, 84
274445882.785115, 79
new stimulus
274458395.473973, 84
274458507.990442, 72
274458755.59969, 69
274458963.693805, 32
274459666.164163, 80
274459825.704741, 69
274459947.536202, 82
274460169.765237, 83
274460314.124738, 79
274460570.86477, 66
274460576.246199, 78
274461442.387669, 32
274461617.698292, 82
274461722.781797, 69
274461977.826505, 65
274462137.912772, 83
274463127.518053, 8
274463330.752847, 68
274463785.909689, 84
274464009.593246, 32
274464377.663769, 70
274464577.699057, 79
274464705.703986, 82
274464809.67503, 32
274465201.763626, 67
274465425.6325, 72
274466059.061443, 65
274466243.927305, 78
274466402.078, 67
274467359.112571, 8
274467554.431966, 71
274467801.954658, 69
274467985.936655, 32
274468330.450735, 88
274469070.94342, 8
274469322.145558, 87
274469705.766684, 73
274469961.858382, 76
274470089.79673, 76
274470233.947332, 32
274470457.468597, 66
274470641.709983, 87
274470769.713803, 32
274471401.984786, 78
274472073.780613, 79
274472735.843926, 8
274472909.967461, 8
274473186.409714, 69
274473361.715898, 87
274474006.406224, 8
274474165.713491, 8
274474538.206118, 82
274474777.749049, 87
274475187.236709, 20
274475465.903886, 83
274475934.999787, 8
274476133.626605, 8
274476959.968862, 87
274477887.961806, 8
274478983.579956, 9
274479869.769038, 8
274480826.62384, 20
274481866.464389, 69
274483537.911496, 65
274484282.098884, 68
274484906.041664, 79
274485265.782319, 32
274485497.806841, 84
274485690.400844, 72
274486326.960491, 8
274486329.846233, 220
274486657.793791, 219
274486999.163295, 8
274487165.724865, 8
274487690.125641, 219
274488050.095724, 32
274488417.861083, 82
274489151.865148, 8
274489334.905297, 8
274489502.893648, 8
274490550.544731, 73
274490555.952792, 79
274491388.604731, 32
274491642.166897, 82
274492248.610463, 8
274492402.59345, 68
274492555.641248, 69
274492769.884417, 65
274492946.208184, 76
274493169.531093, 32
274493535.843039, 87
274493665.710023, 73
274494282.281705, 84
274494426.178744, 72
274494527.430776, 32
274494849.586877, 82
274494963.557036, 72
274495706.074345, 32
274496138.464009, 68
274496497.930849, 73
274496905.90656, 70
274497073.836374, 70
274497298.479534, 69
274497849.882608, 82
274498065.674347, 69
274498577.737341, 66
274498697.763619, 67
274498841.864285, 69
274499498.033772, 83
274499625.715782, 32
274500089.864698, 73
274501466.118333, 78
274501897.868262, 32
274502177.883154, 79
274502441.661102, 85
274502593.360074, 84
274502729.508999, 32
274503025.770268, 87
274503185.451777, 79
274503329.650373, 82
274503505.414303, 75
274504202.172823, 68
274504299.249102, 32
274505713.95257, 77
274505825.713896, 77
274506106.533866, 69
274506411.576646, 65
274506641.875882, 66
274506833.431771, 73
274507343.006292, 8
274507698.858048, 72
274507811.204179, 87
274508217.597199, 73
274508521.492562, 76
274508681.362718, 69
274508779.316759, 32
274509081.822239, 84
274509281.311284, 72
274509402.247782, 69
274509521.519472, 32
274509994.493731, 79
274510201.371351, 84
274510330.508716, 72
new stimulus
274521709.722719, 78
274521930.470044, 79
274522082.470851, 84
274522258.306078, 32
274522538.942395, 80
274522737.795589, 76
274522865.226255, 65
274523225.645761, 78
274523371.220647, 78
274523588.333468, 73
274523794.947538, 78
274523908.944052, 70
274524004.573298, 32
274524281.698287, 82
274524465.234467, 69
274524585.107607, 76
274524881.565569, 73
274525393.634389, 69
274525761.359244, 86
274526841.547747, 69
274527033.061191, 83
274527163.307411, 32
274527521.358013, 83
274527817.188168, 82
274528057.669895, 69
274528457.598708, 83
274528625.107396, 83
274528753.120093, 32
274529001.088048, 79
274529417.639423, 86
274529585.227453, 69
274529752.581895, 82
274529859.568514, 32
274530089.532902, 84
274530393.190792, 72
274530521.071713, 69
274530616.921788, 32
274531569.493474, 83
274532495.859617, 8
274532666.149737, 68
274532937.1376, 69
274533393.661576, 84
274533673.289188, 65
274533881.013499, 73
274534105.43805, 76
274534321.060284, 83
274534427.084249, 32
274534585.188614, 87
274534769.103475, 72
274534905.100649, 69
274535089.239667, 78
274535225.198835, 32
274536449.401171, 83
274536545.546977, 79
274536728.951381, 77
274536841.738058, 69
274536930.87175, 79
274537105.399211, 78
274537233.038498, 69
274537321.164039, 32
274538097.540405, 67
274538377.265114, 79
274538585.168363, 78
274539041.935361, 83
274539265.333451, 84
274539473.637851, 65
274539609.220003, 78
274539729.697923, 84
274539881.153042, 76
274540217.783349, 85
274540496.951272, 32
274540833.063078, 72
274541000.885253, 65
274541753.454387, 83
274541961.110175, 32
274542233.106467, 84
274542697.075058, 80
274542897.338387, 32
274545097.723781, 80
274545305.21922, 76
274545456.924018, 65
274545625.110726, 66
274545937.339563, 32
274546297.256381, 69
274546592.868483, 86
274546801.314091, 69
274546964.552425, 82
274547265.004706, 85
274547448.886553, 84
274547753.665227, 72
274547971.317079, 79
274548177.605178, 78
274548328.96209, 32
274549217.913737, 190
274549817.391519, 32
274550097.748194, 73
274550103.177894, 79
274550321.108278, 84
274550327.407695, 82
274551254.022685, 8
274551396.228283, 8
274551556.33508, 8
274551737.576426, 84
274551859.193717, 32
274552433.254388, 73
274552568.933082, 83
274552657.228128, 32
274552912.858196, 73
274553249.057667, 77
274553456.836908, 80
274553928.954211, 79
274554089.161156, 82
274554280.844105, 84
274554528.805402, 65
274554664.968475, 78
274554816.858314, 84
274554881.379419, 32
274555073.188317, 84
274555178.612774, 79
274555290.728923, 32
274555672.839764, 76
274555810.816066, 69
274555984.935162, 84
274556057.456002, 32
274556465.112956, 70
274556616.871297, 79
274556714.467187, 32
274557513.232327, 69
274557744.885104, 86
274557912.876229, 69
274558097.265758, 82
274558585.0094, 85
274558783.986324, 32
274559105.440547, 79
274559392.963583, 78
274560057.327279, 67
274560249.105383, 69
274560352.913581, 32
274560544.756879, 73
274560744.89731, 78
274560866.805895, 32
274561065.173878, 65
274561208.928044, 32
274561440.964773, 87
274561616.827742, 72
274561841.017594, 79
274562121.076596, 76
274562264.665974, 69
274562371.031446, 32
274562865.019853, 70
274563000.82311, 79
274563120.906814, 82
274563232.860671, 32
274564122.13496, 17
274564124.428684, 16
274564146.18993, 85
274565321.324112, 85
274565648.850266, 79
274565888.976615, 85
274566041.603287, 82
274566441.478281, 32
274566977.485831, 83
274567160.946829, 65
274567289.135412, 66
274567481.54909, 73
274567697.257324, 82
274568201.300886, 84
274569401.792533, 89
274570177.5619, 32
274571481.342965, 79
274571890.1146, 69
274572169.67563, 32
274573310.102676, 8
274573548.303718, 8
274573763.575567, 82
274573954.130797, 32
new stimulus
274585778.120239, 87
274585920.647646, 69
274586075.424337, 32
274586307.021352, 87
274586440.679583, 73
274586680.631989, 85
274586824.446078, 68
274587048.641756, 75
274587264.710639, 32
274588153.085804, 79
274589022.410967, 8
274589458.791622, 80
274589664.580084, 82
274590080.768314, 79
274590609.091834, 86
274590794.529463, 65
274590947.455195, 86
274591282.575495, 75
274591467.758728, 89
274591699.73803, 32
274592356.768357, 20
274592538.309319, 75
274592700.416881, 75
274593478.531572, 8
274593628.88394, 8
274593986.288703, 20
274594242.423956, 76
274595411.752531, 8
274595635.465495, 65
274596481.881164, 76
274596640.613057, 76
274596897.264315, 32
274597393.625789, 85
274598358.7264, 8
274598857.118325, 65
274599703.858854, 8
274600603.774213, 83
274600777.458311, 79
274600944.743674, 87
274601357.690507, 8
274601524.717591, 8
274601667.993205, 8
274601929.313195, 83
274602629.5037, 8
274602872.983802, 65
274603421.792982, 8
274603881.328373, 20
274604850.646628, 83
274605373.574849, 8
274605913.257129, 20
274608327.874873, 81
274609190.096096, 8
274609697.343602, 86
274610438.481847, 8
274610794.830743, 66
274611665.404304, 69
274611841.516121, 32
274612097.891344, 73
274612400.950003, 78
274612568.717526, 32
274613474.057036, 83
274613857.991926, 72
274614312.823629, 73
274614489.313849, 78
274614890.065773, 89
274615353.397682, 32
274615817.182343, 67
274615969.314093, 76
274616224.943329, 79
274616402.525759, 84
274616569.689612, 74
274616577.228272, 72
274617473.048885, 73
274617672.785667, 78
274617808.616389, 71
274617928.879862, 32
274619217.057614, 65
274619936.770293, 78
274620064.591292, 68
274620224.653423, 32
274620448.643809, 83
274620552.417329, 79
274621845.372562, 8
274622441.141213, 80
274622648.525405, 65
274622952.845224, 67
274623144.714323, 69
274623297.333504, 32
274623512.319055, 83
274623760.508669, 85
274623867.708903, 17
274623868.335599, 16
274624528.610097, 73
274624744.298357, 84
274624984.599481, 83
274625136.724852, 32
274625322.311179, 65
274625489.044195, 83
274625608.390512, 32
274625840.630036, 78
274626032.590961, 79
274626192.573473, 84
274626304.369754, 32
274626456.3492, 84
274626546.385623, 79
274626688.219198, 32
274627304.611388, 68
274627792.856332, 73
274627961.062458, 69
274628096.604384, 32
274629509.875246, 8
274629888.440359, 190
274630136.474895, 32
274630704.730791, 77
274630896.496966, 65
274631288.508438, 89
274631473.613716, 66
274631624.662689, 69
274631864.440874, 32
274632304.459361, 76
274632584.635435, 73
274632744.428745, 86
274633048.298863, 69
274633112.967001, 32
274633336.459969, 73
274633528.469166, 78
274633650.332254, 32
274634024.465553, 83
274634144.568954, 77
274634344.302684, 65
274634442.103867, 76
274634608.246807, 76
274634928.461787, 32
274635360.592617, 80
274635544.4814, 79
274635817.13629, 79
274636462.010825, 8
274637065.637172, 83
274637501.646082, 8
274637680.774861, 68
274637840.622268, 83
new stimulus
274653329.059742, 16
274653561.042096, 73
274653763.337262, 32
274654273.732674, 83
274654448.591654, 77
274654585.900479, 32
274655144.722646, 65
274655288.154448, 78
274655464.522047, 32
274655744.437068, 73
274655960.966471, 78
274656361.915364, 84
274656656.119828, 82
274656832.376459, 79
274656976.463531, 86
274657224.483919, 69
274657480.250201, 82
274657818.356114, 89
274658009.20874, 190
274658200.775172, 32
274658832.921315, 16
274659024.716343, 89
274659272.072859, 79
274659544.261959, 73
274660080.519744, 32
274660720.386537, 80
274661088.475092, 73
274661240.28226, 89
274661424.1433, 32
274662128.514275, 77
274662584.37993, 82
274662752.120543, 32
274663120.481249, 87
274663624.382493, 73
274664104.935362, 84
274664232.102754, 72
274664400.276977, 32
274664592.284787, 84
274664728.026734, 79
274664856.96491, 79
274665000.724625, 32
274665224.125212, 77
274665368.352106, 65
274665512.55736, 78
274665773.790794, 89
274665912.226784, 32
274666392.714181, 80
274666536.161519, 69
274666713.038465, 79
274666768.808298, 80
274667000.190588, 76
274667144.302352, 69
274667201.813561, 32
274667432.391328, 65
274667608.136948, 78
274667808.039074, 68
274667922.085246, 32
274668472.639133, 16
274668808.59364, 79
274669248.861807, 32
274669550.156618, 8
274669739.970854, 8
274670049.168303, 16
274670233.025182, 79
274670370.200567, 32
274671149.572257, 8
274671323.440008, 8
274671608.128071, 16
274671968.782831, 73
274672352.1368, 32
274672568.038952, 87
274673181.437483, 8
274673448.742016, 83
274673760.401307, 72
274673968.132831, 79
274674758.406366, 8
274675409.305116, 73
274675624.143356, 84
274676008.641967, 32
274676653.012149, 8
274676827.603694, 8
274676963.686592, 8
274677360.591785, 73
274677885.266653, 8
274678208.919722, 85
274678720.215368, 84
274678872.225053, 32
274679232.135213, 68
274679375.997851, 79
274679848.490506, 87
274680080.067546, 66
274680304.327586, 32
274681008.183111, 67
274681885.138484, 8
274682184.754061, 66
274682511.764488, 69
274683268.974612, 8
274683491.403113, 8
274684632.747316, 66
274685669.274894, 8
274685888.41012, 67
274686901.254473, 8
274687192.580131, 86
274688200.46002, 69
274688440.838546, 82
274689049.49677, 83
274689712.637036, 73
274689928.157733, 83
274690288.145848, 32
274690551.750684, 65
274690735.845868, 78
274690935.82262, 68
274691136.140601, 32
274691249.452438, 69
274691567.927428, 88
274691944.083133, 84
274692312.532336, 82
274692712.148773, 79
274692872.053884, 86
274693184.220301, 69
274693496.140646, 82
274693872.086342, 89
274693976.118419, 32
274694352.172864, 84
274694832.307658, 72
274695008.281596, 65
274695319.89206, 84
274695457.820368, 32
274695775.750224, 87
274695905.697661, 79
274696472.370311, 85
274696783.924736, 76
274696928.108629, 68
274697039.702115, 32
274697383.991484, 70
274697607.937759, 69
274697911.656127, 84
274698127.808792, 32
274698936.180495, 66
274699144.131737, 79
274699664.214997, 84
274699840.072695, 82
274700432.260108, 68
274701048.226733, 32
274702384.346029, 87
274702575.929938, 73
274702719.668292, 84
274703192.100746, 85
274703519.854664, 32
274703720.106063, 79
274704208.461421, 78
274705208.295245, 76
274705359.953437, 89
274705543.990086, 32
274705767.905567, 65
274705945.519068, 32
new stimulus
274721049.196322, 80
274721049.724533, 82
274721136.210789, 69
274721456.071224, 83
274721685.327076, 69
274721844.095312, 82
274722420.445267, 86
274722779.646891, 65
274725935.573496, 84
274725936.427677, 73
274725937.388389, 79
274725939.076501, 78
274725939.884908, 32
274725941.192952, 73
274725942.518474, 79
274725944.426026, 8
274725945.894975, 83
274725946.5422, 32
274726015.236561, 75
274726167.897633, 87
274726441.152865, 84
274727149.585573, 8
274727456.228799, 89
274728000.064639, 32
274728560.144636, 84
274728679.701793, 79
274728839.736182, 32
274729535.984801, 69
274729679.535063, 66
274729911.934104, 65
274730685.006376, 8
274730859.115207, 8
274731240.16602, 66
274731820.86595, 8
274732160.451631, 78
274732743.893321, 83
274732951.574355, 85
274733080.09834, 82
274733239.7141, 69
274733312.109823, 32
274733527.762296, 79
274733767.797928, 85
274733903.634198, 82
274734063.734891, 32
274734536.04306, 68
274734766.85719, 73
274735511.247374, 8
274735710.798838, 8
274735825.455894, 70
274736208.822069, 73
274736629.750883, 8
274736851.001173, 8
274737024.245558, 68
274737255.874199, 73
274737764.62228, 8
274737955.364492, 8
274738248.783019, 70
274738254.403586, 71
274738712.018385, 86
274738877.071335, 8
274739067.135528, 8
274739235.008471, 8
274739688.63866, 72
274740768.675135, 73
274741200.342394, 83
274741719.85999, 84
274741831.654052, 79
274741951.87508, 82
274742520.255261, 85
274742719.90521, 32
274743055.632509, 73
274743263.537977, 83
274743439.761594, 32
274744031.965375, 78
274744303.432623, 79
274744479.666783, 84
274744719.795906, 32
274744967.934475, 69
274745488.049361, 65
274746524.893476, 8
274746714.813132, 8
274746872.288305, 87
274747191.897396, 65
274747367.525388, 83
274747583.613691, 74
274747761.559543, 69
274747999.353884, 68
274748175.567514, 32
274748439.63398, 65
274748887.929625, 87
274749087.616749, 65
274749471.80548, 82
274749823.825486, 32
274750335.908455, 66
274750783.871194, 89
274751007.422698, 32
274751263.777392, 84
274751431.466682, 73
274751663.552791, 77
274751807.655954, 69
274751929.143412, 32
274752111.635931, 65
274752279.514977, 78
274752407.471358, 68
274752543.643031, 32
274752769.602834, 73
274752895.914658, 83
274753941.10279, 8
274754176.049119, 70
274754391.274639, 77
274754941.125816, 8
274755155.30934, 8
274755367.772016, 68
274756452.870608, 8
274756656.171983, 83
274757863.670751, 78
274758135.556628, 79
274758295.322473, 82
274758727.632518, 65
274758873.369141, 78
274759007.835224, 67
274759263.625365, 69
274759463.491703, 32
274761839.896532, 32
274762805.271236, 8
274763439.99879, 16
274763664.473554, 75
274764015.730095, 82
274764191.725671, 80
274764359.416903, 80
274764719.998979, 32
274764959.632904, 84
274765127.465343, 72
274765271.616778, 69
274765431.435888, 32
274768316.825439, 8
274768467.143129, 8
274768626.971671, 8
274768771.289004, 8
274768939.294, 8
274769098.907817, 8
274769251.022368, 8
274769395.173248, 8
274769571.314471, 8
274769911.570127, 16
274770128.408855, 68
274770828.68009, 8
274771247.729926, 16
274771560.118559, 75
274772063.573154, 69
274772263.470841, 80
274773124.884211, 8
274773336.398937, 69
274773504.129562, 80
274773663.353602, 32
274773959.431218, 84
new stimulus
274783448.530621, 78
274784031.567552, 79
274785328.17116, 32
274785863.350329, 16
274786327.804686, 73
274786487.11112, 32
274786895.564829, 87
274787071.362049, 65
274787247.218083, 78
274787615.13214, 84
274787775.32244, 32
274787935.360158, 84
274788079.920513, 79
274788255.202006, 32
274788551.390868, 87
274788751.270522, 65
274788911.29964, 78
274789039.315944, 83
274789287.326899, 69
274789940.508553, 8
274790106.808236, 8
274790279.567133, 68
274790447.213145, 69
274790632.930137, 82
274790743.153159, 32
274790927.181208, 65
274791080.998574, 78
274791207.560632, 68
274791335.012937, 32
274792443.953438, 71
274792945.056606, 79
274793095.579865, 32
274793471.658724, 87
274793623.295, 72
274793783.316905, 69
274793951.464773, 82
274794073.307331, 69
274794185.450667, 32
274794467.408067, 77
274794906.712748, 89
274795191.940396, 32
274795791.870375, 72
274796615.512485, 69
274796855.466832, 65
274797127.58408, 82
274797375.638312, 84
274797575.219738, 32
274798008.090452, 84
274798014.040873, 82
274798657.349361, 8
274798864.727728, 65
274799055.130098, 75
274799279.827632, 69
274799495.044829, 83
274799706.642505, 32
274799953.001135, 77
274800057.120045, 69
274800191.267925, 32
274803183.649645, 85
274803375.068211, 83
274803951.700581, 85
274804080.774417, 83
274804391.090986, 65
274804482.574718, 76
274804631.296955, 76
274805111.721932, 89
274805335.014047, 32
274805567.082401, 84
274805767.022256, 72
274805951.459502, 73
274806103.14072, 83
274806215.341482, 32
274806383.085701, 73
274806510.755783, 83
274806559.252725, 32
274806806.973774, 66
274806921.075431, 69
274807183.387758, 84
274807631.120237, 69
274807807.092788, 69
274807975.212914, 82
274808167.027638, 32
274808647.341924, 68
274808991.012087, 79
274809383.026611, 78
274809607.079139, 69
274810111.0883, 32
274810271.055553, 65
274810398.947017, 76
274810615.064449, 79
274810943.032259, 78
274811078.948149, 69
274811174.97078, 32
274811591.180094, 65
274811759.261935, 87
274811974.980157, 65
274812270.970385, 84
274812463.239804, 32
274812999.34029, 70
274813623.537466, 82
274813767.364595, 79
274813974.893324, 77
274814080.532783, 32
274814599.490542, 70
274815556.492655, 8
274816039.550365, 79
274816207.014943, 84
274816383.128424, 72
274816919.481088, 69
274817064.849294, 82
274817161.639829, 32
274817479.121371, 84
274817631.079179, 79
274817902.909849, 85
274818135.007888, 82
274818358.962486, 73
274818494.913054, 83
274819119.249773, 84
274819815.468153, 83
274820015.210206, 32
274820287.233962, 80
274820598.952621, 73
274820815.203493, 83
274821271.501093, 74
274822695.271816, 73
274822934.846373, 78
274823390.723957, 70
274823711.248817, 65
274823872.497759, 78
274824031.606946, 68
274824991.17105, 83
274825214.959195, 72
274825719.454122, 79
274826695.587522, 67
274827119.352142, 73
274828036.828302, 8
274828242.371523, 8
274828879.729036, 67
274829796.167639, 8
274830087.298269, 88
274830583.257204, 73
274830879.205264, 78
274831015.026276, 70
274831182.908928, 32
274832039.242427, 84
274832183.163879, 79
274832415.10989, 85
274832614.940719, 32
274833103.367651, 84
274833217.222125, 79
274833344.964613, 32
274833943.372656, 70
274834700.61607, 8
274834999.524498, 71
274835295.335789, 69
274835566.969491, 84
274835734.807478, 32
274835910.834959, 83
274836038.77192, 79
274836239.096004, 77
274836358.92975, 69
274836432.542801, 32
274836679.016006, 68
274836974.815091, 73
274837150.762396, 73
274837611.963705, 8
274838354.848875, 8
274838655.438757, 73
274839038.83434, 188
new stimulus
274849552.429812, 79
274849680.685808, 80
274850791.014528, 84
274851415.158439, 73
274851510.963294, 79
274851774.748732, 66
274851958.541526, 65
274852094.988679, 76
274852518.839855, 190
274852768.05704, 32
274852911.827019, 16
274853255.092979, 73
274853454.670798, 70
274853558.844637, 32
274853798.931315, 84
274853982.802898, 72
274854134.91301, 69
274854302.837831, 32
274854574.607191, 83
274854790.998438, 84
274855014.988269, 73
274855836.136079, 8
274856207.635536, 85
274856502.663943, 68
274856862.872053, 69
274856998.786002, 78
274857158.837591, 84
274857302.762649, 32
274857470.750722, 87
274857662.996838, 65
274857830.564339, 78
274857998.660607, 84
274858270.975656, 83
274858400.252564, 32
274858534.760261, 84
274858694.978026, 79
274858824.270748, 32
274859606.936821, 80
274859790.578421, 65
274860054.520602, 85
274860771.853003, 8
274861119.245612, 85
274861414.82692, 32
274861638.691079, 84
274862030.771629, 72
274862214.515043, 69
274862494.684459, 66
274862966.977369, 32
274863166.682248, 78
274863366.635697, 79
274863542.629054, 84
274863654.800687, 32
274863799.263389, 83
274863920.66235, 72
274864095.092712, 79
274864206.621004, 87
274864375.808095, 32
274864734.606348, 73
274864966.761813, 80
274865126.612549, 32
274865278.732093, 84
274865422.54535, 72
274865587.628817, 65
274865822.772947, 84
274865942.715998, 32
274866142.707731, 73
274866286.748752, 83
274866398.605234, 32
274866822.586242, 84
274866966.50381, 72
274867086.692934, 69
274867183.058181, 73
274867302.636422, 82
274867422.522602, 32
274867702.657895, 77
274867846.665902, 79
274868038.717268, 78
274868150.59733, 69
274868358.817949, 85
274868574.768373, 32
274868998.582097, 78
274869214.53252, 79
274869438.637758, 84
274869598.482669, 32
274869822.598726, 77
274869975.05617, 73
274870158.722461, 78
274870278.541782, 69
274870446.61752, 190
274870758.589742, 32
274871006.450057, 16
274871142.371218, 16
274871343.019886, 73
274871527.924033, 32
274871742.654355, 87
274871942.560919, 65
274872635.678, 8
274872810.202409, 8
274873032.121009, 65
274873231.717138, 77
274873455.284733, 32
274874007.083411, 72
274874813.068454, 8
274875039.177233, 71
274875327.047879, 85
274875870.875396, 78
274876030.579376, 78
274876174.615125, 65
274876302.599803, 32
274876446.440525, 83
274876617.010008, 72
274876798.412536, 79
274876942.565358, 87
274877102.658838, 32
274877510.900319, 73
274877807.135788, 80
274877982.951873, 32
274878814.919967, 66
274878971.647488, 69
274879298.622961, 67
274879551.440804, 65
274879958.645837, 85
274880102.472965, 83
274880278.616131, 69
274880366.400443, 32
274880639.155483, 16
274881146.130561, 16
274881176.169242, 16
274881208.700836, 16
274881239.281599, 16
274881269.821026, 16
274881301.793337, 16
274881310.20449, 79
274881558.887638, 32
274882043.913378, 8
274882186.165028, 8
274882470.494662, 16
274882663.193252, 73
274882950.806173, 32
274883406.603582, 80
274883630.46996, 76
274883766.302347, 65
274883942.565913, 66
274884222.497301, 32
274884494.594019, 84
274884662.275264, 79
274884950.517377, 32
274885630.823951, 71
274885983.984992, 69
274886294.697164, 32
274886780.384001, 8
274886982.909982, 84
274887142.615627, 32
274887304.070138, 69
274887662.535208, 86
274887854.645941, 69
274888014.374889, 82
274888598.80753, 85
274889230.731458, 32
274889658.231285, 67
274889881.861578, 69
274889990.423398, 78
274890166.882269, 84
274890326.828716, 32
274890542.515034, 79
274890766.436064, 70
274890870.326101, 32
274891095.216443, 77
274891702.849871, 89
274891934.329814, 32
274892350.592115, 69
274892550.291168, 68
274892782.434703, 73
274892942.546493, 67
274893158.567105, 65
274893667.456394, 84
274894543.147833, 80
274895550.576635, 77
274895814.330723, 32
274896502.608458, 70
274896710.409338, 80
274896862.327752, 82
274898043.760242, 8
274898265.787868, 8
274898526.723351, 82
274898694.323866, 79
274898927.131272, 77
274899486.94106, 32
274899742.330881, 84
274899894.267882, 72
274900094.884924, 65
274900326.277201, 84
274900390.798861, 32
274900646.413948, 80
274900822.277194, 82
274900960.136424, 79
274901126.628916, 70
274901446.176974, 69
274901694.169342, 83
274902190.677017, 83
274902406.332819, 79
274902528.213383, 82
274902782.29627, 190
274903006.342695, 32
