new stimulus
273576742.265132, 38
273577330.334773, 40
273579055.3193, 8
273579283.29263, 8
273579472.915167, 8
273579665.290839, 8
273579856.662798, 8
273580169.598506, 8
273580660.539435, 8
273580686.051979, 8
273580715.799922, 8
273580746.17567, 8
273580779.311211, 8
273580811.774281, 8
273581294.80092, 8
273581296.120616, 8
273581296.52149, 8
273581297.220593, 8
273581297.703585, 8
273581748.621699, 8
273581749.199291, 8
273581749.569371, 8
273595345.660109, 122
new stimulus
new stimulus
273697655.437925, 38
273705712.013391, 73
273705879.890218, 70
273706575.029982, 32
273706782.039932, 77
273707025.522253, 73
273707208.894754, 78
273707673.617655, 32
273707827.501325, 16
273707970.521988, 190
273709456.567531, 32
273712072.104707, 37
273712208.623713, 37
273712348.484819, 37
273712465.894453, 37
273713332.153273, 39
273713775.754386, 8
273713925.526664, 8
273714046.389091, 8
273714368.663928, 78
273714648.021052, 73
273714938.093873, 77
273715568.400432, 50
273716612.9025, 8
273716992.205278, 49
273717555.173237, 39
273717729.881576, 39
273718257.426374, 39
273718407.494939, 32
273719023.564487, 78
273719615.637047, 72
273719790.776778, 77
273720549.153461, 8
273720724.45687, 8
273721416.554981, 85
273721551.343151, 77
273722111.627054, 32
273722279.245046, 50
273723319.457063, 32
273723888.301648, 82
new stimulus
273742704.813462, 70
273743551.305422, 8
273747456.535073, 68
273748413.297771, 8
273749344.466918, 70
273749869.447783, 8
273750833.015084, 83
273751421.875099, 8
273751848.625055, 65
273752416.157713, 8
273753441.768186, 88
273755503.840766, 49
new stimulus
273780565.468361, 90
273781513.181282, 8
273788841.7572, 88
273790217.03542, 80
273791168.321256, 8
new stimulus
273805858.052959, 67
273806918.80612, 65
273807176.748499, 83
273807825.857323, 69
273808779.500968, 32
273808955.366711, 16
273809106.55717, 59
273809863.346445, 8
273810145.739952, 16
273810370.628352, 80
273810907.41296, 8
273811495.267599, 221
273811942.274343, 8
273812856.034438, 67
273813008.678309, 79
273813206.720321, 87
273814800.299837, 13
273815366.864292, 67
273815718.481204, 80
273816206.51059, 79
273816382.482309, 84
273817438.570622, 32
273817974.295202, 16
273818158.153191, 16
273818320.446349, 188
273818487.034829, 188
273819126.469121, 32
273819286.340387, 16
273819407.814529, 222
273820854.714742, 16
273820991.706751, 77
273821726.572489, 69
273821966.297963, 69
273822737.365308, 39
273823336.344284, 32
273824304.267663, 16
273824526.870107, 67
273824790.390329, 67
273825643.5762, 8
273825826.513148, 8
273826110.616961, 16
new stimulus
273842351.623292, 73
273842455.710575, 70
273844094.16973, 32
273846694.267826, 88
273847683.810133, 8
273848456.375001, 90
273849067.403517, 8
273855464.687391, 68
273856635.501005, 8
273857006.578503, 67
273857387.2953, 8
273857575.512141, 65
273858528.201454, 32
273859137.615376, 8
273859663.113632, 219
273860919.641715, 76
273861102.712658, 69
273861432.342502, 78
273862006.739131, 71
273862285.901505, 84
273862413.552999, 72
273862926.103979, 16
273863435.887953, 16
273863465.025291, 16
273863496.7654, 16
273863521.968618, 73
new stimulus
273880231.282418, 73
273880391.26271, 70
273881317.899894, 32
273882904.603787, 65
273883183.244886, 70
273884053.739105, 69
273884509.680218, 32
273885207.387243, 16
273885462.272711, 188
273886323.251639, 8
273886606.023549, 16
273886822.267485, 190
273888318.350427, 61
273888931.672945, 32
273889255.39093, 54
273889743.15954, 51
273890053.584026, 13
273890542.12054, 82
273890741.438415, 69
273891037.363449, 83
273891293.417418, 84
273891477.57419, 82
273892208.891979, 78
273892653.366694, 32
273894934.091786, 84
273895085.358535, 82
273895269.354403, 69
273896452.470566, 13
273896699.702797, 13
273897783.409009, 69
273898394.420048, 8
273898681.090844, 8
273899073.267105, 8
273899425.498783, 8
273899593.0108, 8
273900158.039448, 82
273900325.394167, 69
273900709.549053, 83
273900965.560576, 84
new stimulus
273921839.179952, 68
273922457.056626, 69
273922849.214299, 8
273923025.924792, 8
273923173.997307, 70
273923386.139006, 69
273923805.672943, 67
273924451.241032, 8
273924654.404529, 86
273924901.199266, 69
273925237.794341, 82
273925605.282555, 32
273926061.654782, 61
273926661.523173, 32
273926901.169582, 84
273927117.186864, 82
273928461.895418, 85
273929661.620271, 87
273931479.839894, 76
273932416.436522, 8
273932919.985163, 219
273935468.54189, 8
new stimulus
273942314.700388, 8
273943195.158767, 8
273943333.371709, 8
273943847.39996, 8
273943868.8197, 8
273943900.044082, 8
273943930.547999, 8
273943961.770716, 8
273943995.433081, 8
273944026.059064, 8
273944058.286049, 8
273944196.476798, 8
273944406.506207, 8
273944571.973903, 8
273944729.564483, 8
273944881.53422, 8
273945037.66029, 8
273945187.965773, 8
273945346.772016, 8
273945513.352173, 8
273950284.127948, 57
273951179.342671, 8
273952462.563727, 48
273953122.530841, 8
273953870.036195, 57
273954466.50062, 8
273955037.906918, 73
273955149.724006, 73
273955773.992757, 66
273955917.818776, 84
273956117.278136, 32
273957287.258098, 81
273958245.431486, 32
273958821.374741, 61
273959637.721212, 32
273960565.523013, 49
273961493.469628, 59
273961628.91085, 32
273961812.953047, 32
273963333.434962, 79
273964051.598795, 8
273964293.513405, 84
273965275.214107, 8
273966408.184054, 89
273968373.499945, 32
273968653.101478, 16
273968837.619176, 190
273969645.395532, 32
273969981.913206, 51
new stimulus
273995087.253604, 67
273995649.797939, 8
273996230.039568, 83
273997173.413334, 16
273997309.178029, 53
273997889.833571, 8
273998332.914796, 16
273998421.198467, 54
273998914.227273, 8
273999080.280051, 8
273999325.274599, 88
274000261.122465, 16
274000469.065662, 54
274000977.635361, 8
274001276.875031, 16
274001421.766905, 52
274001716.172222, 13
274002256.75529, 8
274003048.748286, 8
274003177.75776, 8
274003329.453404, 8
274003488.353137, 8
274003792.804731, 8
274004066.451128, 8
274004528.859776, 8
new stimulus
274021230.518121, 73
274021428.861136, 70
274022341.001087, 32
274023596.93521, 82
274024402.173711, 8
274025077.667847, 82
274025970.70897, 8
274026429.204584, 69
274026897.528698, 8
274027076.947938, 88
274028580.998713, 16
274029004.838236, 16
274029175.628547, 52
274029834.298715, 8
274030156.608507, 16
274030229.198425, 53
274031500.812152, 188
274032290.062833, 8
274032716.773395, 53
274033606.92406, 8
274033869.379815, 52
274034605.826857, 8
274034860.801654, 51
274035996.809094, 32
274038461.098107, 82
274038636.788243, 69
274039356.753654, 84
274040197.338193, 56
274040572.874969, 82
274041113.732408, 8
274041280.58638, 8
274041635.464386, 79
new stimulus
274072423.623134, 70
274072890.263853, 8
274073229.396782, 68
274073890.044412, 8
274075261.651508, 82
274075769.586744, 8
new stimulus
274099699.772985, 8
274100064.453136, 8
274100572.934615, 8
274100604.382044, 8
274100636.703906, 8
274100666.976176, 8
274100704.669203, 8
274100729.897389, 8
274100760.562489, 8
274100793.089366, 8
274101040.176506, 8
274101424.597717, 8
274101640.25019, 8
274101832.492421, 8
274101993.471154, 8
274102161.458118, 8
274102336.135386, 8
274102496.194466, 8
274102708.431321, 8
274103129.331837, 8
274103692.649347, 67
274104145.411207, 8
274104428.940478, 75
274105188.459029, 16
274105711.311514, 16
274105736.387118, 173
274106306.630464, 8
274106604.99792, 16
274107105.345946, 16
274107135.501699, 16
274107168.643343, 16
274107199.626645, 16
274107230.038181, 16
274107266.099967, 16
274107269.801052, 61
274107846.256428, 49
new stimulus
274128869.118483, 73
274130036.317014, 61
274130652.557177, 49
274131780.25611, 32
274133685.69466, 73
274136682.096776, 16
274136682.555909, 16
274136683.597628, 16
274136683.917495, 16
274136684.222382, 16
274136685.656653, 16
274136686.512222, 16
274136710.149394, 16
274136752.80522, 16
274136775.8906, 16
274136822.48859, 16
274136853.254671, 16
274136885.380674, 16
274136916.578978, 16
274136946.887035, 16
274136977.984635, 16
274137009.947792, 16
274137040.913339, 16
274137087.462225, 16
274137122.386859, 16
274137124.328812, 188
274139628.344354, 57
274140172.100574, 54
274140713.698729, 8
274141061.198978, 55
274142203.90227, 8
274142620.071913, 57
274143145.644241, 8
274143692.777239, 56
274143699.988542, 73
274144441.16951, 8
274145648.097621, 39
274146480.392518, 37
274146983.710622, 37
274147011.377624, 37
274147042.592018, 37
274147073.823336, 37
274147105.19059, 37
274147135.977477, 37
274147477.890451, 37
274147652.079734, 37
274148099.666289, 39
274148384.330216, 8
274149269.120536, 73
274150121.100732, 8
274150396.183063, 75
new stimulus
274179373.682766, 66
274182708.021291, 16
274183051.687848, 53
274183568.805746, 8
new stimulus
274203173.374217, 84
274203929.182806, 8
274204244.260766, 89
274204963.844999, 16
274205147.47578, 188
274206851.438667, 88
274207657.367949, 8
274207827.669997, 90
274208331.633662, 32
274208579.592461, 16
274208851.816239, 65
274209012.48315, 78
274209211.426783, 68
274209788.067199, 32
274213755.83744, 89
274214867.49612, 16
274215059.044797, 32
274215996.380754, 8
274216267.362237, 16
274216403.813551, 190
new stimulus
274235340.758898, 85
274236216.931942, 8
274237172.197117, 73
274238452.293848, 16
274238955.765366, 16
274238986.430466, 16
274239017.209308, 16
274239034.800349, 219
274239672.06548, 8
274239995.0114, 16
274240291.889933, 80
274240752.856265, 8
274241352.729927, 16
274241555.179618, 16
274241843.620365, 173
274242107.079277, 173
274242400.558283, 8
274242575.973771, 8
274242852.062589, 16
274243099.975059, 61
274243275.167222, 61
