new stimulus
274997822.469725, 67
274998549.04055, 74
274999710.581895, 57
275000510.920571, 8
275000513.910346, 65
275001161.622629, 8
275001360.859497, 65
275002030.940301, 8
275004306.969751, 79
275004860.529781, 84
275005369.190197, 72
275005567.824505, 73
275006744.051729, 66
275006879.509041, 70
275007533.74462, 8
275007710.403235, 8
275008000.167007, 78
275008185.415712, 70
275008407.356505, 32
275009549.03306, 8
275010635.358965, 8
275011463.837648, 72
275011931.58195, 8
275012183.685987, 68
275013263.135992, 8
275014526.240914, 74
275014635.456618, 8
275014890.240827, 68
275015408.594916, 8
275017635.510438, 72
275018501.672437, 8
new stimulus
275032063.975415, 87
275032567.57649, 79
275033062.462079, 82
275033485.491531, 75
new stimulus
275067988.026473, 67
275068625.300759, 72
275069120.954253, 65
275069303.544979, 66
275069546.007775, 70
275070259.757272, 8
275070415.220859, 8
275071048.233946, 78
275071402.79791, 71
275071719.180307, 69
new stimulus
275104613.307259, 68
275105865.039273, 85
275106065.169162, 83
275106271.919168, 83
275106684.535591, 8
275106836.689536, 8
275106986.852702, 8
275107343.532839, 85
275107606.519302, 83
275108044.532584, 8
275108218.240818, 8
275109394.445016, 8
275111175.619947, 68
275112343.735357, 73
275112886.558884, 83
275113069.889217, 83
275113294.078791, 69
275113477.826366, 78
275114931.755339, 8
275115271.723863, 77
275115591.564878, 69
275116134.517129, 78
275116525.686903, 65
275116862.656774, 84
275116933.733911, 84
275117221.9874, 69
275117558.796089, 8
275117731.691476, 8
275117894.852132, 69
275118071.818685, 32
275119251.337242, 8
new stimulus
275141015.610526, 68
275141533.739349, 73
275141982.079936, 66
275142555.148269, 8
275142721.650471, 8
275143758.634407, 73
275144419.048726, 8
275144758.974804, 79
275145645.814439, 66
275146029.430294, 65
275146474.228205, 8
275146625.215313, 8
275147150.658086, 86
275147694.676469, 8
275148044.414125, 78
275148598.002729, 65
275148926.171115, 84
275149086.671573, 69
new stimulus
275175649.346851, 82
275175837.337871, 69
275176589.844585, 83
275176837.334819, 69
275177422.870489, 66
275177813.204391, 68
275178554.531838, 8
275178737.434941, 8
275179472.459363, 78
275179698.221087, 70
275180483.736838, 8
275180656.224416, 68
new stimulus
275210207.297914, 66
275210675.64117, 65
275210933.574394, 83
275211238.222125, 69
275211445.836577, 77
275211901.329932, 69
275212005.065445, 78
275212245.141303, 84
new stimulus
275251175.366938, 67
275252205.005854, 73
275252436.878349, 78
275253098.552718, 8
275253280.999462, 8
275253797.447941, 79
275254469.133353, 78
275255037.524354, 80
275255537.956438, 8
275255688.759616, 8
275256013.002761, 77
275256885.268318, 80
275257426.838731, 73
275257698.175868, 76
275257871.514021, 69
275258102.651903, 68
new stimulus
275280854.482817, 84
275281614.906596, 73
275282191.470998, 77
275282383.919077, 69
275282547.800752, 32
275282741.058625, 65
275282874.677185, 65
275283036.564197, 79
275283746.232819, 8
275283912.308624, 8
275284229.36682, 80
275284796.945252, 65
275285181.58951, 82
275285670.508311, 84
new stimulus
275313670.182618, 68
275314276.736043, 69
275314897.509279, 88
275315865.390489, 8
275316072.640409, 67
275317004.690093, 85
275317397.004787, 83
275317833.077504, 8
275318000.362035, 8
275318372.761448, 73
275319037.762936, 83
275319397.132678, 73
275319524.167741, 79
275319892.193044, 78
new stimulus
275354038.302244, 68
275354556.460197, 69
275354820.236757, 75
275355356.445161, 73
275355532.29842, 70
275355772.09103, 69
275356020.762804, 82
275356993.571026, 8
275357151.924516, 8
275357319.989158, 8
275357660.758321, 66
275358346.016319, 8
275358782.473265, 66
275359241.419412, 8
275359428.89942, 67
275360009.200694, 8
275360517.004154, 78
275361073.0546, 8
275361821.142262, 86
275362132.05501, 69
275362772.096301, 82
275363212.035169, 69
275363427.925392, 68
new stimulus
275385973.360846, 80
275386948.171776, 73
275388024.984887, 8
275388572.708793, 85
275389187.99407, 76
275389347.867555, 76
new stimulus
275429381.249169, 86
275430361.080324, 8
275430797.731188, 66
275431460.778517, 69
275432620.014209, 71
275433220.00744, 73
275433451.573661, 66
275434360.906381, 8
275434868.269572, 78
275435075.637952, 83
new stimulus
275470013.298492, 86
275470907.928688, 8
275471070.621055, 66
275471340.099466, 79
275471579.080341, 79
275471883.293352, 74
275472115.406094, 83
275472544.575168, 8
275472710.597708, 8
275472995.814814, 75
275473216.07776, 83
new stimulus
275493301.188003, 73
275493867.313577, 67
275494404.503776, 72
275495367.364484, 221
275496187.281651, 8
275496375.009397, 8
275496639.251471, 8
275497773.466211, 18
275498692.026258, 88
275499456.986438, 8
275499659.592872, 67
275501187.838714, 84
275501872.537707, 8
275502411.680124, 89
new stimulus
275527702.38935, 84
275528612.201178, 65
275528788.123515, 74
275530056.452845, 8
275530683.881985, 73
275531256.486746, 8
275531555.662332, 75
275532131.010239, 83
275532552.007576, 8
275532683.293851, 69
275532834.796687, 83
new stimulus
275562139.963752, 86
275563720.493622, 8
275564555.50975, 75
275565351.728712, 8
275565731.274511, 75
275565737.93541, 76
275566431.958828, 8
275566606.766207, 8
275567010.964265, 76
275567330.690705, 65
275568579.17938, 89
275570146.823839, 69
275570530.406958, 82
