new stimulus
2417500164.218432, 73
2417500199.757923, 70
2417500467.955173, 16
2417500637.438489, 57
2417508611.005599, 65
2417508853.124779, 219
2417509319.899807, 48
2417510096.745637, 220
2417510780.926961, 8
2417511383.566394, 221
2417512545.208978, 32
2417512807.729652, 61
2417512967.438617, 61
2417513261.72531, 32
2417513991.503724, 66
2417514269.880637, 219
2417516134.49062, 66
2417516415.268884, 190
2417516654.243227, 68
2417516797.397963, 73
2417516961.503207, 90
2417517112.234571, 69
2417517675.604041, 8
2417517829.441125, 8
2417517981.646978, 8
2417518157.262948, 8
2417518304.159807, 83
2417518389.434945, 73
2417518549.722052, 90
2417518677.484951, 69
2417519303.637425, 173
2417519885.62846, 49
2417520197.670335, 221
2417521445.731027, 16
2417521774.127111, 173
2417522389.976469, 8
2417522581.056683, 16
2417522685.757904, 48
2417523159.686215, 32
new stimulus
2417545478.42696, 73
2417545597.895544, 78
2417545711.579082, 84
2417545797.67788, 32
2417546004.788553, 65
2417546204.951232, 66
2417546349.476424, 79
2417546884.336513, 8
2417547045.085526, 83
2417547136.053884, 79
2417547361.270674, 76
2417547717.410736, 85
2417548020.941354, 65
2417548125.18927, 84
2417548229.138682, 69
2417548444.611359, 16
2417548557.024866, 86
2417548946.177952, 8
2417549088.979254, 8
2417549248.857444, 8
2417549425.33425, 8
2417549702.327945, 84
2417549758.386279, 69
2417549964.955982, 16
2417550028.509381, 86
2417550224.572343, 65
2417550311.034839, 76
2417550429.34991, 85
2417550558.656375, 69
2417550693.606403, 59
new stimulus
2417577161.272782, 88
2417577421.607107, 16
2417577750.04508, 61
2417577944.30148, 61
2417578349.129649, 59
new stimulus
2417615231.378851, 66
2417615435.977205, 32
2417615603.276112, 61
2417615740.617504, 32
2417616757.173119, 84
2417616844.121379, 69
2417616893.731909, 77
2417616996.233464, 80
2417617300.715911, 59
2417618585.632732, 8
2417619093.048456, 8
2417619125.366819, 8
2417619156.434016, 8
2417619186.554101, 8
2417619218.044364, 8
2417619400.062086, 8
2417619585.236853, 8
2417619769.573255, 8
2417620605.102371, 65
2417620755.634546, 32
2417620947.767848, 61
2417621083.641963, 32
2417621331.876044, 66
2417621540.023436, 59
2417621941.82051, 13
2417623053.351543, 66
2417623228.106678, 32
2417623395.736271, 61
2417623509.291085, 32
2417623683.650342, 84
2417623756.135567, 69
2417623805.505851, 77
2417623899.834047, 80
2417624148.87764, 59
new stimulus
2417659077.411656, 75
2417659878.371698, 32
2417660171.803382, 61
2417660379.691941, 32
2417660524.056507, 48
2417660785.327403, 59
2417660948.333508, 32
2417661172.388739, 75
2417661275.506444, 32
2417661395.673851, 16
2417661483.176119, 188
2417661581.803221, 32
2417661963.305885, 57
2417662499.837154, 55
2417663035.632704, 59
2417663158.075235, 32
2417663451.020601, 75
2417663603.144893, 16
2417663755.965509, 61
2417663948.514941, 61
new stimulus
2417689597.081871, 70
2417689780.568257, 69
2417690355.568021, 86
2417690516.050433, 69
2417690627.864989, 82
2417690714.698674, 32
2417691283.08113, 61
2417691482.779131, 32
2417691667.811858, 84
2417691884.391442, 82
2417691955.088694, 85
2417692098.510308, 69
2417692183.73218, 59
new stimulus
2417722907.561869, 16
2417723420.048282, 16
2417723450.742626, 16
2417723481.888611, 16
2417723512.819872, 16
2417723543.738372, 16
2417723574.880751, 16
2417723607.419663, 16
2417723638.213601, 16
2417723669.47638, 16
2417723716.07995, 16
2417723747.653439, 16
2417723778.418249, 16
2417723793.812582, 57
2417725387.767093, 8
2417726396.320795, 16
2417726437.52521, 57
2417727365.687761, 88
2417727821.669471, 32
2417728123.363012, 191
2417728278.569998, 32
2417728611.661698, 51
2417728978.683573, 32
2417731550.423093, 8
2417732118.409116, 16
2417732265.434698, 48
2417733208.482793, 8
2417733587.465648, 32
2417733746.250247, 61
2417733930.359442, 61
2417734098.381307, 32
2417734314.346406, 48
2417734636.627867, 16
2417734741.96438, 48
2417735134.020115, 32
2417735275.23596, 16
2417735393.910845, 191
2417735563.67491, 32
2417736706.591341, 49
2417738072.740453, 8
2417738298.655787, 48
2417738682.326214, 16
2417738810.104371, 59
2417738961.989248, 32
2417739277.654788, 49
2417740720.095055, 8
2417741223.982547, 8
2417741254.948485, 8
2417741286.321123, 8
2417741317.04959, 8
2417741350.196053, 8
2417741380.41046, 8
2417741410.751093, 8
2417741441.969485, 8
2417741473.235037, 8
2417741520.440887, 8
2417741549.958415, 8
2417741580.758456, 8
2417741612.135532, 8
2417741643.239903, 8
2417741674.555115, 8
2417741942.5529, 8
2417742086.889168, 8
new stimulus
2417763676.678768, 77
2417763794.251184, 65
2417764098.533889, 88
2417764274.881139, 32
2417764586.001423, 16
2417764850.741739, 188
2417765081.682543, 32
2417766330.473129, 88
2417766978.463857, 219
2417767226.553679, 73
2417767521.883473, 221
2417768241.977419, 219
2417768619.896922, 74
2417769041.950675, 221
new stimulus
2417789933.65159, 67
2417790082.971993, 79
2417790521.61715, 85
2417790769.5469, 78
2417790897.525077, 84
2417791058.878034, 32
2417791265.8647, 61
2417791401.360414, 32
2417793097.826189, 49
2417793333.142468, 59
2417793588.801982, 32
2417794401.891119, 67
2417794473.868111, 79
2417794538.290946, 85
2417794745.428528, 78
2417794881.468819, 84
2417794940.103555, 32
2417795051.193212, 16
2417795137.197688, 188
2417795585.838578, 61
2417795761.685084, 32
2417795955.9634, 52
2417796042.541303, 48
2417796289.443766, 59
2417796409.518515, 32
2417796921.705869, 67
2417796977.951461, 79
2417797065.579955, 85
2417797258.539415, 78
2417797353.769227, 84
2417797417.315969, 32
2417797562.604345, 16
2417797823.762608, 8
2417798058.220825, 61
2417798249.329613, 61
new stimulus
2417830691.008084, 88
2417831338.100247, 50
2417831698.121143, 219
2417832249.913029, 73
2417832745.12503, 221
2417833337.406419, 219
2417833665.553101, 74
2417834001.157398, 221
2417834417.887455, 32
2417834577.718206, 61
2417834784.998105, 32
2417835433.401911, 88
2417835753.260383, 49
2417835912.76461, 219
2417836169.431993, 73
2417836463.817448, 221
2417837034.987424, 219
2417837249.700247, 74
2417837505.669917, 221
2417838034.045027, 59
new stimulus
2417872266.791006, 16
2417876467.960722, 53
2417876563.704039, 48
2417876984.747705, 32
2417877081.132141, 16
2417877368.925534, 55
2417877808.940037, 32
new stimulus
2417896209.682637, 88
2417896512.348535, 32
2417896625.799317, 16
2417896744.626228, 188
2417896904.399832, 32
2417899748.358087, 8
2417899893.619276, 8
2417900052.522611, 8
2417900220.599128, 8
2417900873.417525, 89
2417901272.539156, 32
2417901440.255027, 16
2417901584.609051, 190
2417901792.160544, 32
2417903624.619171, 90
2417903888.095004, 32
2417904144.122655, 16
2417904448.628406, 55
2417904673.748654, 55
2417904921.888689, 32
2417905865.91802, 89
2417906056.301076, 32
2417906232.62863, 16
2417906360.093856, 190
2417906528.651421, 32
2417907512.318851, 88
new stimulus
2417922529.315843, 68
2417923581.374052, 8
2417923960.35552, 67
2417924073.412365, 65
2417924136.395943, 83
2417924279.908274, 69
2417924456.173962, 32
2417924896.210382, 16
2417925164.839299, 222
2417926240.632762, 67
2417926288.152652, 79
2417926440.654789, 87
2417926657.150593, 16
2417926977.324769, 222
2417927344.706181, 59
2417928495.943004, 13
2417929104.511465, 67
2417929270.360297, 79
2417929345.563133, 85
2417929495.741875, 84
2417929679.76174, 32
2417929769.440093, 16
2417929879.825103, 188
2417930032.449583, 188
2417930248.623024, 32
2417930463.531705, 222
2417930795.008542, 77
2417931107.322843, 79
2417931264.417953, 79
2417931594.528216, 16
2417931823.943763, 49
2417932336.363873, 13
2417933078.367092, 8
2417933560.0432, 16
2417933712.844396, 222
2417934096.419391, 32
2417934280.053919, 16
2417934388.695342, 188
2417934540.485064, 188
2417934639.97633, 32
2417934753.500351, 69
2417934887.633377, 78
2417935023.642319, 68
2417935166.410885, 76
2417935369.971964, 59
2417937080.325403, 13
2417937272.234271, 66
2417937480.03905, 82
2417937527.631068, 69
2417937575.413953, 65
2417937671.604471, 75
2417937815.828108, 59
new stimulus
2417960265.897158, 82
2417960344.281451, 69
2417960511.568707, 84
2417960567.716092, 85
2417960711.760515, 82
2417960823.758169, 78
2417960960.577733, 32
2417962423.908586, 65
2417962599.747603, 71
2417962759.586954, 69
2417962880.824649, 32
2417963023.331053, 16
2417963192.473419, 55
2417963487.460599, 32
2417964103.670327, 16
2417964132.130327, 8
2417964283.268944, 8
2417964439.915187, 53
2417964799.386512, 32
2417965336.189376, 54
2417965607.285114, 53
2417965855.768041, 59
2417972292.712888, 8
2417972443.022018, 8
2417972895.72989, 52
2417973567.475291, 16
2417974015.485605, 59
new stimulus
2417994504.246196, 13
2417995302.508879, 38
2417996138.174762, 37
2417996773.383069, 13
2418000463.766958, 73
2418000544.805331, 70
2418000687.074263, 16
2418000750.581889, 57
2418001071.158324, 78
2418001254.917692, 85
2418001470.866422, 77
2418002039.223356, 49
2418002214.876223, 32
2418002390.897505, 16
2418002494.93791, 188
2418002567.644241, 32
2418002831.064867, 78
2418003014.663886, 85
2418003214.777739, 77
2418003430.669321, 50
2418003726.947616, 16
2418003814.939253, 48
2418004710.953776, 13
2418005271.799276, 82
2418005343.044433, 69
2418005486.903817, 84
2418005551.050619, 85
2418005670.84212, 82
2418005783.00262, 78
2418005895.188365, 32
2418006062.656777, 78
2418006246.818127, 85
2418006439.444127, 77
2418006622.988771, 49
2418006774.663641, 59
2418007125.64091, 13
2418007479.662035, 69
2418007606.757738, 76
2418007714.472022, 83
2418007791.352141, 69
2418008179.896289, 8
2418008322.466777, 8
2418008474.501739, 8
2418008627.015528, 8
2418008752.51218, 82
2418008831.816676, 69
2418008974.760295, 84
2418009038.897109, 85
2418009198.811087, 82
2418009271.216138, 78
2418009398.672488, 32
2418009758.812674, 78
2418009950.721543, 85
2418010134.893712, 77
2418010294.703934, 50
2418010424.569124, 59
new stimulus
2418034936.170567, 73
2418035142.782437, 16
2418035526.887027, 61
2418036534.665894, 8
2418036863.113855, 32
2418036998.364884, 61
2418037158.82427, 32
2418037566.902418, 73
2418037718.331217, 16
2418037838.371287, 61
2418038191.134033, 50
new stimulus
2418073185.264095, 75
2418073462.176507, 16
2418073646.236598, 61
2418074302.25282, 49
