new stimulus
2416142372.912897, 82
2416142461.418872, 69
2416142877.563849, 80
2416143185.688549, 76
2416143239.716721, 65
2416143535.209638, 67
2416143735.566512, 69
2416147085.084549, 13
2416147898.236383, 8
new stimulus
2416180358.481767, 70
2416180477.925106, 79
2416180629.797777, 82
2416180907.385984, 67
2416181074.17527, 69
new stimulus
2416224112.550553, 79
2416224294.486436, 82
2416224474.565546, 68
2416224694.986015, 69
2416224775.587728, 82
new stimulus
2416258441.129178, 37
2416270217.924795, 83
2416271452.590246, 8
new stimulus
2416294165.71456, 68
2416294291.843453, 79
2416294716.398151, 90
2416294949.02373, 69
2416295131.262834, 78
2416295292.836063, 83
new stimulus
2416331239.037873, 79
2416332533.155063, 66
2416333364.267924, 84
2416333509.065543, 65
2416333637.23403, 73
2416333868.27748, 69
2416334569.429718, 8
2416335656.558578, 8
2416335823.949312, 8
2416335969.087603, 8
2416336096.154177, 8
2416336663.61532, 8
2416336893.043351, 71
2416337050.970444, 65
2416337187.237387, 84
2416337299.930811, 72
2416337499.729237, 69
2416337619.769863, 82
2416337756.431298, 69
2416337962.602624, 68
new stimulus
2416373965.219531, 80
2416374130.625322, 79
2416374298.60169, 82
2416374658.445314, 84
2416374890.729388, 82
2416375098.318333, 65
2416375258.923087, 89
2416375426.559893, 69
2416375626.507571, 68
2416385096.043208, 8
new stimulus
2416394239.691475, 73
2416394491.563924, 83
2416394730.223118, 83
2416394875.320351, 85
2416395122.101581, 69
new stimulus
2416432397.257644, 86
2416432627.13898, 73
2416432971.604638, 83
2416433170.018737, 73
2416433394.48566, 84
new stimulus
2416465676.258476, 67
2416465881.848329, 72
2416466057.857682, 65
2416466162.77862, 78
2416466322.872643, 71
2416466505.369748, 69
new stimulus
2416503852.223441, 67
2416503979.006768, 76
2416504144.977665, 79
2416504377.260906, 84
2416504489.362038, 72
2416504658.330739, 69
2416504721.336511, 83
new stimulus
2416531474.266486, 84
2416531544.835848, 65
2416531789.595793, 75
2416531944.554487, 69
new stimulus
2416562186.508326, 68
2416562304.35955, 79
2416562496.396864, 65
2416563083.833938, 8
2416563361.871844, 78
2416563520.122132, 65
2416563705.937462, 84
2416563825.679028, 69
2416564024.542548, 68
new stimulus
2416603899.000399, 66
2416604087.858198, 79
2416604338.050589, 79
2416605461.652182, 8
2416605661.404279, 8
2416605795.870764, 8
2416606280.386823, 83
2416606607.405515, 76
2416606997.334545, 8
2416607304.317382, 69
2416607455.700683, 76
2416607559.58934, 69
2416607743.539573, 67
2416608127.702144, 84
2416608210.263832, 73
2416608279.765125, 79
2416608363.263107, 78
2416609312.159224, 8
2416609823.699079, 8
2416609853.533142, 8
2416609883.845201, 8
2416609921.557726, 8
2416609946.456204, 8
2416610131.069472, 8
2416610283.267834, 8
2416610443.139089, 8
2416610623.925342, 67
2416610743.532915, 79
2416610975.766498, 76
2416611127.41113, 76
2416611201.483755, 69
2416611241.129622, 67
2416611537.422343, 84
2416611648.796911, 73
2416611687.577227, 79
2416611751.7293, 78
new stimulus
2416637585.517325, 87
2416637661.122975, 79
2416637855.709228, 82
2416637999.049835, 75
new stimulus
2416669064.076337, 76
2416669169.784039, 65
2416669863.117184, 89
2416670102.687427, 69
2416670207.861927, 82
new stimulus
2416706551.451213, 83
2416706742.35471, 80
2416706991.275129, 82
2416707062.755816, 69
2416707150.390691, 65
2416707343.613145, 68
2416707622.23502, 83
