new stimulus
2416818610.553681, 16
2416819118.138909, 16
2416819146.190824, 16
2416819174.542353, 16
2416819210.344284, 16
2416819234.889051, 16
2416819270.211877, 16
2416819302.581285, 16
2416819328.316186, 16
2416819360.165986, 16
2416819405.623533, 16
2416819444.075105, 16
2416819469.975348, 16
2416819501.109681, 16
2416819531.047777, 16
2416819562.213459, 16
2416819603.153493, 16
2416819624.760933, 16
2416819670.113059, 16
2416819701.454903, 16
2416819742.025412, 16
2416819809.784505, 16
2416819810.776006, 16
2416819838.404022, 16
2416819856.099003, 16
2416819910.374356, 16
2416819917.537073, 16
2416819967.902186, 16
2416819999.425462, 16
2416820029.631269, 16
2416820059.508888, 16
2416820091.65969, 16
2416820122.585957, 16
2416820154.947875, 16
2416820193.116479, 16
2416820215.987569, 16
2416820263.285245, 16
2416820294.259784, 16
2416820326.016093, 16
2416820357.117691, 16
2416820387.833674, 16
2416820418.979381, 16
2416820449.855713, 16
2416820480.947601, 16
2416820528.089367, 16
2416820560.311188, 16
2416820590.742538, 16
2416820621.620534, 16
2416820657.113696, 16
2416820727.922193, 16
2416820728.608254, 16
2416820744.705571, 16
2416820782.970994, 16
2416820830.24287, 16
2416820852.937798, 16
2416820883.687904, 16
2416820932.243681, 16
2416820963.442099, 16
2416820978.320708, 16
2416821012.545781, 16
2416821043.862657, 16
2416821076.884003, 16
2416821121.711251, 16
2416821159.244007, 16
2416821183.893362, 16
2416821215.677968, 16
2416821246.011111, 16
2416821276.913243, 16
2416821311.943668, 16
2416821340.098784, 16
2416821386.682657, 16
2416821418.974665, 16
2416821450.839169, 16
2416821480.269308, 16
2416821511.002214, 16
2416821541.817236, 16
2416821573.674527, 16
2416821604.312, 16
2416821635.672431, 16
2416821682.403059, 16
2416821713.403953, 16
2416821744.957746, 16
2416821775.870697, 16
2416821807.198948, 16
2416821838.785476, 16
2416821869.74864, 16
2416821901.118226, 16
2416821933.510383, 16
2416821980.546729, 16
2416822010.369418, 16
2416822041.312609, 16
2416822072.784007, 16
2416822104.718976, 16
2416822135.546204, 16
2416822167.256462, 16
2416822184.058427, 84
2416822382.051956, 72
2416822519.805317, 69
2416822678.826833, 89
2416822854.075777, 32
2416822960.460107, 87
2416823066.060725, 79
2416823117.812662, 85
2416823517.851446, 76
2416823661.720261, 68
2416823782.746561, 32
2416823925.060713, 72
2416824043.109183, 65
2416824090.184368, 86
2416824216.327964, 69
2416824269.997154, 32
2416824397.712613, 84
2416824447.153084, 79
2416824574.204122, 32
2416824672.023654, 76
2416824782.245263, 73
2416824879.726896, 86
2416824972.706274, 69
2416825061.605077, 32
2416825111.451136, 73
2416825183.475844, 78
2416825837.427226, 32
2416826022.2161, 83
2416826213.478857, 69
2416826326.903284, 65
2416826448.830368, 76
2416826653.44176, 69
2416826838.303596, 68
2416826917.540124, 32
2416827093.222398, 79
2416827455.863806, 8
2416827887.032484, 72
2416827999.048448, 79
2416828116.98484, 85
2416828246.722417, 83
2416828365.242501, 69
2416828505.332019, 83
2416828935.970824, 188
2416829164.850118, 32
2416829301.901605, 65
2416829405.977243, 83
2416829518.206266, 32
2416829702.208377, 84
2416829745.071211, 72
2416829840.900806, 69
2416829972.86801, 89
2416830054.854329, 32
2416830917.041045, 65
2416831094.873604, 82
2416831141.334303, 69
2416831222.593503, 32
2416831428.976779, 78
2416831509.947739, 79
2416831608.481628, 87
2416831709.487055, 32
2416831996.916195, 76
2416832126.273151, 73
2416832253.53808, 86
2416832350.908468, 73
2416832413.125534, 78
2416832525.481615, 71
2416832580.983721, 32
2416832628.955251, 73
2416832708.872569, 78
2416832789.115301, 32
2416832879.345998, 65
2416832973.636742, 32
2416833093.822181, 86
2416833280.942219, 65
2416833536.979025, 67
2416834062.797152, 85
2416834262.270441, 85
2416834573.939741, 77
2416834862.412536, 190
2416835101.010698, 32
2416835925.527889, 16
2416836294.970535, 84
2416836407.294158, 72
2416836503.327102, 69
2416836573.923373, 32
2416836724.550149, 67
2416836838.60432, 76
2416836996.706188, 79
2416837086.426986, 84
2416837215.183605, 69
2416837221.095156, 72
2416837388.710045, 83
2416837452.612162, 32
2416837581.959964, 68
2416837667.653173, 79
2416837717.302541, 78
2416838170.438474, 8
2416838352.929198, 8
2416838496.834633, 8
2416838648.711188, 8
2416838809.567563, 8
2416838968.704486, 8
2416839184.579977, 8
2416839397.655742, 72
2416839821.203682, 69
2416839885.141032, 83
2416839980.945937, 32
2416840102.143405, 68
2416840165.115054, 79
2416840220.683186, 78
2416840368.722185, 222
2416840445.079644, 84
2416840508.970387, 32
2416840647.312989, 82
2416840692.903698, 69
2416840756.924828, 65
2416840806.351706, 76
2416840964.506561, 76
2416841173.254013, 89
2416841178.900905, 72
2416841324.739682, 32
2416841564.64283, 77
2416841969.915426, 8
2416842104.871834, 8
2416842283.061988, 8
2416842509.591809, 32
2416842636.754925, 77
2416842772.672873, 65
2416842877.285597, 84
2416843044.866364, 84
2416843150.475027, 69
2416843260.931611, 82
2416843388.503921, 190
2416843580.51821, 190
2416843740.709053, 190
2416844645.145782, 85
2416844860.665065, 78
2416844916.955877, 76
2416845038.070952, 69
2416845092.915294, 83
2416845309.185554, 83
2416845753.605216, 8
2416845944.667675, 8
2416846088.583652, 8
2416846280.582127, 8
2416846425.032417, 8
2416847128.566308, 8
2416848637.674296, 65
2416848765.929339, 83
2416848860.690033, 32
2416848990.444533, 76
2416849220.579431, 78
2416849372.369431, 71
2416849420.931034, 32
2416849676.8602, 8
2416849960.062286, 8
2416850137.114184, 8
2416850421.472281, 79
2416850572.763201, 78
2416850748.363913, 71
2416850789.167733, 32
2416850909.918555, 65
2416850980.809446, 83
2416851060.777531, 32
2416851213.836452, 84
2416851260.912746, 72
2416851292.911798, 69
2416851421.94556, 32
2416851956.775687, 72
2416852054.168268, 79
2416852204.659941, 85
2416852348.307375, 83
2416852478.231656, 69
2416852606.179317, 83
2416852726.474891, 32
2416852996.366625, 87
2416853117.800733, 69
2416853238.129044, 82
2416853340.755992, 69
2416853412.343486, 32
2416853508.461043, 72
2416853572.873059, 69
2416853668.186098, 65
2416853764.526701, 84
2416853836.883759, 69
2416854068.219055, 68
2416854381.124262, 191
2416854676.574458, 67
2416854764.722283, 79
2416854948.334618, 79
2416855188.526559, 76
2416855308.429029, 69
2416855484.592072, 68
2416855598.027041, 32
2416855964.871091, 65
2416856109.188495, 80
2416856244.552435, 80
2416856388.467302, 82
2416856452.892912, 79
2416856628.400965, 80
2416856796.602044, 82
2416856902.055629, 73
2416856998.148496, 65
2416857084.830432, 84
2416857172.413984, 69
2416857396.272802, 76
2416857676.655742, 89
2416858324.955793, 190
2416858588.62471, 32
2416859204.763696, 16
2416859300.126393, 84
2416859404.543535, 72
2416859476.821806, 69
2416859573.993283, 32
2416859765.039374, 66
2416859868.60012, 73
2416859982.039528, 71
2416860181.160216, 71
2416860324.358507, 69
2416860412.684436, 82
2416860468.928918, 32
2416860677.467196, 67
2416860716.657817, 79
2416860796.380108, 78
2416860908.596924, 67
2416861060.482634, 69
2416861182.06211, 82
2416861269.095815, 78
2416861548.390989, 32
2416861749.029999, 73
2416861908.599976, 83
2416862020.669204, 32
2416862229.248818, 70
2416862284.826659, 79
2416862452.509794, 79
2416862558.131496, 68
2416862997.399461, 32
2416863316.514723, 32
2416863737.5509, 8
2416864127.289342, 61
2416864602.469097, 8
2416864799.555184, 173
2416864983.133674, 32
2416865389.489596, 72
2416865484.581808, 79
2416865620.409317, 87
2416865686.129647, 32
2416865812.270746, 79
2416865824.437017, 87
2416865933.535628, 85
2416866028.182025, 76
2416866126.230983, 68
2416866189.711144, 32
2416866713.801219, 8
2416866871.922784, 8
2416867040.334979, 8
2416867192.578561, 8
2416867344.001256, 8
2416867656.257577, 8
2416867948.841742, 87
2416868092.628996, 79
2416868252.790987, 85
2416868365.727432, 76
2416868756.646021, 68
2416868924.642086, 32
2416869054.217927, 84
2416869084.62098, 72
2416869190.012978, 69
2416869340.498824, 89
2416869445.567904, 32
2416869565.995254, 71
2416869740.58033, 82
2416869868.641733, 79
2416869965.133253, 87
2416870085.689048, 32
2416870428.479087, 65
2416870524.921504, 78
2416870956.58177, 89
2416871220.47845, 84
2416871310.223939, 72
2416871484.604556, 73
2416871612.538624, 78
2416871716.087718, 71
2416871764.342772, 32
2416871972.343408, 73
2416872036.682463, 78
2416872116.175882, 32
2416872239.623784, 84
2416872270.459336, 72
2416872340.87029, 69
2416872420.426961, 32
2416872511.434435, 72
2416872606.597112, 65
new stimulus
2416881933.922907, 16
2416882029.894264, 73
2416882134.141348, 32
2416882356.921832, 66
2416882804.783448, 69
2416882957.285308, 76
2416883065.838234, 73
2416883136.126568, 69
2416883273.560341, 86
2416883363.301113, 69
2416883471.496167, 32
2416883597.750453, 84
2416883660.743187, 72
2416883860.348528, 65
2416883932.70309, 84
2416884045.579334, 32
2416884163.433332, 73
2416884262.908231, 84
2416884308.210422, 32
2416884455.605251, 68
2416884645.625996, 69
2416884748.881302, 80
2416884829.245821, 69
2416884988.6155, 78
2416885069.155904, 68
2416885148.87875, 83
2416885270.563368, 32
2416885297.465654, 79
2416885388.532219, 78
2416885460.3877, 32
2416885606.0026, 84
2416885660.747348, 72
2416885716.564326, 69
2416885846.208135, 32
2416885979.969417, 66
2416886007.333607, 85
2416886085.643829, 73
2416886268.231095, 76
2416886404.183166, 68
2416886524.007959, 73
2416886564.495519, 78
2416886724.231393, 71
2416886821.905556, 32
2416888149.291274, 73
2416888286.418497, 84
2416888380.664577, 83
2416888484.261387, 69
2416888605.292404, 76
2416888718.224132, 70
2416888874.635122, 59
2416889006.035835, 32
2416889143.558382, 83
2416889206.177985, 79
2416889292.879895, 77
2416889404.926098, 69
2416889444.689591, 32
2416889828.554767, 66
2416889948.37845, 85
2416889996.692871, 73
2416890211.275862, 76
2416890316.357149, 68
2416890439.839174, 83
2416890644.694973, 73
2416890937.375403, 8
2416891106.267536, 8
2416891373.299066, 73
2416891756.510917, 78
2416892164.370458, 71
2416892340.074371, 83
2416892526.490593, 32
2416892684.370247, 65
2416892812.539844, 82
2416892868.186209, 69
2416892953.25439, 32
2416893084.007603, 83
2416893148.231251, 73
2416893196.901325, 77
2416893284.453252, 80
2416893443.894782, 76
2416893676.342257, 89
2416893908.490117, 32
2416894060.177194, 79
2416894472.863017, 8
2416894765.140355, 74
2416894923.839231, 85
2416895012.312193, 83
2416895092.023942, 84
2416895180.807892, 32
2416895262.089841, 79
2416895459.825369, 76
2416895549.736756, 68
2416895884.134828, 188
2416896011.811727, 32
2416896117.574081, 87
2416896196.438588, 72
2416896260.534345, 73
2416896515.795206, 76
2416896676.017675, 69
2416896751.059884, 32
2416896829.590378, 79
2416896932.299998, 84
2416897020.41592, 72
2416897053.713299, 69
2416897156.41432, 82
2416897291.75551, 83
2416897405.702875, 32
2416897572.053282, 65
2416897734.2127, 82
2416897781.098962, 69
2416897830.906182, 32
2416899397.243773, 70
2416899494.075133, 65
2416899533.216095, 77
2416899670.392977, 79
2416899796.17121, 85
2416899884.566772, 83
2416899987.875065, 32
2416900262.113421, 70
2416900324.362113, 79
2416900508.302914, 82
2416900513.831069, 32
2416900755.774366, 86
2416900883.651285, 65
2416901002.89294, 82
2416901045.604856, 73
2416901101.473712, 79
2416901206.915646, 85
2416901284.43938, 83
2416901339.811654, 32
2416901461.169193, 82
2416901533.017185, 69
2416901590.060083, 65
2416901691.757952, 83
2416901755.979102, 79
2416901851.922717, 78
2416901932.138262, 83
2416902083.948513, 190
2416902197.374049, 32
2416902740.266013, 16
2416902827.850119, 73
2416902980.116172, 70
2416903044.065729, 32
2416903182.324549, 84
2416903253.055646, 72
2416903316.17738, 69
2416903445.078535, 32
2416905354.100467, 8
2416905511.202512, 8
2416905695.149415, 8
2416905855.435136, 8
2416906108.978211, 65
2416906475.694369, 32
2416906597.446678, 86
2416906717.771382, 79
2416906875.694868, 84
2416906964.586735, 69
2416907069.323188, 32
2416907132.203567, 73
2416907267.904571, 83
2416907389.639126, 32
2416907550.115712, 84
2416907702.12848, 65
2416907845.40001, 75
2416907976.012293, 69
2416908051.703389, 78
2416909604.11087, 188
2416909725.401552, 32
2416910043.686217, 80
2416910124.089298, 69
2416910219.779351, 82
2416910291.579348, 72
2416910404.963549, 65
2416910483.867728, 80
2416910619.72825, 83
2416910652.1856, 32
2416910763.762686, 84
2416910819.681477, 72
2416910941.137224, 65
2416911069.807287, 84
2416911139.865362, 32
2416911339.670724, 87
2416911795.909325, 79
2416911933.203001, 85
2416912043.846011, 76
2416912139.74302, 68
2416912219.905854, 32
2416912836.211847, 68
2416913019.803098, 69
2416913125.127128, 84
2416913237.464067, 69
2416913332.334065, 82
2416913387.672493, 77
2416913507.601873, 73
2416913588.000515, 78
2416913627.924635, 69
2416913726.307052, 32
2416913779.385891, 73
2416913901.100193, 70
2416913939.822251, 32
2416914060.79168, 84
2416914083.675254, 72
2416914164.088599, 69
2416914243.576193, 32
2416915708.30247, 79
2416915923.751012, 67
2416916083.646957, 67
2416916172.057776, 85
2416916371.733028, 80
2416916547.821723, 65
2416916619.963225, 78
2416916899.677304, 84
2416917185.268257, 8
2416918108.452777, 84
2416918307.688039, 83
2416918396.088317, 32
2416918508.929607, 79
2416918595.924195, 70
2416918693.632758, 32
2416918813.700571, 84
2416918883.920937, 72
2416918940.038639, 69
2416919011.4533, 32
2416919187.554478, 67
2416919251.996455, 73
2416919419.586377, 84
2416919523.788519, 89
2416919699.479392, 32
2416920027.566152, 66
2416920243.727387, 69
2416920363.557173, 76
2416920469.432159, 73
2416920539.640873, 69
2416920651.632702, 86
2416920748.204674, 69
2416920995.572371, 68
2416921107.319514, 32
2416921237.950662, 84
2416921299.796262, 72
2416921364.016581, 69
2416921444.573907, 32
2416921565.133309, 66
2416921619.70883, 85
2416921660.9224, 73
2416921795.341446, 76
2416921963.437937, 68
2416922075.36374, 73
2416922163.919095, 78
2416922219.46975, 71
2416922253.466229, 32
2416922339.86575, 87
2416922436.874659, 65
2416922539.579564, 83
2416922587.52252, 32
2416922733.130206, 87
2416922859.443861, 79
2416923211.459514, 82
2416923411.469057, 84
2416923475.697698, 72
2416923555.475473, 32
2416923710.262167, 83
2416923839.752285, 65
2416923932.059197, 86
2416924059.382384, 73
2416924139.665342, 78
2416924204.937638, 71
2416924283.723358, 32
2416924380.871533, 16
2416924428.048253, 57
2416924683.530218, 86
2416924797.554706, 69
2416924900.030183, 82
2416925043.376893, 83
2416925141.489658, 85
2416925269.695597, 83
2416925507.717557, 32
2416925699.415863, 71
2416925859.560932, 69
2416925964.995098, 84
2416926116.155076, 84
2416926205.081897, 73
2416926277.755214, 78
2416926363.256726, 71
2416926427.412406, 32
2416926539.434473, 65
2416926643.818325, 32
2416926707.515429, 78
2416926803.816361, 69
2416926891.692037, 87
2416926965.093859, 32
2416927171.566742, 66
2416927301.432488, 85
2416927332.117122, 73
2416927515.911168, 76
2416927715.497367, 68
2416927771.423372, 73
2416927860.05585, 78
2416927947.678518, 71
2416928027.550894, 32
2416928852.817398, 84
2416928907.981883, 72
2416928987.459212, 65
2416929067.617053, 84
2416929125.210631, 32
2416929459.49191, 77
2416929611.584852, 65
2416929779.568989, 89
2416929829.384254, 32
2416930011.219157, 66
2416930564.084105, 69
2416930677.256079, 32
2416930781.223246, 77
2416930859.880798, 79
2416930939.473534, 82
2416930995.676403, 69
2416931047.644451, 32
2416931227.395649, 66
2416931571.550042, 69
2416931683.556573, 78
2416931797.375492, 69
2416931907.394307, 70
2416932013.092854, 73
2416932139.474754, 67
2416932245.201321, 73
2416932395.661922, 65
2416932525.044401, 76
2416932619.400061, 32
2416932739.269519, 84
2416932779.806183, 79
2416932878.636357, 32
2416932971.664838, 84
2416933035.950628, 72
2416933124.237995, 69
2416933187.575285, 32
2416933555.554261, 67
2416933623.671225, 73
2416933805.664813, 84
2416933955.407727, 89
2416934267.383576, 16
2416934299.620101, 48
2416934932.440095, 190
new stimulus
2416951279.221658, 16
2416951335.150991, 73
2416951494.471844, 32
2416951668.538144, 66
2416952108.187008, 69
2416952300.019031, 76
2416952405.270376, 73
2416952508.005797, 69
2416952635.43801, 86
2416952715.836652, 69
2416952819.588818, 32
2416952940.842603, 84
2416953027.700423, 72
2416953091.234959, 65
2416953227.350707, 84
2416953257.33763, 32
2416953389.762023, 84
2416953443.321909, 72
2416953492.390359, 69
2416953684.126117, 89
2416953851.56429, 32
2416953973.532432, 83
2416954020.07497, 72
2416954101.346654, 79
2416954230.08635, 85
2416954321.597065, 76
2416954355.646531, 68
2416954405.083672, 32
2416954532.516164, 66
2416954715.358935, 69
2416954812.960969, 32
2416954940.911681, 82
2416955011.821159, 69
2416955118.843556, 81
2416955188.588979, 85
2416955228.143297, 73
2416955323.064341, 82
2416955388.733348, 69
2416955547.39727, 68
2416955611.573755, 32
2416955718.550101, 84
2416955747.899789, 79
2416955836.957275, 32
2416955980.608871, 65
2416956067.470853, 84
2416956235.437789, 84
2416956323.611414, 69
2416956436.402768, 78
2416956555.199163, 68
2416956652.73517, 188
2416956764.875973, 32
2416956851.419754, 66
2416956923.162048, 85
2416957059.101635, 84
2416957115.469015, 32
2416957251.08402, 84
2416957286.962519, 72
2416957404.431457, 65
2416957475.374226, 84
2416957540.568012, 32
2416957668.50846, 73
2416957811.153852, 83
2416957835.197875, 32
2416957956.536273, 76
2416958091.506831, 73
2416958097.273013, 75
2416958812.041043, 69
2416958955.170255, 76
2416959171.117321, 89
2416959177.217518, 32
2416959386.921793, 66
2416959555.724597, 69
2416959699.209463, 67
2416959763.481381, 65
2416959892.767873, 85
2416959947.473227, 83
2416960026.85013, 69
2416960092.62317, 32
2416960266.780187, 77
2416960516.522879, 89
2416960597.229736, 32
2416960947.569492, 85
2416961147.501358, 78
2416961236.208185, 68
2416961411.393044, 69
2416961827.761622, 82
2416962051.519459, 71
2416962211.328849, 82
2416962300.829098, 65
2416962403.27073, 68
2416962500.646389, 85
2416962620.848196, 65
2416962651.493437, 84
2416962738.903324, 69
2416962803.926774, 32
2416962947.971474, 67
2416962987.500825, 79
2416963116.696878, 85
2416963172.673372, 82
2416963284.438548, 83
2416963371.50055, 69
2416963498.927493, 83
2416963578.932753, 32
2416963738.861988, 72
2416963868.726069, 65
2416963989.030244, 68
2416964043.427662, 32
2416965859.357861, 82
2416965947.730396, 69
2416966052.413307, 81
2416966131.466738, 85
2416966218.851934, 73
2416966332.158458, 82
2416966371.088858, 69
2416966538.695147, 68
2416966628.809328, 32
2416966810.819283, 65
2416966908.542549, 84
2416967098.949742, 84
2416967179.411358, 69
2416967314.869343, 78
2416967420.504361, 68
2416967531.047777, 65
2416967676.655464, 78
2416967802.870635, 67
2416967907.288332, 69
2416968264.608818, 8
2416968779.698821, 8
2416968808.948638, 8
2416968839.737028, 8
2416968870.811993, 8
2416968901.936061, 8
2416968933.570583, 8
2416968965.060292, 8
2416968995.87892, 8
2416969026.764685, 8
2416969073.749985, 8
2416969105.232204, 8
2416969136.254458, 8
2416969167.350785, 8
2416969198.632151, 8
2416969229.624722, 8
2416969261.06394, 8
2416969292.208815, 8
2416969710.914383, 8
2416969963.761409, 77
2416970075.062461, 65
2416970155.200605, 78
2416970234.932051, 68
2416970343.981559, 65
2416970539.063284, 84
2416970644.617573, 79
2416970747.282251, 82
2416970859.067679, 89
2416970906.735711, 32
2416971028.262755, 65
2416971210.795092, 84
2416971394.791655, 84
2416971475.336219, 69
2416971588.252412, 78
2416971676.374992, 68
2416971772.543872, 65
2416971835.186501, 78
2416971934.705232, 67
2416972009.776294, 69
2416972156.458984, 32
2416972268.657213, 65
2416972339.227684, 78
2416972412.575132, 68
2416972483.014938, 32
2416972604.357775, 65
2416972731.29729, 83
2416972860.260586, 32
2416972972.412763, 83
2416973060.434363, 85
2416973171.068773, 67
2416973259.196901, 72
2416973364.14031, 32
2416973666.82979, 16
2416973698.640473, 73
2416973788.275826, 32
2416973916.173274, 72
2416973963.398821, 65
2416974058.72684, 86
2416974196.314858, 32
2416974673.091445, 8
2416974787.419985, 69
2416974875.330616, 32
2416975058.759575, 66
2416975403.096788, 69
2416975570.889781, 69
2416975692.652632, 78
2416975755.054738, 32
2416975994.970091, 66
2416976218.742354, 82
2416976275.048146, 65
2416976354.729656, 73
2416976410.898403, 78
2416976540.242876, 87
2416976636.497756, 65
2416976739.559145, 83
2416976810.647282, 72
2416976898.858359, 69
2416977074.731221, 68
2416977131.088337, 32
2416977258.97552, 84
2416977317.116171, 79
2416977380.575525, 32
2416977500.507679, 66
2416977666.86308, 69
2416977786.768047, 76
2416977892.578949, 73
2416977970.901377, 69
2416978068.167178, 86
2416978155.40978, 69
2416978234.725096, 32
2416978260.362899, 73
2416978356.135068, 84
2416978451.179009, 32
2416978498.852866, 73
2416978627.14758, 83
2416978707.247718, 32
2416978890.805679, 73
2416979083.011109, 80
2416979512.3416, 8
2416979731.524774, 77
2416979835.014223, 80
2416979946.90618, 79
2416980060.99919, 82
2416980195.042886, 84
2416980315.153144, 65
2416980395.155907, 78
2416980482.773859, 84
2416980538.740922, 32
2416980652.142878, 84
2416980691.19784, 79
2416980772.326652, 32
2416980954.710847, 65
2416981067.01727, 84
2416981242.79359, 84
2416981322.946437, 69
2416981428.173925, 78
2416981499.014048, 68
2416981596.33561, 32
2416981730.860352, 67
2416981852.794649, 76
2416981915.240587, 65
2416981995.066356, 83
2416982154.916804, 83
2416982268.557897, 69
2416982379.159294, 83
2416982516.165285, 190
2416982931.446375, 32
2416983475.837241, 16
2416983562.696171, 72
2416983684.112524, 79
2416983802.662847, 87
2416983883.232102, 69
2416984106.70697, 86
2416984274.746035, 69
2416984387.063555, 82
2416985064.567371, 8
2416985572.665272, 8
2416985595.954711, 8
2416985623.311966, 8
2416985663.421958, 8
2416985852.629029, 8
2416986049.460445, 8
2416986202.612578, 16
2416986318.33904, 73
2416986435.510583, 70
2416986502.022394, 32
2416986571.546713, 89
2416986642.769953, 79
2416986780.397088, 85
2416986818.764325, 32
2416986946.979974, 67
2416987010.929253, 65
2416987090.551672, 78
2416987196.067955, 32
2416987275.041765, 76
2416987354.684714, 69
2416987401.111845, 65
2416987484.432556, 82
2416987562.667041, 78
2416987644.033881, 32
2416987714.692848, 84
2416987794.958051, 72
2416987834.890493, 69
2416987931.15231, 32
2416988124.008014, 65
2416988195.104196, 84
2416988720.05372, 8
2416988903.039639, 8
2416989180.605653, 77
2416989308.333874, 65
2416989436.306225, 84
2416989564.255828, 69
2416989667.014552, 82
2416989771.031654, 73
2416989892.210535, 65
2416989994.926536, 76
2416990060.104232, 32
2416990147.131834, 87
2416990218.840006, 73
2416990280.703915, 84
2416990330.908679, 72
2416990428.213873, 79
2416990507.111671, 85
2416990562.720029, 84
2416990634.456774, 32
2416990778.765857, 71
2416990842.790039, 79
2416990908.231561, 73
2416990996.161334, 78
2416991058.694659, 71
2416991132.578362, 32
2416991254.059908, 84
2416991256.978093, 79
2416991360.987705, 32
2416991482.480349, 67
2416991602.725988, 76
2416991659.145523, 65
2416991730.505254, 83
2416991882.457545, 83
2416991963.140542, 188
2416992051.865679, 32
2416992130.766806, 87
2416992202.365952, 72
2416992490.532475, 65
2416992634.715608, 84
2416992698.589706, 32
2416992796.380108, 73
2416992892.142012, 83
2416992938.794686, 32
2416993002.216034, 84
2416993058.473833, 72
2416993114.663109, 69
2416993187.609962, 32
2416993242.235975, 80
2416993308.07615, 79
2416993378.524556, 73
2416993450.598923, 78
2416993530.462975, 84
2416993588.231606, 32
2416993674.514056, 79
2416993787.812534, 70
2416993828.570858, 32
2416993950.198327, 84
2416993955.296482, 72
2416994051.193212, 69
2416994107.828858, 32
2416994250.264798, 67
2416994339.060122, 76
2416994434.310463, 65
2416994498.68253, 83
2416994642.234255, 83
2416994730.747165, 32
2416994778.736727, 73
2416994866.42986, 78
2416994930.411597, 32
2416995002.257647, 84
2416995090.611872, 72
2416995114.648128, 69
2416995196.438865, 32
2416995275.026507, 70
2416995338.564371, 73
2416995460.115274, 82
2416995500.066303, 83
2416995586.758226, 84
2416995650.567963, 32
2416995714.533609, 80
2416995858.452083, 76
2416995930.736734, 65
2416995964.168385, 67
2416996052.564779, 69
2416996178.769408, 16
2416996258.089716, 191
2417000122.851448, 32
2417001274.592899, 16
2417001442.723236, 80
2417001618.209096, 69
2417001690.591399, 82
2417001835.727194, 72
2417001970.307143, 65
2417002084.019255, 80
2417002212.444633, 83
2417002282.845323, 32
2417002786.666788, 84
2417002826.746264, 72
2417002924.074484, 69
2417003035.691795, 82
2417003130.610618, 69
2417003180.148187, 32
2417003234.429366, 65
2417003330.634865, 82
2417003369.298387, 69
2417003443.630123, 32
2417003586.146237, 67
2417003642.710308, 79
2417003802.136303, 82
new stimulus
2417017278.686791, 16
2417017791.568529, 16
2417017819.443173, 16
2417017851.931595, 16
2417017882.447558, 16
2417017912.95603, 16
2417017944.094802, 16
2417017975.216096, 16
2417018006.101583, 16
2417018036.967928, 16
2417018085.106188, 16
2417018121.786432, 16
2417018146.970653, 16
2417018177.451938, 16
2417018208.691413, 16
2417018240.18778, 16
2417018282.167862, 16
2417018302.688647, 16
2417018349.490573, 16
2417018380.571641, 16
2417018411.388051, 16
2417018443.888124, 16
2417018474.118899, 16
2417018505.106476, 16
2417018536.112364, 16
2417018567.308562, 16
2417018598.517798, 16
2417018645.323885, 16
2417018676.641316, 16
2417018707.859707, 16
2417018738.937724, 16
2417018770.492072, 16
2417018802.06029, 16
2417018832.799299, 16
2417018864.171381, 16
2417018895.281579, 16
2417018941.871555, 16
2417018974.014311, 16
2417019004.841263, 16
2417019035.452103, 16
2417019067.527446, 73
2417019243.814497, 32
2417019810.572101, 84
2417019914.498765, 72
2417019987.84871, 73
2417020081.934441, 78
2417020162.731459, 75
2417020227.911651, 32
2417020346.305787, 73
2417020426.769068, 84
2417020498.381529, 32
2417020619.660837, 68
2417020778.401049, 69
2417020892.418323, 80
2417020988.057608, 69
2417021082.058171, 78
2417021202.531572, 68
2417021250.264798, 83
2417021387.825351, 79
2417021393.12519, 32
2417021474.831037, 78
2417021579.724233, 32
2417021642.39072, 84
2417021722.214824, 72
2417021751.355337, 69
2417021851.405605, 32
2417022119.2927, 8
2417022628.352694, 8
2417022659.85239, 8
2417022690.269036, 8
2417022721.127891, 8
2417022752.425347, 8
2417022783.794655, 8
2417022957.664265, 8
2417023235.142336, 32
2417023377.97998, 79
2417023434.890826, 78
2417023522.099861, 32
2417023602.159218, 84
2417023674.121784, 72
2417023713.765987, 69
2417023809.957338, 32
2417024009.978255, 83
2417024226.305388, 73
2417024402.190733, 84
2417024474.708972, 85
2417024603.426474, 65
2417024682.422201, 84
2417024756.561408, 73
2417024811.222652, 79
2417024883.705382, 78
2417025074.252671, 190
2417025202.682211, 32
2417025642.765237, 16
2417025730.133511, 73
2417025874.268928, 70
2417025955.665728, 32
2417026051.706718, 84
2417026114.950794, 72
2417026162.647678, 69
2417026259.504838, 32
2417026354.494959, 71
2417026522.131765, 82
2417026570.553548, 79
2417026635.836663, 85
2417026706.02263, 80
2417026850.147504, 32
2417026971.854871, 73
2417027098.221513, 83
2417027104.03347, 32
2417027251.656615, 83
2417027363.636237, 77
2417027475.873305, 65
2417027554.480921, 76
2417027714.202646, 76
2417027771.760437, 32
2417027874.142146, 73
2417027978.057158, 84
2417028066.701289, 32
2417028106.06169, 77
2417028179.917095, 73
2417028274.112684, 71
2417028379.818167, 72
2417028459.633672, 84
2417028499.750599, 32
2417028642.073074, 66
2417028874.316367, 32
2417029207.315963, 8
2417029311.419898, 69
2417029395.80091, 32
2417029690.429108, 79
2417029858.333902, 75
2417029970.14291, 65
2417030130.056055, 89
2417030450.020501, 188
2417030539.810655, 32
2417030659.483975, 65
2417030746.630591, 83
2417030818.087419, 32
2417030941.016268, 84
2417030978.664154, 72
2417031050.173693, 69
2417031126.15497, 32
2417031346.181503, 71
2417031671.268238, 8
2417031698.843545, 84
2417031866.058117, 79
2417031954.407904, 85
2417032083.458311, 82
2417032171.666336, 32
2417032313.890327, 71
2417032378.398053, 73
2417032546.049006, 68
2417032863.073074, 8
2417033029.932271, 8
2417033282.735742, 85
2417033386.307862, 73
2417033465.80572, 68
2417033625.950234, 69
2417033723.554765, 32
2417033826.034126, 67
2417033882.181511, 65
2417033939.600037, 78
2417034039.627003, 32
2417034118.170257, 83
2417034193.984527, 72
2417034235.58066, 79
2417034363.552456, 87
2417034497.901592, 32
2417035554.40685, 65
2417035650.294704, 32
2417035755.966341, 76
2417035930.182171, 79
2417035986.41306, 84
2417036065.735311, 32
2417036185.764285, 79
2417036266.074984, 70
2417036321.883362, 32
2417036457.95722, 80
2417036658.079396, 76
2417036738.218095, 65
2417036841.744996, 67
2417036913.791343, 69
2417037017.955756, 83
2417037129.662673, 32
2417037251.398614, 84
2417037322.100028, 72
2417037401.911925, 65
2417037491.202723, 84
2417037546.977255, 32
2417038548.94472, 89
2417038593.505089, 79
2417038729.790065, 85
2417038906.266038, 32
2417039234.096738, 77
2417039339.702072, 65
2417039489.98457, 89
2417039563.815562, 32
2417039705.93441, 78
2417039786.11389, 79
2417039873.872494, 84
2417039922.507891, 32
2417040001.840129, 72
2417040097.695524, 65
2417040154.265976, 86
2417040217.902047, 69
2417040275.489522, 32
2417040353.83553, 65
2417040507.135806, 67
2417040609.745278, 67
2417040723.665455, 69
2417040810.222829, 83
2417040969.773663, 83
2417041034.325222, 32
2417041147.170118, 84
2417041210.335407, 79
2417041275.68011, 32
2417041513.683482, 79
2417041634.029547, 84
2417041698.004348, 72
2417041755.444513, 69
2417041865.701077, 82
2417041922.035999, 32
2417042034.08664, 87
2417042407.838734, 8
2417042551.07087, 8
2417042690.930407, 87
2417042746.316273, 73
2417042881.722658, 83
2417042978.38063, 69
2417043722.450631, 32
2417043922.147244, 16
2417043970.103516, 57
2417044194.498865, 79
2417044299.378745, 82
2417044333.991652, 32
2417044481.667507, 72
2417044611.568207, 65
2417044714.331924, 86
2417044802.002309, 69
2417044899.054496, 32
2417044930.354171, 75
2417045001.770219, 78
2417045073.863173, 79
2417045214.38935, 87
2417045307.698304, 78
2417045427.445419, 32
2417045498.113541, 65
2417045585.868817, 66
2417045649.909644, 79
2417045761.994963, 85
2417045865.89222, 84
2417045913.898705, 32
2417046130.262456, 73
2417046234.131971, 78
2417046282.087688, 32
2417046403.094291, 84
2417046450.16365, 72
2417046522.73987, 69
2417046563.510954, 32
2417046691.242782, 70
2417046730.070814, 73
2417046849.974671, 82
2417046915.352665, 83
2417047010.106701, 84
2417047065.667066, 32
2417047129.798054, 80
2417047273.707651, 76
2417047345.971496, 65
2417047393.898916, 67
2417047489.821169, 69
2417047618.203825, 16
2417047689.61155, 48
2417047971.476747, 190
2417048089.540752, 32
2417048498.330484, 16
2417048553.638118, 72
2417048657.851912, 79
2417048786.468433, 87
2417048907.91336, 69
2417048993.751938, 86
2417049129.802771, 69
2417049282.339308, 82
2417049345.772308, 188
2417049427.371625, 32
2417049674.329017, 16
2417049745.808039, 73
2417049844.671503, 32
2417050557.535319, 71
2417050726.326471, 82
2417050763.660318, 69
2417050837.425561, 65
2417050872.31034, 84
2417050980.149186, 76
2417051157.297348, 89
2417051211.587405, 32
2417051342.971749, 68
2417051506.748805, 73
2417051650.738299, 83
2417051874.694491, 76
2417051986.517092, 73
2417052185.357586, 75
2417052298.773136, 69
2417052332.348768, 32
2417052529.836283, 76
2417052602.315683, 65
2417052714.030646, 82
2417052898.870843, 71
2417052995.701094, 69
2417053075.453624, 32
2417053221.408363, 84
2417053426.611493, 82
2417053507.907035, 65
2417053659.831583, 86
2417053754.77482, 69
2417053867.319825, 76
2417053947.467124, 32
2417054026.028688, 71
2417054201.860492, 82
2417054258.265324, 79
2417054363.298617, 85
2417054450.230231, 80
2417054602.343148, 83
2417054745.72842, 188
2417054857.786274, 32
2417054979.401537, 83
2417055034.246989, 79
2417055147.517726, 32
2417055490.766895, 73
2417055641.853634, 70
2417055706.804955, 32
2417055819.820187, 84
2417055866.333873, 72
2417055931.625034, 65
2417056034.16626, 84
2417056105.726566, 32
2417056211.474772, 87
2417056346.122967, 69
2417056409.712986, 82
2417056538.148075, 69
2417056594.044672, 32
2417056673.714808, 84
2417056729.772865, 72
2417056761.931989, 69
2417056844.814375, 32
2417056977.9043, 67
2417057026.161573, 65
2417057099.434118, 83
2417057201.967576, 69
2417057275.421832, 32
2417057345.84305, 16
2417057401.367904, 73
2417057491.430484, 32
2417057553.931629, 87
2417057625.954672, 79
2417057713.786239, 85
2417057826.148701, 76
2417057889.854127, 68
2417057961.743454, 32
2417058099.322317, 82
2417058195.367191, 65
2417058282.225011, 84
2417058353.97757, 72
2417058417.735706, 69
2417058513.930664, 82
2417058563.691555, 32
2417058713.778471, 71
2417058785.996818, 79
2417058913.863195, 32
2417059041.793656, 79
2417059147.524939, 70
2417059298.08014, 70
2417059403.617506, 32
2417059537.954158, 79
2417059618.705956, 78
2417059753.895398, 32
2417059874.177102, 77
2417060097.754338, 89
2417060154.341434, 32
2417060314.010727, 79
2417060441.851026, 87
2417060514.088516, 78
2417060922.486529, 191
2417061137.9212, 87
2417061243.677728, 73
2417061354.219203, 84
2417061434.157049, 72
2417061499.560566, 32
2417061633.671398, 65
2417061706.245398, 32
2417061786.782473, 70
2417061882.503319, 69
2417061939.522637, 87
2417062019.313451, 32
2417062257.762638, 67
2417062322.174099, 79
2417062370.135364, 77
2417062457.903401, 80
2417062585.777268, 65
2417062705.753254, 78
2417062826.148423, 73
2417063042.458632, 79
2417063129.986145, 78
2417063289.622148, 83
2417063633.934115, 190
new stimulus
2417080037.634015, 16
2417080548.913649, 16
2417080580.271861, 16
2417080610.371138, 16
2417080641.039683, 16
2417080672.220622, 16
2417080702.713559, 16
2417080733.886176, 16
2417080766.528289, 16
2417080796.926071, 16
2417080850.21464, 16
2417080873.743216, 16
2417080904.606787, 16
2417080935.728913, 16
2417080967.047731, 16
2417080998.147941, 16
2417081041.640242, 16
2417081061.432798, 16
2417081107.727877, 16
2417081138.578964, 16
2417081171.087637, 16
2417081201.854666, 16
2417081232.302661, 16
2417081263.273593, 16
2417081294.296126, 16
2417081325.860183, 16
2417081357.379021, 16
2417081403.597254, 16
2417081434.777639, 16
2417081465.844004, 16
2417081497.234119, 16
2417081528.534904, 16
2417081560.032658, 16
2417081590.820215, 16
2417081622.03611, 16
2417081653.545515, 16
2417081699.996227, 16
2417081731.834098, 16
2417081763.190367, 16
2417081794.162132, 16
2417081824.959399, 16
2417081856.003848, 16
2417081887.212807, 16
2417081955.882116, 16
2417081963.174388, 16
2417081994.511793, 16
2417082029.232339, 16
2417082059.988825, 16
2417082091.145352, 16
2417082122.299659, 16
2417082154.947043, 16
2417082183.893362, 16
2417082215.079295, 16
2417082269.020911, 16
2417082293.427245, 16
2417082324.511365, 16
2417082355.216252, 16
2417082386.707348, 16
2417082417.625847, 16
2417082448.860884, 16
2417082479.991056, 16
2417082511.239409, 16
2417082558.046328, 16
2417082590.740041, 16
2417082621.225488, 16
2417082653.040055, 16
2417082658.941064, 66
2417082801.599217, 79
2417082945.468865, 84
2417083075.045538, 72
2417086295.306768, 59
2417086295.575034, 32
2417087157.077077, 82
2417087237.042388, 69
2417087285.425333, 65
2417087372.874336, 76
2417087509.050839, 73
2417087644.805109, 84
2417090516.239911, 89
2417090516.909881, 32
2417090517.58318, 73
2417090518.931443, 8
2417090520.198145, 8
2417090521.958099, 8
2417090522.642218, 8
2417090523.589608, 8
2417090524.118372, 8
2417090526.554122, 8
2417090526.967202, 8
2417090527.71152, 8
2417090528.164548, 8
2417090528.574298, 32
2417090528.997641, 84
2417090530.246033, 32
2417090530.693235, 72
2417090531.116578, 69
2417092265.809493, 87
2417092409.406437, 79
2417092729.532341, 82
2417092865.403128, 75
2417092961.302633, 32
2417093089.29801, 70
2417093145.878448, 79
2417093241.434507, 85
2417093441.248192, 78
2417093506.01919, 68
2417093578.324647, 32
2417093650.399291, 73
2417093737.753971, 78
2417093793.818685, 32
2417093913.843221, 73
2417094002.077601, 78
2417094057.85574, 68
2417094209.925102, 85
2417094323.499613, 83
2417094401.646989, 84
2417094585.171659, 82
2417094633.579571, 89
2417094803.064274, 32
2417095042.115463, 16
2417095137.345553, 57
2417095353.828872, 65
2417095433.894055, 78
2417095513.503159, 68
2417095618.749788, 32
2417095642.91338, 73
2417095745.357509, 78
2417095875.050976, 32
2417096049.40829, 67
2417096077.009952, 79
2417096185.471051, 85
2417096323.124818, 82
2417096402.937826, 83
2417096513.959238, 69
2417096657.314826, 83
2417096873.370363, 16
2417096969.36641, 48
2417097067.390956, 32
2417097225.514462, 67
2417097339.038206, 79
2417097601.683165, 77
2417097865.316572, 77
2417098121.27792, 79
2417098235.059387, 78
2417098346.76464, 76
2417098553.221433, 89
2417098673.382458, 32
2417099089.407036, 82
2417099153.788536, 69
2417099377.222345, 85
2417099806.806397, 8
2417099898.231389, 81
2417099985.420172, 85
2417100089.233648, 73
2417100145.232336, 82
2417100195.009596, 69
2417100281.116994, 83
2417100345.595036, 32
2417100473.040011, 89
2417100537.97219, 79
2417100649.161164, 85
2417100675.106349, 32
2417100778.761418, 84
2417100849.634832, 79
2417100940.274169, 32
2417101009.349066, 87
2417101081.268355, 79
2417101171.918234, 82
2417101249.635331, 75
2417101345.306241, 32
2417101442.841694, 73
2417101521.64073, 78
2417101587.063944, 32
2417101697.192894, 71
2417101881.695749, 82
2417101969.589734, 79
2417102025.198092, 85
2417102121.374185, 80
2417102289.226824, 83
2417102417.173652, 188
2417102522.768444, 32
2417103425.488495, 65
2417103529.688141, 78
2417103634.647917, 68
2417103721.992888, 32
2417104193.484893, 65
2417104249.888338, 83
2417104337.243573, 32
2417104449.274795, 83
2417104563.057649, 85
2417104666.950745, 67
2417104761.52529, 72
2417104858.706477, 32
2417105041.5695, 89
2417105113.40584, 79
2417105266.709445, 85
2417105272.2548, 32
2417105481.98987, 78
2417105545.600973, 69
2417105728.983881, 69
2417105897.011572, 32
2417106042.695549, 84
2417106326.474115, 8
2417106501.274747, 8
2417106594.031634, 68
2417106633.620075, 32
2417106754.387819, 84
2417106833.433482, 79
2417106859.037717, 32
2417106993.170188, 66
2417107161.134349, 69
2417107172.421197, 32
2417107537.596563, 65
2417107625.44311, 66
2417107761.246206, 76
2417107849.341043, 69
2417107916.58996, 32
2417108019.273503, 84
2417108121.9232, 79
2417108170.960024, 32
2417108281.18191, 87
2417108361.417152, 79
2417108442.397267, 82
2417108537.440375, 75
2417108593.19743, 32
2417108697.05141, 87
2417108801.725998, 69
2417108842.822774, 76
2417108993.039523, 76
2417109119.90885, 32
2417109265.327336, 84
2417109353.50762, 79
2417109545.151552, 71
2417109682.660783, 69
2417109762.807527, 84
2417109857.726074, 72
2417109969.536747, 69
2417110073.3677, 82
2417110130.779845, 32
2417110417.280182, 65
2417110505.514007, 83
2417110569.13482, 32
2417111097.703569, 89
2417111233.725827, 79
2417111395.375624, 85
2417111537.09249, 82
2417111577.43385, 32
2417112009.427299, 67
2417112099.442718, 79
2417112360.998525, 77
2417112457.380464, 77
2417112601.109737, 79
2417112713.309631, 78
2417112793.296858, 32
2417113161.270008, 67
2417113486.761777, 8
2417113650.566575, 83
2417113786.375497, 85
2417113969.522875, 67
2417114161.638145, 67
2417114291.04892, 69
2417114489.583697, 83
2417114657.481556, 83
2417114762.961495, 32
2417115825.230716, 68
2417116185.577303, 69
2417116417.243562, 80
2417116561.248591, 69
2417116666.674434, 78
2417116753.375512, 68
2417116841.012884, 83
2417116929.000915, 32
2417117042.351825, 79
2417117121.32841, 78
2417117170.728933, 32
2417117377.059222, 72
2417117441.334192, 79
2417117529.12248, 87
2417117593.014056, 32
2417117777.101334, 87
2417117890.786536, 69
2417118018.632939, 76
2417118152.98901, 76
2417118193.40139, 32
2417118385.621247, 89
2417118433.396085, 79
2417118560.947867, 85
2417118690.434379, 82
2417118737.451305, 32
2417118904.940523, 71
2417119072.894976, 82
2417119113.113438, 79
2417119196.067122, 85
2417119257.304617, 80
2417119416.995271, 32
2417119569.505454, 80
2417119674.722954, 69
2417119745.389689, 82
2417119937.049157, 70
2417119993.296691, 79
2417120106.343272, 82
2417120185.574807, 77
2417120314.330315, 83
2417120427.444032, 190
2417120545.016725, 32
2417120961.806428, 16
2417121081.032547, 72
2417121186.56492, 79
2417121257.492985, 87
2417121328.976446, 69
2417121465.128537, 86
2417121578.516622, 69
2417121697.520805, 82
2417121712.870197, 188
2417121819.691187, 32
2417121984.81068, 89
2417122017.23585, 79
2417122162.401883, 85
2417122209.38108, 32
2417122314.134456, 65
2417122416.841025, 76
2417122601.175485, 83
2417122744.824584, 79
2417122872.866568, 32
2417123008.898258, 78
2417123041.052388, 69
2417123209.205474, 69
2417123376.715775, 68
2417123449.120827, 32
2417123554.553605, 84
2417123601.373286, 79
2417123674.609211, 32
2417123786.243445, 66
2417123912.713288, 69
2417124002.358628, 32
2417124122.561267, 65
2417124233.293329, 66
2417124338.493352, 76
2417124417.408073, 69
2417124496.84684, 32
2417124584.8296, 84
2417124640.83772, 79
2417124732.040221, 32
2417124753.437377, 87
2417124865.184798, 79
2417124937.022247, 82
2417125064.956315, 75
2417125153.349102, 32
2417125233.266697, 79
2417125313.116046, 78
2417125384.914102, 32
2417125568.988897, 89
2417125602.002753, 79
2417125754.676614, 85
2417125801.246061, 82
2417125842.773116, 32
2417125970.246665, 79
2417126089.038067, 87
2417126161.490835, 78
2417126552.934858, 188
2417126658.605663, 32
2417126745.188005, 65
2417126792.898759, 83
2417126904.973259, 32
2417127097.183684, 89
2417127137.535586, 79
2417127256.926215, 85
2417127328.866865, 32
2417127408.970054, 87
2417127496.966408, 73
2417127664.789363, 76
2417127833.011803, 76
2417127898.533778, 32
2417128019.426638, 76
2417128115.101988, 73
2417128305.921149, 75
2417128424.814641, 69
2417128530.738454, 76
2417128720.867671, 89
2417128769.38239, 32
2417128914.302074, 66
2417129080.83114, 69
2417129182.582273, 32
2417129250.78829, 71
2417129336.97725, 73
2417129456.653067, 86
2417129536.928535, 69
2417129650.404007, 78
2417129746.619771, 32
2417129850.589435, 65
2417129954.313304, 32
2417130033.037991, 80
2417130122.505505, 82
2417130177.248589, 79
2417130352.739443, 74
2417130465.272241, 69
2417130554.383824, 67
2417130760.728262, 84
2417130952.707872, 32
2417131759.522592, 8
2417132050.109609, 191
2417132224.949634, 84
2417132330.58271, 65
2417132393.35101, 83
2417132488.971708, 75
2417132625.04723, 32
2417132738.546561, 73
2417132842.503464, 78
2417132889.491816, 32
2417133040.720871, 89
2417133105.130668, 79
2417133232.700759, 85
2417133346.150986, 82
2417133385.142696, 32
2417133600.908607, 76
2417133720.73007, 73
2417133826.692722, 70
2417133889.071524, 69
2417133952.660711, 32
2417134249.102961, 87
2417134440.759377, 72
2417134806.378615, 8
2417134988.703997, 8
2417135121.894626, 84
2417135177.118479, 72
2417135282.37787, 65
2417135328.976724, 84
2417135402.26314, 32
2417135450.247431, 89
2417135506.289674, 79
2417135616.715742, 85
2417135712.759506, 32
2417135872.750884, 78
2417135978.324591, 69
2417136145.109994, 69
new stimulus
2417148956.579828, 16
2417149132.931518, 80
2417149378.54786, 76
2417149546.121414, 65
2417149625.652285, 78
2417149753.194634, 78
2417149937.00477, 73
2417150049.444077, 78
2417150162.708988, 71
2417150265.208878, 32
2417150432.8676, 70
2417150608.706339, 82
2417150681.149397, 69
2417150848.726557, 69
2417151777.169302, 32
2417152001.148797, 84
2417152108.040807, 73
2417152209.579991, 77
2417152288.54326, 69
2417152394.119742, 32
2417154314.34169, 73
2417154464.66469, 83
2417154561.036919, 32
2417156009.150433, 78
2417156081.053077, 73
2417156136.920267, 67
2417156202.497171, 69
2417156250.440682, 32
2417156385.985222, 83
2417156480.994485, 79
2417156560.699299, 77
2417156648.78193, 69
2417156728.625177, 84
2417156792.673494, 73
2417156888.442612, 77
2417156960.691753, 69
2417157040.630432, 83
2417157082.389133, 32
2417157288.606789, 66
2417157464.626129, 69
2417157600.516612, 67
2417157665.28761, 65
2417157744.604867, 85
2417157810.020035, 83
2417157880.670957, 69
2417157954.165439, 32
2417158016.50457, 89
2417158080.548449, 79
2417158200.853733, 85
2417158249.103793, 32
2417158362.218342, 67
2417158425.34063, 65
2417158482.331374, 78
2417158552.933471, 32
2417162793.017218, 70
2417162850.315898, 73
2417162952.49953, 71
2417163058.364251, 85
2417163186.178751, 82
2417163248.800018, 69
2417163298.152824, 32
2417163385.920306, 79
2417163488.921495, 85
2417163561.497437, 84
2417163611.351819, 32
2417163768.845304, 87
2417163880.720616, 72
2417164318.808712, 8
2417164468.678131, 8
2417164537.586853, 69
2417164741.906954, 88
2417164825.92399, 65
2417164920.668594, 67
2417165112.450126, 84
2417165184.930082, 76
2417165361.820799, 89
2417165475.361742, 32
2417165544.894661, 87
2417165625.845924, 72
2417165714.037026, 65
2417165784.872433, 84
2417165842.080952, 32
2417165898.128189, 89
2417165962.35683, 79
2417166106.041993, 85
2417166112.539456, 32
2417166280.330785, 72
2417166320.732623, 65
2417166393.947742, 86
2417166450.174192, 69
2417166488.598855, 32
2417166585.049872, 84
2417166664.489194, 73
2417166752.469457, 77
2417166800.942009, 69
2417166848.460788, 32
2417166969.840245, 84
2417167032.612983, 79
2417167088.378639, 32
2417167217.855718, 68
2417167256.749498, 79
2417167488.493712, 188
2417167640.315893, 32
2417168240.703505, 87
2417168296.518541, 72
2417168416.424617, 69
2417168537.524434, 82
2417168608.474415, 69
2417168729.960401, 65
2417168920.211683, 83
2417169041.802256, 32
2417169304.970985, 73
2417169402.040094, 70
2417169432.83098, 32
2417169553.817332, 89
2417169600.906388, 79
2417169720.429069, 85
2417169800.387168, 32
2417170288.414814, 65
2417170442.157853, 82
2417170488.949792, 69
2417170562.076968, 32
2417171424.844603, 68
2417171766.111604, 8
2417171976.925283, 71
2417172112.445688, 79
2417172216.680843, 73
2417172298.130908, 78
2417172336.410202, 71
2417172394.373027, 32
2417172536.410036, 73
2417172968.548021, 78
2417173128.792405, 84
2417173233.984938, 79
2417173314.032643, 32
2417173464.123721, 89
2417173488.866288, 79
2417173600.690555, 85
2417173672.68752, 82
2417173723.155556, 32
2417173840.296584, 70
2417174008.418598, 82
2417174088.780343, 69
2417174240.459929, 69
2417174321.961317, 32
2417174384.664979, 84
2417174480.327844, 73
2417174520.360713, 77
2417174600.669193, 69
2417174664.174044, 32
2417174770.301761, 87
2417174840.608405, 73
2417174936.257122, 84
2417175034.053627, 72
2417175176.486238, 32
2417175304.25524, 78
2417175384.568991, 79
2417175473.823724, 32
2417175578.491932, 80
2417175728.243446, 76
2417175848.135929, 65
2417175912.588448, 78
2417176040.385192, 83
2417176146.086514, 32
2417176368.403429, 89
2417176408.499549, 79
2417176544.348142, 85
2417176625.728852, 32
2417176776.192505, 77
2417176873.989843, 65
2417177025.877217, 89
2417177048.645938, 32
2417177186.647036, 83
2417177224.916621, 80
2417177337.737104, 69
2417177456.295195, 78
2417177528.793737, 68
2417177584.353269, 32
2417177697.647586, 65
2417177793.007231, 32
2417177848.158123, 76
2417178039.987927, 79
2417178128.226468, 84
2417178192.6174, 32
2417178336.192427, 79
2417178450.244657, 70
2417178488.477345, 32
2417178632.71291, 84
2417178754.096528, 73
2417178802.797951, 77
2417178976.428978, 69
2417179784.808904, 32
2417179904.460309, 16
2417179976.432862, 57
2417180217.254548, 65
2417180550.851986, 8
2417180648.244567, 87
2417180729.847213, 81
2417180736.334134, 65
2417180827.283073, 83
2417180938.470104, 84
2417181032.764178, 69
2417181192.401844, 68
2417181274.256388, 32
2417181406.440258, 8
2417181596.575301, 8
2417181708.84455, 8
2417181860.869524, 8
2417181980.439922, 8
2417182101.061743, 8
2417182228.889003, 8
2417182505.612491, 65
2417182608.663338, 83
2417182760.350138, 84
2417182860.087198, 69
2417183045.960509, 68
2417183109.602129, 32
2417183172.104383, 84
2417183243.998149, 73
2417183333.171319, 77
2417183404.726633, 69
2417183516.913765, 16
2417183581.274458, 48
2417183743.702696, 32
2417184220.273714, 84
2417184395.973465, 82
2417184467.997064, 89
2417184668.768126, 73
2417184739.908418, 78
2417184788.644796, 71
2417184836.450428, 32
2417184953.595895, 84
2417184990.937786, 79
2417185048.563267, 32
2417185193.792552, 68
2417185352.23648, 69
2417185496.181031, 67
2417185593.932594, 73
2417185680.463336, 68
2417185824.088022, 69
2417185921.762462, 32
2417186000.378956, 87
2417186105.543469, 72
2417186192.821304, 81
2417186198.798048, 65
2417186257.473566, 84
2417186336.848526, 32
2417186838.295551, 8
2417186964.023572, 8
2417187124.333428, 8
2417187276.25326, 8
2417187641.74544, 65
2417187752.589303, 84
2417187793.970989, 32
2417187937.673353, 84
2417188055.35646, 79
2417188138.087098, 32
2417188296.080217, 68
2417188384.492701, 79
2417188576.378266, 32
2417188680.391484, 73
2417188768.180327, 78
2417188856.116481, 32
2417188928.496842, 84
2417188992.553205, 72
2417189056.567955, 69
2417189145.756938, 32
2417189208.735523, 84
2417189272.260071, 73
2417189352.080292, 77
2417189440.124362, 69
2417189503.401451, 32
2417189672.173183, 89
2417189720.454592, 79
2417189832.056367, 85
2417189880.312808, 32
2417190056.321051, 72
2417190128.377385, 65
2417190201.699588, 86
2417190321.321031, 69
2417190664.332452, 190
2417190919.839662, 32
2417191328.477367, 16
2417191656.510307, 84
2417191744.097743, 73
2417191872.46514, 72
2417191878.400272, 78
2417191960.152725, 75
2417192702.726043, 8
2417192844.27285, 8
2417193003.825349, 8
2417193140.617172, 8
2417193576.744183, 72
2417193705.830932, 73
2417193824.096345, 78
2417193904.525225, 75
2417194064.090208, 73
2417194136.356827, 78
2417194273.391669, 71
2417194312.446076, 32
2417194472.039633, 65
2417194584.694219, 72
2417194704.371424, 69
2417194768.034127, 65
2417194913.3422, 68
2417194984.430891, 32
2417195064.048873, 65
2417195177.670545, 32
2417195256.43213, 66
2417195345.269622, 73
2417195504.149099, 84
2417195610.074299, 188
2417195697.725264, 32
2417195864.098697, 73
2417195970.175923, 70
2417196008.467979, 32
2417196113.381427, 78
2417196160.647477, 79
2417196248.062912, 84
2417196305.653439, 32
2417196808.63654, 80
2417196960.111944, 76
2417197112.106403, 65
2417197168.565886, 78
2417197295.9723, 78
2417197440.0428, 73
2417197528.255819, 78
2417197624.617784, 71
2417197680.083547, 32
2417197824.343526, 69
2417198326.296288, 8
2417199176.840226, 69
2417199304.060768, 86
2417199401.364575, 69
2417199488.803868, 82
2417199576.146065, 89
2417199689.223162, 32
2417199911.93013, 68
2417200096.026009, 69
2417200351.890259, 84
2417200560.057625, 65
2417200680.447801, 73
2417200824.040583, 76
2417201024.120591, 188
2417201144.144017, 32
2417201288.122413, 77
2417201383.769466, 65
2417201520.183996, 89
2417201576.26702, 32
2417201720.189655, 72
2417201809.598079, 69
2417201904.236153, 76
2417202001.811, 80
new stimulus
2417212307.55571, 16
2417212819.238437, 16
2417212850.120872, 16
2417212880.613254, 16
2417212910.73528, 16
2417212942.198911, 16
2417212973.989899, 16
2417213004.270886, 16
2417213034.826243, 16
2417213066.116486, 16
2417213124.957347, 16
2417213130.588425, 72
2417213384.42501, 65
2417213480.481535, 86
2417213617.453403, 73
2417213680.303265, 78
2417213759.984775, 71
2417213832.041386, 32
2417213920.058824, 79
2417214000.054929, 78
2417214081.091915, 69
2417214144.142907, 32
2417214232.029124, 79
2417214376.221412, 82
2417214432.320249, 32
2417214576.586886, 84
2417214656.31528, 87
2417214735.827009, 79
2417214911.726503, 32
2417215192.020946, 67
2417215288.128516, 76
2417215464.259656, 79
2417215536.140106, 83
2417215679.884082, 69
2417215727.89778, 32
2417215919.971436, 70
2417216095.946944, 82
2417216225.920883, 73
2417216353.303716, 69
2417216455.961736, 78
2417216544.561756, 68
2417216615.979191, 83
2417216752.978801, 32
2417217656.727805, 77
2417217775.864871, 69
2417217800.234586, 65
2417217911.724561, 78
2417218033.372838, 83
2417218097.490511, 32
2417218201.714569, 84
2417218256.159425, 72
2417218328.042649, 65
2417218408.626885, 84
2417218488.066762, 32
2417218671.830292, 79
2417218849.664515, 85
2417219270.074554, 8
2417219435.926437, 8
2417219616.523213, 89
2417219737.595842, 79
2417219840.419204, 85
2417219935.847094, 32
2417220033.505445, 72
2417220113.118155, 65
2417220169.235579, 86
2417220288.190658, 69
2417220314.162753, 32
2417220417.483808, 65
2417220504.420416, 32
2417220560.336433, 77
2417220648.573865, 79
2417220727.786535, 82
2417220807.942434, 69
2417220857.556015, 32
2417220927.709245, 80
2417221049.423271, 69
2417221088.114534, 82
2417221232.222209, 83
2417221304.108207, 79
2417221383.667652, 78
2417221447.640512, 65
2417221559.777986, 76
2417221633.297158, 32
2417221751.698229, 67
2417221832.042773, 79
2417221983.537043, 78
2417222127.617808, 78
2417222205.759357, 69
2417222240.314007, 67
2417222455.713999, 84
2417222528.206993, 73
2417222568.46374, 79
2417222649.56481, 78
2417222702.946315, 32
2417222833.552772, 87
2417222888.008449, 73
2417222960.326113, 84
2417223081.259755, 72
2417223201.49291, 32
2417223303.712883, 84
2417223345.453829, 72
2417223465.413725, 69
2417223601.490912, 77
2417223983.572553, 188
2417224255.717495, 32
2417225728.068394, 65
2417225807.873911, 83
2417225887.721041, 32
2417226025.237763, 89
2417226104.139999, 79
2417226223.809714, 85
2417226295.689331, 82
2417226343.815939, 32
2417226465.314964, 65
2417226593.142501, 84
2417226735.742673, 84
2417226799.899463, 69
2417226895.577864, 78
2417226992.692192, 84
2417227113.736802, 73
2417227176.012404, 79
2417227257.339017, 78
2417227327.641777, 32
2417227425.092062, 73
2417227527.467945, 83
2417227584.285856, 78
2417227743.778154, 84
2417227823.924621, 32
2417228334.001916, 8
2417228611.729943, 8
2417228943.80684, 222
2417229095.677568, 84
2417229127.883577, 32
2417229273.049055, 68
2417229391.400745, 73
2417229551.608511, 86
2417229648.120282, 73
2417229752.894465, 68
2417229935.652346, 69
2417230103.618449, 68
2417230193.483784, 32
2417230321.71802, 66
2417230471.680374, 69
2417230551.779124, 84
2417230665.221029, 87
2417230727.898058, 69
2417230895.63307, 69
2417230944.067615, 78
2417231049.15445, 32
2417231169.086327, 77
2417231271.569572, 65
2417231377.139119, 78
2417231559.586566, 89
2417231649.498507, 32
2417231776.93405, 80
2417231919.656564, 69
2417231951.713043, 79
2417232049.077882, 80
2417232215.933195, 76
2417232313.162653, 69
2417232457.238424, 190
2417232591.490186, 32
2417232871.710557, 16
2417234400.122564, 16
2417234527.268757, 73
2417234655.421154, 84
2417234711.877587, 32
2417234791.534129, 73
2417234935.509751, 83
2417234968.417633, 32
2417235135.854973, 65
2417235231.882924, 76
2417235343.44697, 83
2417235431.969867, 79
2417235503.45638, 32
2417235632.924582, 66
2417235807.752124, 69
2417235905.158021, 78
2417236016.934016, 69
2417236231.643788, 70
2417236287.856367, 73
2417236559.880909, 67
2417236767.331421, 73
2417236911.535916, 65
2417237017.071062, 76
2417237095.442039, 32
2417237752.103262, 70
2417237865.507715, 79
2417237953.242461, 82
2417238002.463493, 32
2417238136.996836, 80
2417238349.010358, 69
2417238473.130727, 79
2417238543.86016, 80
2417238711.432049, 76
2417238801.131209, 69
2417238855.87679, 32
2417238935.583545, 87
2417238999.660437, 72
2417239039.703016, 79
2417239161.336866, 32
2417239256.931486, 68
2417239343.790139, 79
2417239407.876463, 78
2417239552.759528, 222
2417239591.897438, 84
2417239649.117886, 32
2417239784.841085, 84
2417239807.743246, 72
2417239967.389513, 82
2417240057.025976, 73
2417240183.46225, 86
2417240287.772309, 69
2417240359.371731, 32
2417240415.476117, 73
2417240495.394267, 78
2417240567.452543, 32
2417240735.639473, 83
2417240849.123268, 79
2417240967.361216, 67
2417241040.008178, 73
2417241151.730354, 65
2417241223.871301, 76
2417241312.737645, 32
2417241399.960551, 83
2417241463.34084, 73
2417241615.374692, 84
2417241703.653182, 85
2417241809.220787, 65
2417241887.903861, 84
2417241943.39709, 73
2417241985.019577, 79
2417242056.925827, 78
2417242161.117149, 83
2417242273.237978, 191
2417242511.448306, 70
2417242647.571268, 69
2417242831.850799, 69
2417243143.609705, 76
2417243303.404391, 32
2417243543.421004, 65
2417243743.832806, 87
2417243887.43724, 75
2417244055.273234, 87
2417244111.625356, 65
2417244239.59632, 82
2417244287.44523, 68
2417244407.164048, 32
2417244471.335263, 16
2417244550.939373, 57
2417244767.87572, 73
2417244839.617737, 78
2417244919.355009, 84
2417245095.448419, 82
2417245145.333872, 79
2417245287.328991, 86
2417245415.388452, 69
2417245537.024245, 82
2417245743.298217, 84
2417245823.897157, 83
2417245991.295936, 16
2417246063.104811, 48
2417246768.495755, 190
2417246905.215725, 32
2417247183.429515, 16
2417247447.763409, 72
2417247607.219366, 79
2417247688.1845, 87
2417247767.296466, 69
2417247895.385889, 86
2417248023.394305, 69
2417248136.052219, 82
2417248168.959823, 188
2417248248.825263, 32
2417248364.068181, 84
2417248399.636801, 72
2417248455.54727, 69
2417248551.370484, 32
2417248681.051745, 76
2417249071.634932, 65
2417249239.342203, 82
2417249431.506021, 71
2417249537.0592, 69
2417249631.70199, 82
2417249680.961306, 32
2417249816.69255, 71
2417249999.337243, 82
2417250055.805326, 79
2417250138.568422, 85
2417250223.657133, 80
2417250345.386416, 32
2417250503.335147, 87
2417250625.063321, 79
2417250703.840441, 85
2417250815.93214, 76
2417250937.088273, 68
2417250983.833883, 32
2417251239.443739, 72
2417251327.791306, 65
2417251383.427406, 86
2417251479.543854, 69
2417251559.216209, 32
2417252119.626714, 66
2417252303.190223, 69
2417252401.13931, 78
2417252479.791036, 69
2417252671.056844, 70
2417252791.594607, 73
2417252921.214557, 84
2417253039.714113, 83
2417253127.49713, 32
2417253207.332886, 73
2417253279.422511, 78
2417253371.668667, 32
2417253847.513398, 83
2417253935.677036, 79
2417254040.809368, 67
2417254169.047211, 73
2417254271.103229, 65
2417254385.392652, 76
2417254503.256637, 73
2417254601.741423, 90
2417254743.362856, 73
2417254815.513236, 78
2417254857.585144, 71
2417254943.502232, 32
2417255040.720871, 65
2417255111.612317, 78
2417255183.318269, 68
2417255225.061712, 32
2417255439.323449, 77
2417255568.937851, 79
2417255599.67797, 82
2417255657.497646, 69
2417255721.054097, 32
2417256287.559527, 86
2417256351.611451, 73
2417256472.551196, 69
2417256535.537272, 87
2417256871.59404, 80
2417256927.675955, 79
2417257023.088033, 73
2417257103.832895, 78
2417257153.179043, 84
2417257255.316622, 83
2417257343.458067, 32
2417257463.173278, 79
2417257559.508888, 78
2417257631.36548, 32
2417257847.071467, 68
2417257967.214738, 73
2417258382.204537, 8
2417258515.347449, 8
2417258635.33481, 8
2417258779.276865, 8
2417258939.233565, 8
2417259224.672214, 73
2417259311.505899, 78
2417259431.028858, 32
2417259495.867268, 68
2417259567.223671, 73
2417259727.386495, 83
2417259959.265257, 67
2417260080.812276, 85
2417260208.866466, 83
2417260367.133398, 83
2417260415.496091, 73
2417260495.345996, 79
2417260560.814983, 78
2417260664.395149, 83
2417260743.563431, 190
new stimulus
2417283267.026813, 16
2417283451.797656, 76
2417283887.913848, 8
2417284097.223077, 78
2417284455.84938, 69
2417284560.210484, 87
2417284671.361729, 32
2417284879.515779, 69
2417285095.468394, 88
2417285201.180257, 80
2417285328.654361, 69
2417285399.56911, 82
2417285495.293841, 73
2417285567.140445, 69
2417285711.186255, 78
2417285767.318382, 67
2417285846.986299, 69
2417285982.958899, 83
2417286063.459909, 32
2417286200.818501, 65
2417286302.970228, 82
2417286360.775478, 69
2417286416.841857, 32
2417286474.464565, 73
2417286566.769534, 77
2417286655.023056, 80
2417286758.695325, 79
2417286888.453986, 82
2417287055.378654, 84
2417287152.017207, 78
2417287223.156944, 65
2417287343.054143, 84
2417287391.063402, 32
2417287526.860395, 84
2417287591.200836, 79
2417287648.846569, 32
2417288117.6021, 8
2417288620.639298, 8
2417288651.966161, 8
2417288682.875229, 8
2417288713.845884, 8
2417288745.305909, 8
2417288938.958919, 8
2417289287.658011, 65
2417289391.109731, 78
2417289550.917457, 84
2417289607.380547, 32
2417289744.472815, 84
2417289823.295987, 79
2417289880.868204, 32
2417289999.026532, 71
2417290112.580514, 79
2417290224.102947, 82
2417290502.911526, 79
2417290909.242481, 8
2417291066.962341, 8
2417291218.730424, 8
2417291359.423609, 82
2417291423.301868, 79
2417291552.159745, 87
2417291686.920018, 32
2417294911.239908, 65
2417294975.429155, 83
2417295063.602226, 32
2417295185.933511, 65
2417295279.526266, 32
2417295409.051338, 80
2417295495.333512, 69
2417295591.486579, 82
2417295719.211471, 83
2417295759.73149, 79
2417295863.208455, 78
2417296855.662344, 188
2417297022.812277, 32
2417297151.236268, 66
2417297270.862428, 85
2417297438.754738, 84
2417297479.285021, 32
2417298103.182067, 82
2417298254.832524, 79
2417298368.506075, 85
2417298495.160402, 84
2417298614.782677, 73
2417298719.036142, 78
2417298782.656954, 69
2417298886.657967, 83
2417298958.779494, 32
2417299079.972246, 65
2417299159.432098, 82
2417299214.849591, 69
2417299270.562259, 32
2417299367.036301, 78
2417299422.898499, 79
2417299550.598701, 84
2417299680.494684, 72
2417299744.458389, 73
2417299881.308192, 71
2417299886.848554, 78
2417299911.156959, 32
2417300054.679, 84
2417300103.28499, 79
2417300151.223784, 32
2417300470.820371, 83
2417300576.36384, 67
2417300696.446911, 79
2417301269.638172, 8
2417301771.42032, 8
2417301802.601537, 8
2417301833.867367, 8
2417301864.529254, 8
2417301895.821439, 8
2417301926.962984, 8
2417301958.325912, 8
2417301989.549297, 8
2417302020.624262, 8
2417302687.700124, 73
2417302782.962672, 78
2417302998.731356, 71
2417303079.193805, 32
2417303342.777, 84
2417303383.135838, 79
2417303480.120334, 32
2417303583.186439, 83
2417303696.793963, 67
2417303814.692904, 79
2417304247.013708, 70
2417304414.730411, 70
2417304511.027737, 32
2417304598.874561, 65
2417304702.844502, 84
2417304911.010204, 190
2417305118.525355, 32
2417305566.968722, 16
2417306072.746556, 16
2417306103.127693, 16
2417306134.442904, 16
2417306165.892664, 16
2417306198.131684, 16
2417306228.313079, 16
2417306259.502064, 16
2417306290.77261, 16
2417306332.670021, 16
2417306368.870327, 16
2417306398.801766, 65
2417306598.679257, 32
2417307895.0147, 71
2417307943.086101, 79
2417308102.48491, 79
2417308208.481129, 68
2417308254.947099, 32
2417308430.538101, 82
2417308518.78552, 79
2417308624.371712, 85
2417308726.620259, 84
2417308854.58734, 73
2417308958.979792, 78
2417309112.231242, 32
2417309781.720661, 8
2417309959.562374, 69
2417310031.040842, 32
2417310160.215256, 73
2417310358.877646, 32
2417310749.310471, 8
2417310847.24319, 83
2417310911.099533, 32
2417311040.036475, 83
2417311078.050556, 73
2417311142.779386, 77
2417311214.720313, 80
2417311340.889709, 76
2417311550.387306, 89
2417311607.089533, 32
2417312893.214797, 8
2417313393.76187, 8
2417313424.577169, 8
2417313455.507321, 8
2417313486.489073, 8
2417313517.945491, 8
2417313548.994656, 8
2417313580.466055, 8
2417313827.090543, 8
2417314002.596654, 8
2417314279.155355, 67
2417314350.847436, 65
2417314430.560295, 78
2417314576.038426, 32
2417314633.446687, 83
2417314726.661873, 73
2417314798.525122, 77
2417314870.630837, 80
2417315006.580411, 76
2417315190.686554, 89
2417315262.843592, 32
2417315374.519993, 66
2417315558.907163, 69
2417315638.815326, 32
2417315758.875094, 65
2417315870.823367, 32
2417316791.028669, 68
2417316982.425142, 69
2417317007.497563, 77
2417317128.175977, 79
2417317222.691987, 78
2417317328.128095, 83
2417317382.855366, 84
2417317558.559833, 82
2417317656.424307, 65
2417317734.993639, 84
2417317848.124832, 73
2417317878.952616, 79
2417317943.114121, 78
2417318079.224599, 32
2417318262.629978, 79
2417318494.7218, 70
2417318582.767534, 32
2417318918.633715, 69
2417319094.5751, 70
2417319255.144899, 70
2417319336.310609, 73
2417319470.507163, 67
2417319526.781885, 73
2417319710.611995, 69
2417319878.55313, 78
2417320054.492851, 67
2417320214.519738, 89
2417320590.637673, 188
2417320782.553476, 32
2417321774.961036, 65
2417322270.81915, 78
2417322414.522623, 68
2417322470.876687, 32
2417324062.739171, 65
2417324200.169337, 32
2417324335.267785, 82
2417324486.377273, 79
2417324558.759853, 85
2417324688.090455, 84
2417324798.353399, 73
2417324886.740638, 78
2417324958.454913, 69
2417325014.425582, 32
2417325142.320533, 67
2417325190.98922, 65
2417325262.444939, 78
2417325326.674135, 32
2417325462.700276, 65
2417325574.416904, 76
2417325686.43259, 87
2417325718.84167, 65
2417325840.013893, 89
2417325894.811906, 83
2417325991.929564, 32
2417326096.126712, 66
2417326246.750991, 69
2417326382.418428, 32
2417326519.99646, 83
2417326598.734186, 85
2417326798.310676, 80
2417326942.396435, 80
2417327110.309828, 76
2417327630.773187, 69
2417327798.355341, 77
2417327888.445386, 69
2417328046.312001, 78
2417328126.884863, 84
2417328230.45726, 69
2417328430.254855, 68
2417328496.179644, 32
2417328646.252966, 66
2417328775.952259, 89
2417328926.406757, 32
2417329702.628669, 65
2417329790.615313, 32
2417329918.377379, 70
2417330006.962419, 69
2417330086.18896, 87
new stimulus
2417339914.067376, 16
2417340188.142332, 73
2417340410.329692, 32
2417340559.800179, 84
2417340631.208182, 72
2417340698.16553, 73
2417340808.66234, 78
2417340887.090465, 75
2417340952.584698, 32
2417341086.706348, 84
2417341223.710397, 65
2417341320.138111, 75
2417341478.610057, 73
2417341526.815175, 78
2417341606.473659, 71
2417341662.310612, 32
2417341878.332581, 67
2417341966.861859, 76
2417342030.223284, 65
2417342110.347558, 83
2417342303.297307, 83
2417342414.634978, 69
2417342534.498055, 83
2417342630.300185, 32
2417342806.255441, 73
2417342918.594599, 78
2417342990.281687, 32
2417345158.726063, 77
2417345326.410585, 65
2417345440.352679, 78
2417345766.38403, 32
2417346172.72414, 8
2417346327.015917, 89
2417346486.401131, 32
2417346734.291488, 83
2417346822.483978, 85
2417347102.272683, 66
2417347390.493858, 74
2417347527.028234, 69
2417348182.821132, 67
2417348430.242371, 84
2417348670.342486, 83
2417348750.729199, 32
2417348879.769341, 73
2417349086.149011, 83
2417349166.355956, 32
2417349287.581998, 73
2417349366.262021, 77
2417349462.415088, 80
2417349582.039583, 79
2417349711.835141, 82
2417349870.263532, 84
2417349966.441845, 65
2417350013.996135, 78
2417350129.050961, 84
2417350256.004902, 188
2417350302.471427, 32
2417350463.490647, 66
2417350494.361154, 85
2417350726.449091, 84
2417350751.638029, 32
2417352198.604686, 77
2417352278.460694, 79
2417352392.41222, 83
2417352455.83218, 84
2417352550.395629, 76
2417352734.988922, 89
2417352883.669317, 32
2417353375.038492, 73
2417353478.83449, 78
2417353599.055994, 32
2417354110.087892, 83
2417354222.179592, 85
2417354326.521553, 66
2417354494.092888, 74
2417354638.181975, 69
2417354806.59001, 67
2417355038.180256, 84
2417355110.223273, 83
2417355190.310095, 32
2417355286.465659, 84
2417355431.9105, 65
2417355438.230136, 72
2417355575.382604, 84
2417355646.296521, 32
2417355767.249027, 65
2417356124.914069, 8
2417356282.093236, 8
2417356426.372912, 8
2417356578.005891, 8
2417356697.957742, 8
2417356870.328171, 72
2417356894.59968, 89
2417356998.356284, 65
2417357102.400851, 84
2417357207.625009, 32
2417357420.651671, 8
2417357554.060352, 8
2417357713.896097, 8
2417357849.912252, 8
2417357970.075774, 8
2417358077.902691, 65
2417358404.924156, 8
2417358549.904595, 72
2417358679.594456, 65
2417358750.432914, 84
2417358871.406782, 32
2417359054.128875, 65
2417359167.687573, 82
2417359238.587897, 69
2417359293.902189, 32
2417359550.256919, 65
2417359695.539746, 84
2417359742.519221, 32
2417359863.370191, 76
2417359902.289772, 69
2417359991.640769, 65
2417360070.011746, 83
2417360166.1834, 84
2417360229.978711, 32
2417360351.313225, 80
2417360430.381081, 65
2417360567.377085, 82
2417360709.85103, 84
2417360750.359121, 73
2417360877.957509, 65
2417360950.652742, 76
2417361077.899916, 76
2417361245.968388, 89
2417361302.45284, 32
2417361397.911524, 82
2417361461.992854, 69
2417361646.289308, 76
2417361759.905433, 69
2417361814.396342, 65
2417361966.302857, 84
2417362070.320237, 69
2417362413.013179, 8
2417362537.940841, 8
2417362681.903425, 8
2417362817.93678, 8
2417362957.972478, 65
2417363030.425801, 84
2417363118.176915, 69
2417363302.205103, 68
2417363382.459487, 32
2417363471.753613, 84
2417363510.263444, 79
2417363615.695113, 32
2417363751.392511, 84
2417363782.28965, 72
2417363957.993285, 69
2417364063.92431, 73
2417364229.877175, 82
2417364294.341623, 32
2417364487.150721, 70
2417364600.453083, 73
2417364693.857191, 69
2417364791.601265, 76
2417364863.676186, 68
2417364958.448532, 83
2417365023.570467, 190
2417365181.827135, 190
2417365342.165011, 190
2417365470.303259, 73
2417365717.969183, 75
2417366445.40811, 8
2417366685.918808, 190
2417366870.156448, 69
2417366927.68511, 190
2417367502.548106, 32
2417367741.942464, 16
2417367797.524189, 73
2417367895.262714, 32
2417368462.248636, 68
2417368558.360645, 79
2417368686.345203, 78
2417368798.617226, 222
2417368909.838103, 84
2417368951.637307, 32
2417369109.867898, 65
2417369231.740053, 71
2417369421.827656, 82
2417369670.088647, 69
2417369805.95222, 69
2417369925.676032, 32
2417370071.931772, 84
2417370118.503994, 72
2417370247.402929, 65
2417370310.329914, 84
2417370367.662162, 32
2417370573.90867, 65
2417370741.967709, 78
2417370822.396867, 32
2417370974.224041, 69
2417371054.255933, 78
2417371174.100423, 71
2417371254.537348, 73
2417371326.42723, 78
2417371413.983041, 69
2417371582.28732, 69
2417371687.656846, 82
2417371702.179248, 73
2417371773.583089, 78
2417371911.308985, 71
2417371990.403197, 32
2417372181.911471, 83
2417372262.358383, 84
2417372367.24076, 85
2417372454.285562, 68
2417372613.826686, 69
2417372727.502179, 78
2417372758.257833, 84
2417372845.996463, 32
2417372941.961717, 83
2417372998.00507, 72
2417373053.876422, 79
2417373175.488079, 85
2417373254.104018, 76
2417373349.837071, 68
2417373463.276479, 32
2417373526.252567, 72
2417373598.102777, 65
2417373679.626914, 86
2417373765.805054, 69
2417373837.998711, 32
2417373951.316332, 84
2417374125.682801, 79
2417374237.932075, 32
2417374310.074964, 84
2417374431.198362, 65
2417374510.270657, 75
2417374718.017454, 69
2417374750.146894, 32
2417375590.237633, 72
2417376214.118588, 85
2417376485.9592, 77
2417376645.8901, 65
2417376702.474978, 78
2417376846.212296, 73
2417376984.541859, 84
2417377095.590181, 73
2417377118.116715, 69
2417377286.057296, 83
2417377358.160792, 32
2417377677.831726, 67
2417377775.525309, 79
2417377903.725145, 85
2417378110.254622, 82
2417378277.929157, 83
2417378390.044715, 69
2417378502.124207, 83
2417380998.232277, 188
2417381118.520639, 32
2417381333.94671, 74
2417381525.631977, 85
2417381606.266704, 83
2417381677.946301, 84
2417381735.509918, 32
2417381861.625217, 84
2417381894.123071, 79
2417381993.587428, 32
2417382109.563013, 70
2417382263.39122, 85
2417382493.758596, 76
2417382661.881442, 70
2417382791.407625, 85
2417383253.275641, 8
2417383438.25871, 73
2417383669.800685, 76
2417383829.681094, 76
2417383927.348044, 32
2417384023.511931, 65
2417384118.365284, 32
2417384301.970683, 82
2417384374.09776, 69
2417384469.682669, 81
2417384574.383336, 85
2417384638.145356, 73
2417384754.857214, 82
2417384828.784471, 69
2417384919.224621, 77
2417385038.054584, 69
2417385118.202992, 78
2417385205.871158, 84
2417385421.744153, 190
2417386582.070099, 32
2417386757.947122, 16
2417387958.090382, 16
2417388109.484225, 68
2417388231.260393, 73
2417388373.613661, 70
2417388533.711013, 70
2417388647.176498, 69
2417388751.43995, 82
2417388854.037493, 69
2417388933.97201, 78
2417389027.837192, 84
2417389093.629096, 32
2417389239.446236, 69
2417389343.235576, 78
2417389431.519337, 71
2417389535.457374, 73
2417389622.223369, 78
2417389677.885546, 69
2417389853.990331, 69
2417389957.988569, 82
2417390014.112651, 73
2417390085.77061, 78
2417390173.790544, 71
2417390270.974783, 32
2417390367.263786, 84
2417390429.841776, 79
2417390534.938598, 80
2417390645.8815, 73
2417390725.784947, 67
2417390813.891991, 83
2417391149.910754, 32
2417391333.538347, 79
2417391423.520753, 82
2417391478.093223, 32
2417391765.69797, 77
2417391872.542263, 65
2417391950.204153, 84
2417392045.620115, 72
2417392133.761559, 69
2417392341.422356, 77
2417392501.963026, 65
2417392623.109172, 84
2417392717.634059, 73
2417392869.479542, 67
2417392991.16, 83
2417393111.357645, 32
2417393232.196687, 65
2417393349.921129, 82
2417393413.82075, 69
2417393471.588548, 32
