new stimulus
18127215.628223, 70
18127642.335278, 8
18127863.831742, 87
18128371.654953, 72
18128833.905463, 73
18129131.351434, 76
18129155.809233, 13
18129263.607254, 69
18129487.008198, 16
18129993.963088, 16
18130041.081289, 16
18130054.447606, 16
18130087.742027, 16
18130116.798875, 16
18130141.050551, 8
18130285.998005, 8
18130632.130149, 69
18130925.687263, 16
18131297.080333, 57
18131369.571815, 48
18132531.144979, 13
18132989.306891, 9
18133418.142303, 8
18133750.394628, 67
18134285.412097, 73
18134422.041147, 78
18134854.364824, 32
18135061.262954, 16
18135174.757771, 188
18135301.46466, 188
18136060.843774, 8
18136212.258139, 8
18136495.834556, 190
18136653.311076, 190
18136917.839084, 32
18138214.551283, 65
18138439.879178, 77
18138679.706091, 79
18138685.784892, 107
18138773.945822, 85
18139029.747898, 84
18139386.21528, 8
18139465.251904, 8
18139674.480907, 8
18139981.850427, 78
18140157.786674, 84
18140563.061738, 8
18140698.807487, 8
18141038.863603, 85
18141278.669987, 78
18141436.992913, 84
18142644.89835, 13
18144014.565043, 65
18144411.340271, 8
18144886.319867, 84
18145020.991727, 79
18145028.183811, 107
18145088.646689, 84
18145469.175993, 65
18145821.229642, 76
18145835.593002, 13
18146093.366139, 32
18146429.257643, 16
18146888.224624, 173
18147347.348347, 8
18147526.145614, 61
18148005.491505, 61
18148545.251727, 32
18148710.329246, 65
18149189.272602, 77
18149487.461778, 80
18149492.607897, 79
18149500.264934, 107
18149965.312381, 8
18150082.315159, 8
18150408.99414, 8
18150695.381364, 80
18150700.107194, 79
18150707.165284, 107
18150860.895818, 85
18151219.974821, 8
18152029.752891, 85
18152300.670132, 78
18152396.615712, 84
18152741.960541, 13
18153285.620161, 73
18153452.634064, 70
18153990.706746, 32
18155373.61991, 84
18155524.859778, 79
18155531.543907, 107
18155542.949428, 84
18155916.752712, 65
18156068.661714, 76
18156082.811462, 13
18156526.480182, 32
18156732.910029, 16
18156837.239205, 190
18157156.828747, 32
18157616.859907, 49
18157767.015345, 48
18157892.981525, 48
18158268.796651, 32
18158492.842316, 71
18158660.580282, 79
18158666.844399, 107
18158852.514163, 84
18159005.016287, 79
18159012.448337, 107
18159251.763135, 32
18159452.97834, 69
18159588.630044, 78
18160005.880169, 68
18161133.96361, 13
18161250.356899, 13
18161841.156359, 8
18162216.668543, 8
18162386.206402, 8
18162762.470947, 8
18162997.488804, 69
18163173.205613, 78
18163341.240417, 68
18163588.477741, 16
18163685.247809, 59
18164278.059943, 13
18165138.532975, 38
18165293.984061, 38
18165432.187186, 38
18165937.090287, 38
18165967.995299, 38
18165998.814311, 38
18166031.168005, 38
18166061.217458, 38
18166092.731682, 38
18166121.337447, 38
18166156.024233, 38
18166180.147187, 38
18166735.899217, 39
18166822.144847, 39
18166998.466428, 39
18167158.335409, 39
18167313.115418, 39
18167467.988363, 39
18167858.15603, 39
18168757.361169, 93
18168763.882454, 37
new stimulus
18178954.171241, 79
18178960.78019, 107
18179094.439472, 70
18179611.444414, 8
18179746.112391, 8
18179873.354698, 8
18180325.725491, 71
18180801.811711, 8
18180931.012317, 70
18181401.366509, 79
18181417.050383, 107
18181461.067041, 82
18181796.499695, 32
18183041.438327, 16
18183532.325951, 16
18183549.38388, 57
18183687.859153, 48
18184286.585301, 93
18184292.68796, 37
18185805.621226, 79
18185817.401539, 107
18186042.853163, 77
18186378.818184, 8
18186518.863648, 8
18186648.739214, 8
18186925.282509, 73
18186988.086248, 78
18187166.079555, 71
18187444.323428, 32
18187962.912431, 8
18188097.644769, 8
18188205.260249, 84
18188388.240437, 32
18188601.808826, 73
18188837.418972, 32
18189460.177081, 173
18190066.801344, 8
18190310.750978, 61
18190492.04335, 32
18190843.937205, 173
18190854.076863, 48
18191466.705579, 8
18191601.784413, 8
18191900.452969, 173
18192228.311257, 61
18192517.76923, 8
18192641.800692, 8
18192778.986522, 8
18192906.631641, 8
18193035.238017, 8
18193170.892772, 8
18193306.447657, 8
18193448.237253, 8
18193584.431588, 8
18193720.968813, 8
18194525.132481, 65
18194796.123238, 85
18194932.105348, 84
18195275.912166, 79
18195289.492373, 107
18195655.507401, 32
18196124.002332, 73
18196476.224374, 16
18196580.514156, 59
18199436.895261, 86
18199547.689683, 86
18199668.025094, 69
18200226.052235, 8
18200344.656275, 8
18200436.621171, 69
18200444.217731, 87
18200882.076746, 8
18201284.479692, 67
18201900.271814, 16
18202297.044546, 39
18202691.846494, 16
18203202.735738, 16
18203234.135942, 16
18203263.440526, 16
18203294.967788, 16
18203325.757117, 16
18203340.642302, 80
18203348.540138, 219
18203817.38323, 8
18203952.561935, 8
18204348.548184, 80
18204436.088527, 219
18205549.832466, 13
18205690.225535, 13
18205865.000785, 13
18206302.149607, 38
18206352.439815, 117
18207268.566116, 40
18208224.731722, 27
18208739.94537, 40
18211710.518168, 73
18211717.649496, 79
18211733.84604, 107
18211820.921707, 70
18212432.893495, 8
18212551.678134, 8
18212703.985509, 8
18212772.152864, 70
18213051.851521, 32
18219404.874193, 16
18220153.205935, 8
18220279.413192, 8
18220402.676758, 8
18220519.431524, 8
18220655.449421, 8
18220785.04313, 8
18221079.252733, 8
18221183.642387, 8
18221338.211281, 8
18221512.471363, 8
18221640.631094, 8
18221776.374069, 8
18222284.808156, 8
18222313.413089, 8
18222346.85149, 8
18222376.889291, 8
18222408.375773, 8
18222440.103332, 8
18222470.066508, 8
18222591.585942, 8
18222719.523461, 8
18222855.525545, 8
18223008.011855, 8
18223557.82629, 73
18223564.344245, 79
18223571.169581, 107
18223667.853094, 78
18223747.573833, 84
18223979.400264, 32
18224181.450778, 73
18224186.559168, 79
18224199.246641, 107
18224937.244809, 8
18225071.782399, 8
18225468.058828, 32
18225840.520237, 8
18226139.963902, 32
18226598.247045, 61
18226607.328073, 119
18226618.679497, 36
18226852.736376, 32
18228510.52527, 39
18228645.293117, 39
18229145.745033, 39
18229176.915257, 39
18229222.956796, 39
18229238.422896, 39
18229270.17459, 39
18229299.565728, 39
18229330.115089, 39
18229361.979139, 39
18229393.382118, 39
18229442.433096, 39
18229473.848281, 39
18229504.935003, 39
18229535.838906, 39
18229567.879116, 39
18229598.166317, 39
18229629.33127, 39
18229662.975239, 39
18229709.815466, 39
18229741.165458, 39
18230231.101813, 220
18230231.743205, 93
18230236.51897, 37
18231451.94662, 117
18231452.595225, 38
new stimulus
18257307.25023, 73
18257311.714176, 79
18257321.191635, 107
18257380.682716, 70
18257651.612996, 32
18258080.542731, 8
18258215.213482, 8
18258319.250536, 8
18258449.045928, 8
18258542.723886, 70
18258844.891526, 32
18259804.529861, 16
18260140.029927, 57
18260259.94921, 48
18261123.430017, 13
18261503.908553, 9
18261952.459845, 8
18264260.094577, 67
18264388.657675, 73
18264393.629298, 79
18264402.648739, 107
18264555.384727, 85
18265072.124456, 8
18265194.454231, 8
18265319.174246, 8
18265462.317368, 8
18265731.539302, 79
18265738.683115, 107
18265930.896079, 85
18266162.617091, 84
18266618.808774, 32
18266770.734421, 82
18266986.313264, 69
18267218.521979, 67
18267594.71051, 76
18267608.409175, 13
18267902.33803, 8
18268066.992485, 65
18268511.994757, 8
18268639.123323, 8
18268768.751432, 8
18269193.727671, 8
18269339.714891, 65
18269522.707008, 76
18269538.664694, 13
18269659.496129, 76
18269670.890553, 13
18270277.37028, 38
18270433.60979, 38
18270534.945062, 38
18270961.989181, 39
18271174.808539, 39
18271473.93983, 39
18271978.877885, 93
18271984.649583, 37
18274163.586392, 77
18274235.003431, 79
18274244.864283, 107
18274350.288709, 68
18274539.326893, 69
18274682.56184, 76
18274701.838842, 13
18275650.344082, 8
18276788.953348, 89
18276921.892451, 69
18277149.109291, 65
18277395.989023, 82
18277659.609316, 32
18277874.538444, 61
18278954.938304, 61
18279349.920297, 32
18279972.94029, 49
18280435.504561, 57
18280586.872873, 57
18280730.845478, 57
18281506.54431, 32
18281946.676772, 79
18281957.428693, 107
18282021.116011, 82
18282640.040747, 8
18282734.698548, 8
18283130.675365, 82
18283220.078021, 32
18283562.240856, 77
18283691.910577, 79
18283698.758661, 107
18283773.248946, 68
18283986.168452, 69
18284053.17786, 76
18284069.227649, 13
18284450.79977, 89
18284563.184357, 69
18284786.950384, 65
18285018.016133, 82
18285522.527518, 61
18285674.118876, 61
18286882.901512, 50
18287320.524443, 8
18287738.827927, 50
18287865.910164, 48
18288001.907809, 48
18288458.935077, 32
18288770.317184, 79
18288777.792789, 107
18288874.0918, 82
18289408.516425, 8
18289551.16158, 8
18289696.579536, 8
18289831.058036, 8
18290066.73726, 48
18290266.162559, 32
18290522.609634, 79
18290529.773698, 107
18290610.455693, 82
18290770.098023, 32
18291050.147337, 77
18291180.061187, 79
18291188.580997, 107
18291269.087386, 68
18291489.983515, 69
18291594.45362, 76
18291613.174953, 13
18291938.369187, 89
18292089.937242, 69
18292348.903834, 65
18292562.203959, 82
18292858.88148, 32
18293362.590015, 61
18293481.806318, 61
18293786.150863, 32
18294194.380992, 49
18294568.129625, 8
18294698.547268, 50
18295122.116161, 48
18295250.069215, 48
18295466.036722, 49
new stimulus
18308738.06558, 73
18308744.256181, 79
18308751.794761, 107
18309242.977003, 8
18309374.502657, 8
18309517.917649, 8
18310028.704248, 66
18310155.980955, 69
18310402.437901, 83
18310698.117546, 84
18310927.859452, 13
18311490.794965, 83
18311914.748084, 8
18312043.782516, 8
18312167.562359, 8
18312311.429822, 8
18312446.232624, 8
18312574.231452, 8
18312698.501217, 8
18313333.011619, 73
18313337.714978, 79
18313343.444509, 107
18313381.439792, 78
18313983.754353, 8
18314101.597433, 8
18314245.622469, 8
18314507.116625, 78
18314562.330185, 84
18314842.068512, 32
18317810.747926, 71
18318042.674783, 82
18318258.611219, 69
18319163.520644, 65
18320017.968417, 84
18320369.868653, 69
18320642.568032, 83
18320997.229972, 84
18321515.182022, 32
18321998.646196, 8
18322225.595049, 16
18322371.014947, 173
18322763.590332, 73
18322768.216568, 79
18322774.286492, 107
18322969.605993, 68
18323382.6105, 8
18323517.383341, 8
18323589.218727, 8
18323721.934785, 68
18323937.904788, 88
18324121.437872, 32
18324387.769935, 61
18324392.288533, 119
18324403.44937, 36
18324545.885074, 32
18324889.679131, 173
18325366.66391, 8
18325509.441394, 8
18325642.545839, 8
18327806.888198, 39
18328313.413644, 39
18328344.814958, 39
18328375.815403, 39
18328407.687497, 39
18328438.087052, 39
18328469.10969, 39
18328500.294896, 39
18328531.545849, 39
18328562.925248, 39
18328609.923604, 39
18328640.983693, 39
18328671.781345, 39
18328702.969879, 39
18328734.090168, 39
18328765.439328, 39
18328797.649319, 39
18328829.379097, 39
18328874.037426, 39
18328904.286065, 39
18328935.204116, 39
18328966.411515, 39
18328997.532082, 39
18329650.508314, 32
18329993.876256, 173
18330598.723374, 8
18331195.751719, 57
18331601.578291, 13
18331957.024771, 8
18332132.744354, 8
18332252.400366, 8
18332534.933133, 8
18332849.910865, 48
18333510.954437, 13
18334311.986046, 8
18334681.983422, 73
18334780.193849, 78
18335086.410139, 8
18335196.758471, 8
18335333.259077, 8
18335729.941647, 73
18335825.491072, 78
18335907.463898, 84
18336427.190873, 32
18336561.769521, 68
18336777.084816, 69
18336993.197135, 67
18337121.404582, 79
18337127.705596, 107
18337185.371261, 78
18337518.726048, 8
18337645.247898, 8
18337764.730801, 8
18337894.310084, 8
18338028.941719, 8
18338164.699674, 8
18338219.269067, 83
18338465.328472, 69
18338729.425926, 67
18338793.710249, 79
18338799.741057, 107
18338876.117234, 78
18339443.020669, 68
18339758.884476, 8
18339884.85787, 8
18340012.805653, 8
18340146.052413, 68
18340769.675791, 71
18340921.344826, 82
18341097.162615, 69
18341353.221304, 65
18341609.153767, 84
18341815.548936, 69
18342697.416786, 83
18343065.110476, 84
18343641.620924, 16
18343849.166828, 48
18344511.262649, 8
18344805.749394, 16
18344952.147471, 61
18345409.819183, 8
18345612.370161, 173
18346172.133667, 73
18346314.987996, 68
18346827.071805, 88
18347218.316689, 32
18347354.059386, 61
18347521.911926, 32
18347874.097625, 173
18347886.870266, 48
18348319.10822, 8
18348461.64324, 8
18348729.752725, 173
18349464.485673, 13
18349541.18005, 8
18349772.878869, 8
18350021.8631, 8
18350215.095301, 8
18350507.547456, 48
18350968.436395, 13
18351142.5328, 13
18351402.061166, 70
18351790.253333, 8
18351916.403997, 8
18352285.287813, 8
18352609.888927, 70
18352753.672886, 79
18352761.615942, 107
18352881.142954, 82
18353089.562449, 32
18354177.406844, 16
18354513.515845, 57
18355713.861065, 73
18355793.579307, 78
18356057.036201, 84
18356265.029858, 32
18356769.297115, 73
18357057.09224, 32
18357433.14872, 173
18357825.07328, 32
18358086.409584, 8
18358197.238683, 8
18358497.372011, 61
18358641.13239, 32
18359185.404551, 48
18359939.466934, 76
18359955.252897, 13
18360180.744747, 32
18360602.360612, 8
18360726.341306, 8
18360844.630752, 8
18360967.998628, 8
18361102.102335, 8
new stimulus
18376414.188807, 70
18376779.007606, 79
18376931.9192, 82
18377291.770259, 32
18377538.280746, 69
18378062.333236, 8
18378213.636633, 8
18378457.110216, 16
18378810.542081, 57
18379082.391727, 48
18379988.719318, 37
18384450.09152, 39
18385205.455274, 8
18385324.614984, 8
18385463.798229, 8
18385596.298733, 8
18385741.562445, 8
18391786.271818, 70
18391888.769198, 79
18391992.547975, 82
18392769.902442, 32
18393048.666198, 73
18393670.311302, 8
18393809.773076, 65
18394056.197564, 85
18394168.635693, 84
18394512.372879, 79
18394888.296476, 32
18395064.291258, 73
18395304.082939, 32
18395718.09725, 8
18395974.249152, 191
18396757.589763, 8
18397024.918868, 191
18397368.877435, 76
18398096.439939, 8
18398221.659863, 8
18398593.856338, 191
18398953.576178, 76
18399656.303871, 8
18399772.302393, 8
18400072.626029, 16
18400423.687351, 222
18401214.841186, 8
18401449.374115, 59
18401984.596042, 83
18402567.551207, 13
18402821.559493, 9
18403321.882408, 83
18403672.906001, 16
18403856.891555, 61
18403984.434029, 61
18404350.876282, 13
18404648.921201, 16
18404650.471417, 83
18405325.132647, 8
18405467.862138, 8
18405667.937707, 8
18405804.948208, 8
18405932.404405, 8
18406075.714811, 8
18406212.976099, 8
18406544.487993, 73
18406913.255016, 16
18407057.726419, 61
18407184.467985, 61
18407614.685221, 13
18408004.520262, 9
18408640.969822, 79
18409270.829021, 8
18409472.936683, 73
18409704.237128, 16
18409848.025526, 61
18410007.925023, 61
18410987.906758, 38
18411129.834231, 38
18411297.925073, 38
18412162.192085, 39
18412393.81822, 39
18412553.669169, 39
18412825.929394, 39
18413148.042615, 8
18413439.868081, 16
18413720.837871, 48
18413984.10723, 16
18414583.206229, 8
18415465.313491, 32
18415803.149424, 39
18415969.532754, 39
18416297.978892, 40
18416537.82356, 40
18416819.572064, 40
18419977.605365, 117
18419978.242318, 38
18420539.637879, 40
18421139.014297, 40
18421439.815094, 27
18421968.176176, 39
18422399.727519, 40
18422900.161679, 117
18422900.795304, 38
18423566.923963, 40
new stimulus
18444752.631733, 73
18444756.661519, 79
18444766.138701, 107
18445430.357609, 8
18445564.812528, 8
18445956.219702, 8
18446242.434372, 73
18446247.324156, 79
18446258.330193, 107
18446536.223686, 78
18447429.443514, 73
18447430.185055, 79
18447432.922069, 107
18447527.380683, 70
18447695.85048, 70
18447975.865116, 83
18448544.188658, 87
18448825.418111, 73
18448830.348954, 79
18448843.781851, 107
18448909.049346, 84
18449255.436992, 67
18449328.479151, 72
18449672.068751, 32
18449833.51236, 61
18449838.34999, 119
18449843.237832, 36
18450176.100201, 32
18450559.701919, 16
18451060.992471, 8
18451836.05213, 46
18452705.843383, 39
18453204.988378, 39
18453235.847062, 39
18453267.342421, 39
18453298.485459, 39
18453329.843774, 39
18453360.699128, 39
18453391.738966, 39
18453423.038191, 39
18453454.581266, 39
18453501.129649, 39
18453532.211932, 39
18453563.92784, 39
18453594.848387, 39
18453626.20365, 39
18453657.283714, 39
18453688.265849, 39
18453719.626938, 39
18453765.2984, 39
18453806.641295, 39
18453826.953625, 39
18453858.554681, 39
18453889.164519, 39
18454336.153665, 32
18454527.111309, 16
18454791.49173, 57
18454895.533778, 48
18455535.846673, 17
18456122.068445, 73
18456126.945468, 79
18456133.392682, 107
18456836.832232, 8
18456973.099805, 8
18457108.301813, 8
18457292.002736, 8
18457602.642192, 73
18457607.489531, 79
18457613.707874, 107
18457879.717853, 78
18458007.396263, 78
18458393.36797, 73
18458398.075212, 79
18458411.400193, 107
18458527.146264, 70
18458975.383517, 70
18459343.225348, 83
18459591.494394, 69
18460151.381351, 87
18460638.778214, 8
18460779.188205, 8
18460817.064198, 87
18461026.970658, 84
18461030.609561, 73
18461042.272526, 79
18461048.241469, 107
18461343.315787, 67
18461470.965345, 72
18461793.406475, 16
18462031.305605, 48
18463039.803776, 191
18463607.995543, 32
18463911.32751, 70
18464246.917183, 65
18464441.414691, 75
18464446.363011, 76
18464466.553553, 13
18464568.365431, 83
18464823.50836, 69
18465039.253377, 16
18465166.809722, 59
18465671.290868, 32
18465959.110406, 84
18466191.079708, 82
18466334.746319, 85
18466519.336924, 69
18467103.311049, 59
18469837.652836, 13
18470356.143911, 13
new stimulus
18505959.814495, 70
18506128.8702, 73
18506133.783288, 79
18506139.073387, 107
18506238.65565, 82
18506510.388502, 32
18507860.216974, 8
18508142.626845, 16
18508422.898094, 57
18508510.501134, 48
18509110.786931, 17
18509426.111991, 93
18509428.433709, 37
18511006.874715, 73
18511526.553143, 32
18511977.74768, 73
18512054.569948, 78
18512254.404994, 32
18512779.961649, 8
18512899.191823, 8
18513039.365731, 8
18513172.930413, 8
18514042.857325, 8
18514302.71249, 65
18514646.291548, 73
18515163.565031, 8
18515297.971957, 8
18518207.705418, 79
18518215.031772, 107
18518851.670532, 8
18518978.246479, 8
18519214.633954, 73
18519318.400802, 78
18519462.01942, 84
18519630.084462, 32
18520027.505244, 73
18520270.706125, 32
18520454.649511, 61
18520630.234269, 32
18520813.888585, 173
18521364.015393, 8
18521848.885525, 57
18522286.804739, 76
18522299.885592, 13
18522578.807753, 8
18522698.447952, 8
18522858.594352, 8
18523006.810632, 8
18523147.113817, 8
18523278.031924, 8
18523427.932968, 8
18523586.248958, 8
18523926.556139, 61
18524459.691044, 8
18524710.521774, 173
18525356.011582, 8
18525590.459344, 48
18527094.253324, 59
18527534.109477, 32
18527784.47026, 79
18527790.629513, 107
18528499.687903, 8
18528610.273706, 8
18528871.148663, 73
18529215.01485, 32
18529413.900569, 16
18529517.556173, 188
18529734.088504, 32
18536334.594571, 67
18536811.676724, 8
18536918.595328, 86
18537047.226394, 69
18537776.090547, 67
18538142.223756, 190
18538541.690501, 83
18538639.737251, 73
18538846.977716, 90
18539102.802263, 16
18539678.053784, 69
18539917.712581, 16
18540222.135636, 57
18540334.192591, 48
18541262.776385, 59
18542150.219244, 16
18542652.436097, 16
18542654.3833, 61
18542789.390838, 61
18543614.059086, 73
18544467.495113, 39
18544830.19138, 16
18544832.188795, 13
18545929.527572, 9
18546478.066157, 70
18546638.996265, 80
18546773.441197, 82
18546965.514342, 32
18547197.407077, 83
18547405.484237, 65
18547517.417186, 77
18547613.491487, 69
18547749.631171, 32
18547877.214703, 84
18548069.284797, 73
18548435.107574, 8
18548774.303692, 72
18549005.523686, 73
18549493.58996, 78
18549629.299645, 71
18549742.033779, 32
18549901.623122, 73
18549989.80458, 78
18550141.245577, 32
18550349.879517, 74
18550956.856378, 13
18551153.025612, 9
18551662.091382, 67
18551861.471185, 74
18552013.508077, 69
18552237.291859, 67
18552730.763639, 8
18552841.014875, 8
18552985.591975, 8
18553270.088313, 72
18553500.813669, 67
18554216.937917, 8
18554455.464013, 69
18554709.476738, 67
18554877.144239, 75
18555093.262939, 32
18555437.307783, 71
18555517.153083, 73
18555842.793962, 8
18555961.173015, 8
18556197.964411, 73
18556277.771427, 71
18556597.704692, 32
18556765.597457, 84
18556901.509102, 72
18557037.1744, 69
18557229.573235, 82
18557381.333818, 69
18557693.418349, 83
18557797.607429, 32
18558189.282589, 65
18558365.146707, 65
18558794.717002, 8
new stimulus
18575767.103841, 70
18576170.61674, 8
18577750.412937, 66
18577957.46448, 86
18578386.19059, 8
18578480.644488, 8
18578669.469059, 86
18578832.89871, 79
18578841.519778, 107
18579029.054906, 73
18579149.115672, 68
18579437.020932, 32
18579660.921507, 67
18579806.145825, 79
18579806.741166, 107
18579932.991701, 85
18580165.066422, 78
18580245.309263, 84
18580612.854811, 82
18580797.165778, 79
18580803.538643, 107
18581218.392701, 8
18581336.731529, 8
18581544.716863, 8
18581677.340263, 68
18581853.000756, 79
18581858.978854, 107
18582084.965896, 87
18582300.744203, 78
18582597.882794, 16
18582853.4646, 57
18583221.205451, 78
18583428.840128, 16
18584130.392397, 39
18584476.77394, 16
18584789.024645, 16
18585594.904981, 13
18587357.300748, 70
18587509.023047, 79
18587514.990326, 107
18587668.801312, 82
18588221.193522, 32
18588572.894571, 73
18589020.829437, 32
18590787.863647, 16
18591052.798906, 61
18591452.935895, 48
18592437.713924, 76
18592451.330472, 13
18593088.603967, 8
18593216.343686, 8
18593370.455116, 8
18593914.325297, 8
18594125.712897, 222
18594698.784461, 8
18594900.998929, 59
18595308.76993, 32
18595781.701065, 73
18596044.385625, 32
18596268.435452, 16
18596324.31121, 188
18596620.861673, 32
18597228.837798, 78
18600165.553847, 32
18600778.752935, 8
18601421.176155, 59
18602260.73264, 32
18603572.927861, 73
18604044.579541, 173
18604172.891852, 173
18604716.976478, 93
18604721.806617, 37
18605223.201202, 93
18605226.840105, 37
18605253.774144, 93
18605258.306058, 37
18605283.22354, 93
18605283.893784, 37
18605313.074361, 93
18605314.375732, 37
18605344.550856, 93
18605346.8612, 37
18605378.905849, 93
18605382.328087, 37
18605409.992848, 93
18605413.936634, 37
18605441.114247, 93
18605444.687124, 37
18605472.179885, 93
18605475.78411, 37
18605520.05211, 93
18605522.657073, 37
18605549.406351, 93
18605552.393597, 37
18605580.638718, 93
18605812.696793, 37
18606580.644543, 93
18606583.911427, 37
18607510.149645, 39
18607653.861475, 39
18608086.025636, 8
18608349.303872, 78
18608936.029714, 39
18609070.079879, 39
18609200.07862, 39
18609318.714563, 39
18609453.747068, 39
18609785.123304, 8
18610028.27952, 16
18610125.027672, 188
18610136.31196, 190
18610754.186943, 8
18610872.558506, 8
18611156.492238, 190
18611780.436035, 173
18612234.126788, 8
18612748.882973, 57
18613498.585718, 8
18613740.517963, 48
18614656.950534, 46
18614840.344077, 46
18615376.014312, 40
18616037.010723, 16
18616037.660993, 13
18616841.22183, 9
18616841.800525, 192
18617484.130533, 8
18617708.850049, 67
18617964.436848, 79
18617969.933069, 107
18618124.542189, 85
18618267.873124, 84
18619140.983693, 32
18619772.649998, 77
18620153.677269, 8
18620420.500641, 73
18620932.165825, 32
18621220.094666, 16
18621727.063704, 16
18621748.465735, 222
18622477.267746, 32
18622908.314741, 173
18623530.2442, 8
18624406.161694, 40
new stimulus
18634460.890325, 82
18634699.896911, 69
18635116.049844, 84
18635484.009023, 89
18635924.01526, 82
18636209.123583, 8
18636327.818339, 8
18636612.456993, 85
18636819.665, 82
18636995.830117, 78
18637235.97301, 32
18637860.238336, 16
18638371.855526, 16
18638402.474243, 16
18638433.273836, 16
18638465.079904, 16
18638506.949619, 16
18638527.363483, 16
18638558.334799, 16
18638589.569384, 16
18640811.995756, 78
18641409.472687, 8
18641635.7918, 16
18642077.168763, 56
18642148.182157, 57
18642832.164382, 8
18642997.707688, 8
18643148.100873, 8
18643620.310165, 16
18644044.362044, 32
18644149.373394, 16
18644283.541184, 57
18645180.270916, 78
18645507.700869, 16
18645796.139606, 188
18646554.921992, 8
18646947.904627, 16
18647036.172363, 190
18647820.172121, 48
18649184.940984, 39
18649605.651354, 17
18649607.280357, 16
18649923.85297, 16
18650003.915211, 191
18650419.920558, 32
18650827.92681, 84
18651075.59774, 82
18651283.502346, 85
18651387.764941, 69
18651651.697609, 16
18651940.209306, 59
18652267.321892, 32
18652921.145639, 8
18653044.040239, 71
18653323.662328, 65
18653673.243064, 8
18653799.389567, 8
18653924.019144, 70
18654211.482476, 65
18654363.893883, 76
18654379.091442, 13
18654444.036577, 83
18654643.52374, 69
18654715.725597, 16
18654811.648983, 59
18655328.551002, 8
18655831.789867, 8
18655862.808898, 8
18655897.044601, 8
18655926.08203, 8
18655957.090242, 8
18655984.52419, 8
18656015.449177, 8
18656046.717885, 8
18656077.659794, 8
18656128.413014, 8
18656159.862877, 8
18656191.141295, 8
18656224.867102, 8
18657036.470866, 93
18657043.064834, 37
18657544.282425, 93
18657549.88795, 37
18657577.028666, 93
18657581.403561, 37
18657607.157738, 93
18657612.475025, 37
18657638.22615, 93
18657644.261952, 37
18657669.746478, 93
18657674.648191, 37
18657699.764027, 93
18657703.340788, 37
18657731.579528, 93
18657734.990947, 37
18657762.865159, 93
18657766.334004, 37
18657794.077829, 93
18657797.610203, 37
18657841.043727, 93
18657844.43434, 37
18657871.811139, 93
18657875.999886, 37
18657902.924216, 93
18657906.40499, 37
18657934.58353, 93
18657936.638649, 37
18657969.023413, 93
18658006.353168, 37
18659057.616284, 13
18659541.815062, 38
18661260.075435, 66
18661675.921543, 79
18661681.762597, 107
18661811.554105, 79
18661831.845073, 107
18662012.217247, 76
18662029.395853, 13
18662203.989116, 32
18662459.228587, 73
18662920.913995, 8
18663039.639821, 8
18663168.579377, 8
18663319.579277, 8
18664014.410243, 75
18664019.297808, 76
18664030.949399, 13
18664740.033312, 83
18665232.710287, 8
18665574.589877, 83
18666055.02325, 73
18666361.318882, 8
18666487.217372, 8
18666708.021676, 73
18666827.090115, 83
18667115.181246, 80
18667676.248065, 79
18667680.967514, 107
18667898.999849, 83
18668043.421317, 73
18668251.618045, 84
18668314.953596, 73
18668555.203017, 86
18668770.997692, 69
18668867.029548, 16
18669051.347728, 57
18669484.058681, 66
18669491.324835, 78
18669929.15056, 8
18670055.548404, 8
18670275.509077, 78
18671122.045142, 39
18671539.323564, 16
18672271.454878, 39
18672695.455713, 9
18673725.873855, 39
18674237.856961, 39
18674268.821341, 39
18674299.715257, 39
18674330.972868, 39
18674362.258777, 39
18674395.499101, 39
18674426.68819, 39
18674458.128621, 39
18674487.156617, 39
18674537.326425, 39
18674760.337041, 38
18675371.80781, 16
18675373.404356, 191
18675571.004239, 16
18676049.04959, 8
18676740.015835, 80
18677240.921884, 8
18677611.130376, 219
18678960.111333, 46
18679398.984869, 39
18680053.295763, 39
18680685.165416, 39
18681175.135616, 40
18681713.303453, 13
18682058.820281, 16
18682566.015971, 16
18682598.820748, 16
18682603.304113, 219
18683750.508092, 8
18684507.206786, 16
18684605.078761, 221
18685747.49033, 93
18685754.96649, 37
18687255.801521, 8
18687748.047942, 8
18687906.614441, 8
18688055.365307, 8
18688599.946236, 46
