new stimulus
17449390.751633, 61
17449403.027138, 119
17449414.293949, 36
17450005.958956, 8
17450168.003455, 8
17450299.66976, 8
17451363.157891, 39
17451544.865837, 39
17451705.552371, 39
17451840.99074, 39
17452235.76772, 220
17452238.188199, 93
17452243.788176, 37
17453906.846086, 220
17453913.58126, 93
17453924.875258, 37
17456701.396637, 46
17457058.299289, 46
17457220.516897, 46
17457373.400194, 46
17457570.558427, 46
17457822.658904, 46
17458082.365927, 46
17458222.44912, 46
17458372.304113, 46
17458531.452359, 46
17458660.554205, 46
17458799.16569, 46
17458943.308352, 46
17459093.931796, 46
17459245.76423, 46
17459397.989767, 46
17459541.818391, 46
17459686.732555, 46
17459839.798116, 46
17459986.215335, 46
17460120.251075, 46
17460277.226299, 46
new stimulus
17475258.221168, 93
17475266.525146, 37
17476855.147423, 39
17481040.25791, 8
17481542.740809, 8
17481573.56537, 8
17481605.954295, 8
17481639.162716, 8
17481667.688307, 8
17481700.344387, 8
17481731.603109, 8
17481761.04973, 8
17481792.490438, 8
17481840.509973, 8
17481867.348858, 8
17481901.256929, 8
17481929.864913, 8
17481961.33586, 8
17481992.501646, 8
17482024.831759, 8
17482054.913947, 8
17482310.624197, 8
17482446.176585, 8
17483474.978208, 79
17483482.826387, 107
17484127.071971, 8
17484260.709615, 8
17484521.763784, 73
17484841.318371, 32
17484952.34749, 61
17485096.901009, 32
17485394.578348, 173
17485998.648415, 8
17486425.746076, 48
17487441.211621, 59
17487720.339627, 32
17488240.743227, 73
17488633.988578, 32
17488857.792056, 16
17488972.44371, 188
17489601.318072, 32
17489840.855359, 76
17489860.793173, 13
17490392.69079, 8
17490573.549557, 8
17491121.698646, 75
17492344.846584, 59
17492552.635229, 32
17494088.878889, 79
17494097.002545, 107
new stimulus
17508944.757588, 38
17510299.358774, 40
17511073.649982, 83
17511901.273019, 8
17512017.212451, 65
17512672.283473, 32
17513525.451513, 8
17513667.557643, 8
17516032.751234, 65
17516420.391615, 8
17516687.789521, 16
17517058.331192, 56
17517820.253128, 65
17518314.371294, 32
17518729.984925, 61
17519401.316574, 32
17520049.127822, 66
17521390.359085, 8
17521705.265242, 16
17522001.396248, 56
17522632.539896, 66
17523346.214536, 93
17523358.977467, 37
17524560.524743, 93
17524566.785531, 37
17525344.315882, 93
17525348.656377, 37
17526179.79431, 38
17526817.577978, 93
17526819.888599, 37
17527432.073722, 93
17527436.529623, 37
17527872.453087, 93
17527876.496466, 37
17528199.651395, 93
17528205.482739, 37
new stimulus
17552808.591272, 40
17553183.104472, 40
17553374.018561, 40
17553960.385146, 38
17554142.910367, 38
17554660.510095, 38
17555004.007592, 39
17555369.449473, 93
17555374.967888, 37
17556708.671113, 8
17556847.552805, 8
17556987.304759, 8
17557099.274327, 8
17557223.177067, 8
17557309.920663, 8
17557406.544532, 8
17557515.711337, 8
17557619.605244, 8
17557723.513298, 8
17557820.068921, 8
17557940.116649, 8
17558047.1956, 8
17558156.061129, 8
17558266.952648, 8
17558395.623939, 8
17558516.384633, 8
17558628.320079, 8
17558747.50864, 8
17558867.571902, 8
17560336.317342, 67
17560917.183821, 8
17560993.713689, 88
17562247.760536, 219
17562872.253622, 89
17563527.029193, 119
17563534.900953, 36
new stimulus
17572388.635759, 38
17576642.054253, 39
17577062.885577, 93
17577066.75446, 37
17578571.837328, 46
17578722.580616, 46
17578874.488509, 46
17578994.324843, 46
17579130.602681, 46
17579632.635883, 46
17579664.387301, 46
17579696.06215, 46
17579726.680034, 46
17579754.154763, 46
17579785.159923, 46
17579817.556617, 46
17579857.313786, 46
17579881.617895, 46
17579928.37351, 46
17579962.935734, 46
17579993.911211, 46
17580022.940595, 46
17580053.422266, 46
17580084.534788, 46
17580116.766694, 46
17580144.47168, 46
17580950.358674, 13
17581459.736818, 38
17581784.425318, 39
17582287.908311, 82
17582606.732733, 69
17583119.187728, 84
17583566.920079, 85
17583814.258661, 84
17584014.751468, 78
17584270.336048, 32
17585478.748608, 16
17585993.096432, 16
17586023.704606, 16
17586046.291492, 57
17586175.884369, 48
17586702.902744, 93
17586711.249444, 37
17587903.90295, 27
17588431.475607, 77
17588694.349921, 73
17588998.531344, 188
17589612.311625, 8
17589722.793396, 8
17590066.554996, 8
17590543.177466, 78
17590766.340107, 85
17591158.582866, 77
17591623.203643, 50
17592078.535051, 16
17592548.996326, 8
17592632.80927, 49
17593070.405292, 16
17593182.521892, 188
17593846.893103, 77
17594620.044675, 8
17594879.734499, 78
17595102.183064, 85
17595374.189174, 188
17595742.836074, 51
17595756.145243, 35
17596011.219094, 8
17596122.397742, 8
17596810.748758, 8
17597094.700246, 77
17597406.367816, 51
17597415.30736, 35
17598058.658546, 8
17598094.720775, 50
17598390.595446, 16
17598662.653988, 48
17599767.404286, 191
17600510.456747, 32
17600878.399004, 77
new stimulus
17614327.688784, 67
17615011.088985, 8
17615071.090239, 88
17615318.249054, 16
17615662.251176, 61
17615805.770755, 61
17616307.107359, 8
17616449.926178, 8
17616878.493882, 32
17617115.132975, 8
17617241.56938, 8
17617902.927545, 67
17618231.054929, 32
17618619.024329, 8
17618765.886527, 8
17618839.8278, 88
17619134.930415, 32
17619662.254782, 16
17619766.460784, 61
17619941.915987, 61
17620651.793873, 8
17620777.74535, 8
17620929.844662, 8
17621134.243248, 61
17621237.758478, 61
17621830.08818, 59
new stimulus
17651217.20951, 38
17651676.528536, 40
17652786.298173, 93
17652791.342757, 37
17654257.93293, 39
17654626.022773, 8
17654745.288457, 8
17654865.830544, 8
17654985.679085, 8
17655494.243004, 8
17655525.855434, 8
17655556.328228, 8
17655587.720388, 8
17655618.926122, 8
17655650.087192, 8
17655681.567016, 8
17655712.475358, 8
17655743.66417, 8
17655790.881409, 8
17655821.633009, 8
17655852.906433, 8
17655885.38441, 8
17655915.601979, 8
17656089.980519, 8
17656233.28177, 8
17656533.929987, 17
17656534.559727, 16
17657014.410798, 57
17657093.632461, 48
17657613.958938, 191
17658165.484769, 32
17658493.193806, 84
17659221.430715, 82
17659381.141289, 85
17659509.186169, 69
17660390.310537, 190
17660954.653673, 8
17661189.116138, 16
17661302.355452, 59
17661990.612424, 70
17662285.098059, 65
17662589.10443, 76
17662610.649886, 13
17662672.581421, 83
17662878.281101, 69
17663565.552404, 17
17663868.845532, 93
17663873.672342, 37
17665005.74895, 27
17665231.145645, 38
17665447.958447, 39
17665967.477358, 39
17666474.102674, 39
17666505.465428, 39
17666536.480575, 39
17666567.545104, 39
17666599.334527, 39
17666630.43512, 39
17666661.042462, 39
17666692.709544, 39
17666721.012645, 39
17666770.54439, 39
17666802.009511, 39
17666834.161521, 39
17666864.781069, 39
17666911.550277, 39
17666927.201692, 39
17666953.773145, 39
17668225.560927, 69
17668234.705206, 82
17668808.014241, 8
17668930.1071, 8
17669073.965408, 8
17669245.212167, 82
17669821.287345, 88
17670170.649476, 8
17670297.255384, 8
17670389.021926, 82
17670620.835874, 67
17670868.857184, 65
17671410.569601, 8
17671529.123151, 8
17671651.873769, 8
17671766.427217, 69
17672173.498567, 88
17672597.733543, 65
17672724.788315, 188
17673229.045307, 83
new stimulus
17688326.834334, 40
17688787.452512, 38
17689209.906182, 38
17691116.482062, 46
17691624.816001, 46
17691658.453034, 46
17691687.896604, 46
17691717.716632, 46
17691748.721515, 46
17691779.71863, 46
17691816.575109, 46
17691841.747261, 46
17691879.882363, 46
17691930.024706, 46
17691950.746783, 46
17691982.116472, 46
17692013.021484, 46
17692044.310722, 46
17692072.25734, 46
17692112.459212, 46
17692138.237524, 46
17692312.509258, 46
17692568.007006, 46
17692891.002974, 71
17693401.361516, 8
17693478.826007, 70
17693949.363296, 71
17694282.652612, 8
17694382.282591, 82
17694774.260137, 67
17694845.242461, 82
17695161.554854, 8
17695307.994822, 8
17695445.913038, 8
17695574.574897, 82
17696218.849333, 8
17696269.366192, 69
17696926.131688, 86
17697085.986243, 82
17697524.600392, 84
17698652.747361, 32
17698827.177224, 8
17698944.008557, 32
17699701.045147, 61
17699988.456047, 32
17700236.321448, 89
17700452.215993, 84
17700636.276451, 73
17700844.100327, 82
17701385.365823, 8
17701520.638296, 8
17701648.346667, 8
17701776.392933, 8
17701940.843763, 89
17702345.223874, 8
17702382.229049, 84
17702644.338519, 82
17702796.260283, 73
17702852.844846, 79
17702859.373344, 107
17703417.593569, 8
17703536.299698, 8
17703680.27258, 8
17704014.003547, 85
17704157.735629, 82
17704850.54976, 8
17704965.134556, 69
17706256.641545, 222
17706444.570053, 59
17706929.576398, 8
17707080.453679, 8
17707349.062518, 59
17708422.247824, 93
17708427.611717, 37
17708935.042381, 93
17708938.621084, 37
17708965.851961, 93
17708969.984114, 37
17708997.150908, 93
17709001.071114, 37
17709028.804951, 93
17709032.294603, 37
17709060.435136, 93
17709063.095306, 37
17709091.157607, 93
17709094.727433, 37
new stimulus
17720381.093019, 84
17720388.286489, 82
17720817.360481, 8
17720951.607059, 8
17721172.435498, 84
17721228.058806, 82
17721572.200469, 89
17721937.425963, 8
17722183.939502, 8
17722327.601952, 8
17722393.257279, 82
17722580.158783, 69
17723141.410364, 89
17723752.720507, 8
17723813.966262, 84
17724093.96037, 73
17724098.60769, 79
17724104.171047, 107
17724776.994655, 8
17724903.741492, 8
17725276.893952, 85
17725900.257666, 84
17726179.835091, 77
17726603.76768, 32
17726816.46109, 8
17726829.825742, 32
17727057.201265, 8
17727207.312039, 8
17727367.765263, 8
17727620.404765, 82
17727795.863296, 77
17728075.780004, 32
17728844.198256, 83
17729889.914383, 8
17730124.850124, 83
17730697.141309, 8
17731036.572956, 83
17731409.051843, 65
17731488.874395, 8
17731863.686652, 8
17731949.660411, 65
17732227.601619, 219
17733436.855868, 173
17734010.158245, 8
17734268.211575, 48
17734816.67276, 39
17735340.736069, 32
17736268.145549, 16
17736780.554493, 16
17736796.922481, 188
17736804.654976, 190
17737547.680806, 16
17737702.622551, 8
17737834.494423, 8
17738108.317904, 173
17738259.616307, 173
17738773.644268, 8
17738896.255067, 8
17739222.481578, 61
17739227.155807, 119
17739231.790644, 36
17739349.854549, 61
17739354.606456, 119
17739366.172602, 36
17740144.082462, 8
17740693.870264, 39
17741083.549673, 8
17741906.465745, 8
new stimulus
17757414.282298, 38
17758440.261461, 46
17758951.929697, 46
17758982.505691, 46
17759013.790767, 46
17759043.968664, 46
17759076.990382, 46
17759109.508308, 46
17759140.489333, 46
17759169.629407, 46
17759200.042833, 46
17759246.295765, 46
17759278.218627, 46
17759309.201039, 46
17759340.972153, 46
17759535.491855, 46
17759694.90143, 46
17759846.701684, 46
17759990.638779, 46
17760134.74177, 46
17760334.648668, 46
17760592.448714, 46
17761212.537222, 67
17761912.421649, 8
17762259.616862, 88
17762819.832283, 50
17763664.817577, 8
17763763.533461, 49
17764231.085722, 219
17764549.141139, 221
17764948.600394, 219
17765156.024233, 221
17765555.783378, 32
17765728.443031, 8
17765894.411064, 32
17766508.892383, 61
17766819.151497, 32
17767579.547907, 88
17768275.237761, 50
17769139.62656, 32
17769536.999626, 8
17770165.200138, 80
17770267.40817, 219
17770735.911423, 8
17770871.129521, 8
17771947.845815, 80
17772407.805678, 8
17772691.210927, 219
17772813.857236, 221
17773051.284199, 219
17773123.333198, 221
17773715.425152, 93
17773721.476767, 37
17774219.673544, 93
17774225.261592, 37
17774251.211349, 93
17774256.236236, 37
17774282.294741, 93
17774288.548317, 37
17774313.670811, 93
17774320.096386, 37
17774344.881261, 93
17774347.819959, 37
17774376.53253, 93
17774380.048259, 37
17774406.743718, 93
17774410.425898, 37
17774439.484134, 93
17774446.799946, 37
17774467.448784, 93
17774470.811377, 37
17774513.047839, 93
17774517.391663, 37
17774544.372864, 93
17774548.351882, 37
17774576.295448, 93
17774581.95618, 37
17776567.553981, 39
17777011.578907, 80
17777506.972644, 8
17777771.914284, 73
17778465.089337, 39
17778641.58597, 39
17779243.670273, 75
new stimulus
17789307.946828, 82
17789731.150916, 69
17790130.705048, 84
17790490.834359, 85
17790890.948045, 82
17791234.586748, 77
17791594.689426, 32
17792115.118271, 65
17792731.069355, 71
17793195.027655, 69
17793763.044649, 32
17794002.629375, 16
17794515.54128, 16
17794545.621248, 16
17794562.175662, 190
17795322.85809, 32
17796459.317361, 53
17796991.925724, 8
17797019.673156, 54
17797282.645954, 53
17800762.917869, 59
new stimulus
17828900.833865, 40
17829212.2537, 40
17840860.645864, 38
17841075.611056, 38
new stimulus
17857970.520643, 93
17857985.844426, 37
17859277.602202, 39
17859862.72595, 8
17859997.756513, 8
17860125.362239, 8
17860245.755908, 8
17860373.85211, 8
17860880.246891, 8
17860911.465664, 8
17860945.535471, 8
17860978.011783, 8
17861005.28788, 8
17861036.269737, 8
17861067.362839, 8
17861098.585496, 8
17861129.743515, 8
17861177.582172, 8
17861207.746754, 8
17861244.344401, 8
17861269.055483, 8
17861405.665114, 8
17862009.96211, 8
17862185.928873, 86
17862377.57618, 79
17862384.285554, 107
17862877.292103, 8
17863016.035917, 8
17863345.862769, 67
17863752.460566, 8
17863881.65923, 8
17863991.169481, 67
17864121.768278, 79
17864127.797422, 107
17864209.763034, 85
17864473.365018, 78
17864617.751254, 84
17865033.280549, 32
17865283.485701, 61
17865288.11804, 119
17865295.406665, 36
17865329.664284, 61
17865537.247084, 32
17866151.310054, 8
17866285.69229, 8
17866980.234463, 39
17867139.533348, 39
17867331.1973, 39
17867485.135066, 39
17867620.935467, 39
17867748.814728, 39
17867883.108744, 39
17868018.750738, 39
17868155.105976, 39
17868298.916845, 39
17868453.371443, 39
17868596.198585, 39
17868740.912175, 39
17869554.765528, 173
17870080.420666, 8
17870165.255344, 8
17870332.016518, 8
17870994.006366, 32
17871631.441041, 8
17872410.018925, 32
17872787.250551, 61
17872791.969168, 119
17872803.171341, 36
17873257.824736, 32
17874687.604482, 8
17875139.876792, 39
17875651.060377, 39
17875682.037519, 39
17875715.352746, 39
17875746.209487, 39
17875777.829963, 39
17875807.08683, 39
17875837.954113, 39
17875869.212835, 39
17875900.668246, 39
17875947.601131, 39
17875978.33137, 39
17876011.56559, 39
17876042.953866, 39
17876075.29036, 39
17876323.565508, 220
17876324.252675, 93
17876331.513558, 37
17879753.500886, 93
17879759.221817, 37
new stimulus
17893666.481258, 27
17894058.409979, 39
17894713.220782, 93
17894716.943465, 37
17895876.716182, 8
17896385.339191, 8
17896416.133236, 8
17896447.686299, 8
17896478.804091, 8
17896510.445651, 8
17896541.533482, 8
17896572.321701, 8
17896608.805051, 8
17896632.474148, 8
17896680.167716, 8
17896712.892318, 8
17896742.541456, 8
17896775.222781, 8
17896806.569166, 8
17896837.032805, 8
17896964.80526, 8
17897108.378104, 8
17898297.309758, 16
17898672.983678, 57
17898760.967337, 48
17899493.379677, 8
17900082.564004, 48
17900608.804774, 191
17901672.92542, 32
17902281.032486, 89
17902657.041805, 84
17903079.855842, 8
17903181.519578, 8
17903281.704672, 84
17903537.129736, 85
17903542.884234, 82
17904086.414023, 8
17904212.488396, 8
17904416.911118, 82
17904856.776981, 73
17905016.9428, 69
17905240.582046, 16
17905622.177471, 8
17905740.650014, 8
17906072.899564, 85
17906288.409607, 69
17906536.729975, 16
17906608.696303, 59
17907224.72118, 71
17907974.177023, 8
17908168.639022, 71
17908417.106976, 83
17908969.447864, 76
17908984.691196, 13
17909105.396406, 68
17909344.490378, 69
17909912.757604, 83
17910668.285313, 38
17911448.785432, 93
17911453.109559, 37
17912787.020294, 39
17912939.058851, 39
17913084.891826, 39
17913236.262913, 39
17913620.683571, 39
17915057.309736, 67
17915064.401116, 88
17915573.725718, 8
17915700.963031, 8
17915821.051539, 8
17916056.605647, 67
new stimulus
17929485.758427, 8
17929988.062945, 8
17930018.700803, 8
17930049.79335, 8
17930080.820704, 8
17930112.212864, 8
17930143.373102, 8
17930175.052945, 8
17930205.938815, 8
17930237.435562, 8
17930283.837745, 8
17930315.245163, 8
17930346.154059, 8
17930377.2774, 8
17930409.124804, 8
17930439.766546, 8
17930472.723348, 8
17930502.983362, 8
17930701.396359, 8
17930831.620364, 8
17931268.049007, 73
17931272.915211, 79
17931286.58003, 107
17931902.270617, 8
17932517.097599, 8
17932736.725647, 32
17932976.096484, 16
17933368.343681, 173
17933448.066085, 173
17934046.317015, 8
17934180.609089, 8
17934811.151293, 61
17934816.160368, 119
17934830.634418, 36
17935313.04107, 8
17935640.051566, 16
17935872.925531, 8
17936794.777757, 39
17937301.29377, 39
17937332.198505, 39
17937366.436982, 39
17937396.741937, 39
17937429.616623, 39
17937457.673099, 39
17937488.224957, 39
17937528.43321, 39
17937550.620058, 39
17937597.252499, 39
17937628.578078, 39
17937660.110889, 39
17937690.801457, 39
17937722.147843, 39
17937753.937266, 39
17937784.762382, 39
17937817.989945, 39
17937864.066438, 39
17937893.667027, 39
17937924.941561, 39
17937956.307366, 39
17937987.124437, 39
17938018.674171, 39
17938049.763112, 39
17938080.753569, 39
17938112.187896, 39
17938158.917434, 39
17938190.075729, 39
17938223.707214, 39
17938255.257502, 39
17938763.516261, 220
17938764.32355, 93
17938768.369703, 37
17940021.101308, 8
17940311.910866, 16
17940418.478812, 61
17940443.930603, 119
17940480.43365, 36
17946890.011479, 117
17946892.062436, 38
17949545.384888, 38
17949766.700752, 38
17949929.74701, 122
new stimulus
17970708.208101, 27
17971166.704857, 38
17971478.012893, 40
17972574.284717, 8
17972686.120569, 8
17972805.387917, 8
17972932.347534, 8
17973060.346362, 8
17973196.302672, 8
17973334.566829, 8
17973461.030699, 8
17973580.305538, 8
17973700.193749, 8
17973812.10173, 8
17973932.39525, 8
17974045.223985, 8
17974164.871674, 8
17974292.59669, 8
17974411.862096, 8
17974532.327893, 8
17974661.502145, 8
17975249.570694, 85
17975861.643739, 8
17976104.067847, 73
17976621.317195, 8
17976856.222698, 85
17977485.472408, 8
17978152.429162, 73
17978792.051562, 8
17978904.480813, 84
17979381.924443, 8
17979680.616302, 89
17980037.078136, 8
17980408.281173, 89
17980711.975726, 16
17980815.439356, 191
17981437.551911, 8
17981679.704981, 16
17981737.361769, 190
17982303.601617, 51
17982317.095824, 35
17982736.123371, 8
17982906.885479, 67
17983408.473425, 8
17983525.778867, 8
17983668.352725, 8
17984019.820188, 8
17984183.952541, 88
17984799.834269, 32
17985039.466434, 16
17985279.321644, 56
new stimulus
17998968.627814, 86
17999425.008419, 83
17999693.539026, 8
17999810.776778, 8
17999999.350839, 67
18000230.959219, 83
18000623.321269, 68
18000988.520686, 8
18001106.972145, 8
18001640.926268, 65
18001912.515972, 68
18002127.553848, 82
18002822.231956, 8
18002931.494749, 8
18003039.852324, 83
18003559.807338, 82
18003829.610187, 8
18003905.202934, 69
18004719.416377, 32
18005079.222494, 16
18005207.236303, 16
18005591.701626, 222
18005831.079952, 222
18006551.809353, 93
18006556.286338, 37
18008319.852535, 67
18008871.446056, 80
18009207.480432, 69
18009596.461023, 8
18009723.015331, 8
18010351.682739, 79
18010359.344215, 107
18011140.913229, 8
18011255.91665, 87
18012050.602581, 39
18012439.006418, 16
18013778.355672, 16
18014521.766836, 16
18015089.116082, 13
18015572.885694, 9
18016051.51945, 8
18016489.453368, 67
18016759.27314, 79
18016766.810332, 107
18016903.58364, 85
18016966.178206, 84
18017295.162536, 32
18017542.874525, 77
18017719.050184, 79
18017725.936552, 107
18017871.275444, 79
18017878.047237, 107
18018469.156574, 8
18018602.968159, 8
18018809.059555, 8
18019060.702846, 79
18019070.140634, 107
18020511.529249, 93
18020516.466194, 37
