new stimulus
16754902.203759, 83
16755041.340121, 77
16755252.738817, 65
16755449.196289, 76
16755471.942969, 13
16755559.724112, 76
16755581.164426, 13
16755794.328893, 32
16756218.058134, 8
16756336.413884, 8
16756478.647627, 8
16756612.224793, 8
16756918.491296, 76
16756936.025276, 13
16757173.956031, 32
16757285.961386, 70
16757654.853248, 82
16757838.736712, 73
16757945.096871, 69
16758072.075353, 78
16758182.095777, 70
16758729.938318, 8
16758816.335696, 70
16758919.064443, 83
16759451.801252, 8
16759761.489439, 8
16760046.370557, 71
16760309.026542, 83
16760461.769188, 32
16760925.77576, 89
16761133.400727, 79
16761142.472878, 107
16761222.304307, 85
16761444.953446, 32
16761974.669441, 71
16762454.647292, 69
16762694.059741, 84
16762909.047959, 32
16763045.139372, 84
16763119.051238, 79
16763125.449903, 107
16763309.227116, 32
16763453.669113, 75
16763546.475976, 78
16763672.346724, 79
16763685.678918, 107
16763764.665885, 87
16763896.214287, 32
16764022.513092, 84
16764127.76857, 72
16764383.749304, 77
16764813.119857, 8
16764909.815854, 69
16765050.73269, 77
16765220.531046, 32
16765352.369905, 66
16765548.031741, 69
16765792.407213, 84
16765951.675027, 84
16766204.93872, 69
16766375.903622, 32
16766422.754669, 82
16766966.015916, 8
16767109.121586, 8
16767141.900563, 82
16767529.249099, 32
16767710.345613, 65
16767862.912098, 78
16768037.855463, 70
16768245.170831, 32
16769033.443394, 8
16769153.263915, 8
16769230.371646, 68
16769424.119847, 32
16769558.951501, 65
16769606.875603, 72
16769880.819206, 86
16770022.111112, 69
16770215.733642, 32
16770575.378857, 77
16770982.202195, 79
16770988.704614, 107
16771064.2846, 82
16771244.187104, 69
16771357.485786, 32
16771557.134962, 73
16771669.762845, 78
16771869.231699, 84
16772037.088678, 73
16772221.036503, 77
16772357.029987, 73
16772469.105529, 84
16772620.791764, 69
16772814.444532, 32
16772998.000365, 67
16773118.622071, 79
16773125.140581, 107
16773205.092965, 78
16773509.137066, 86
16773676.825929, 69
16773836.995076, 82
16774181.930435, 83
16774484.836841, 65
16774941.046002, 84
16775053.62922, 73
16775181.036314, 79
16775187.439418, 107
16775356.853548, 66
16775364.911456, 78
16776037.38718, 83
16776830.534547, 13
16777218.921739, 13
16777814.387661, 76
16777828.823705, 13
16777958.513678, 65
16778212.429584, 82
16778701.000483, 69
16779403.474615, 8
16779581.213252, 71
16780135.091595, 69
16780388.957565, 32
16780892.8123, 71
16781285.967767, 82
16781421.718787, 79
16781431.284465, 107
16781525.180197, 85
16781662.73333, 80
16781996.163852, 83
16782244.649561, 32
16782557.3114, 79
16782563.177422, 107
16782621.78631, 78
16783557.064498, 32
16783676.417846, 84
16783780.396364, 72
16783924.350659, 69
16784061.410819, 32
16784245.720121, 79
16784251.453535, 107
16784364.806869, 84
16784500.968746, 72
16784598.473419, 69
16785053.167318, 84
16785525.097526, 32
16785787.414783, 8
16785922.352966, 8
16786074.062782, 8
16786173.635057, 82
16786412.511533, 32
16786769.512114, 8
16786921.416955, 8
16787013.139942, 69
16787084.692361, 82
16787388.775301, 84
16787396.809627, 32
16787612.732747, 72
16787860.374548, 65
16788292.890476, 78
16788740.619498, 68
16788924.847239, 32
16789838.512003, 65
16789972.696161, 76
16789987.112785, 13
16790108.871909, 76
16790122.686812, 13
16790269.042444, 79
16790275.43778, 107
16790343.111052, 87
16790510.270045, 32
16790660.439908, 70
16790744.108872, 79
16790751.621096, 107
16791052.850506, 82
16791276.150469, 32
16791476.134767, 83
16791612.509702, 79
16791618.287227, 107
16791695.464867, 77
16791766.073785, 69
16791940.290313, 32
16792124.169616, 77
16792183.70758, 79
16792190.260768, 107
16792260.345086, 82
16792362.532034, 69
16792566.950873, 32
16792716.248809, 83
16792859.943439, 80
16793078.535883, 79
16793086.393494, 107
16793140.338695, 78
16793396.041732, 84
16793765.710644, 69
16794003.94545, 78
16794244.074472, 84
16794532.223306, 73
16794977.244443, 8
16795119.983643, 8
16795508.887389, 73
16796000.884411, 8
16796111.691594, 8
16796876.960588, 78
16797236.317009, 73
16797468.435008, 69
16797756.262313, 84
16798220.514955, 89
16798500.028574, 32
16798692.179674, 83
16798764.920555, 79
16798770.851215, 107
16798859.997813, 77
16798964.0357, 69
16799196.202802, 84
16799319.472471, 73
16799391.112, 77
16799486.20951, 69
16799676.076066, 83
16799851.981242, 32
16800068.020045, 87
16800292.044349, 73
16800516.131904, 84
16800651.820782, 72
16800900.558666, 32
16801084.938432, 83
16801841.043449, 8
16801992.095227, 8
16802146.116774, 8
16802296.331579, 8
16802439.519643, 8
16802575.497592, 8
16802735.621243, 8
16803361.430127, 190
16803572.471785, 32
16804397.558658, 16
16805094.292163, 16
16805454.416757, 65
16805788.373265, 76
16805803.586082, 13
16805940.297526, 83
16806068.953836, 79
16806070.988426, 107
16806269.56954, 188
16806389.763467, 32
new stimulus
16815677.154947, 16
16816183.128052, 16
16816213.277653, 16
16816244.031472, 16
16816276.009263, 16
16816307.443868, 16
16816337.58154, 16
16816364.284212, 79
16816371.741785, 107
16816557.572452, 78
16816789.856901, 69
16817364.11887, 32
16817539.676163, 83
16817875.996557, 66
16818400.938729, 8
16818668.620712, 85
16818812.198827, 66
16819228.091541, 75
16819315.875181, 75
16819500.120122, 69
16819872.847299, 8
16819975.113034, 8
16820111.12566, 8
16820396.85235, 74
16820627.733893, 67
16820788.121369, 69
16821084.396633, 84
16821432.69514, 8
16821583.173771, 8
16821719.580609, 8
16821853.277342, 69
16822115.899483, 67
16822444.00828, 84
16822643.515972, 188
16822748.070413, 32
16822899.766357, 16
16823035.301545, 73
16823269.633346, 222
16823355.920311, 77
16823972.16851, 32
16824203.741381, 78
16824341.341675, 79
16824347.71343, 107
16824422.559366, 84
16824563.959465, 32
16824771.670155, 80
16824845.518215, 65
16825116.073147, 84
16825585.085464, 8
16825869.800408, 85
16826124.028687, 79
16826131.314815, 107
16826187.897991, 77
16826284.411447, 71
16826952.629347, 8
16827080.274744, 8
16827265.645173, 8
16827391.486238, 8
16827527.17789, 8
16827721.033174, 84
16827907.595672, 73
16827980.096031, 78
16828179.945781, 71
16828323.860682, 32
16828883.461066, 8
16829047.372594, 8
16829167.215308, 8
16829303.227102, 8
16829484.241223, 8
16829603.53659, 8
16830544.304619, 65
16831013.93336, 89
16831517.356986, 73
16831612.794611, 78
16831756.471487, 71
16831916.08663, 32
16832060.183518, 84
16832157.983364, 79
16832164.161759, 107
16832323.707547, 32
16832700.12051, 84
16832987.531965, 65
16833139.536399, 75
16833291.57884, 69
16833403.563666, 32
16833596.059598, 72
16833675.781724, 85
16833931.599336, 77
16834029.360344, 65
16834287.210881, 84
16834421.568703, 73
16834986.900282, 8
16835126.21447, 8
16835508.625228, 73
16836073.597273, 8
16836316.471077, 78
16836467.892931, 73
16836555.677958, 84
16836668.961382, 73
16836786.973133, 69
16837030.026704, 83
16837203.940845, 191
16837419.561578, 32
16837531.479824, 84
16838164.161204, 72
16838536.819581, 8
16838679.438382, 8
16838807.671629, 8
16838951.406763, 8
16839301.092364, 190
16839627.470622, 190
16840163.837456, 32
16840339.33344, 84
16840555.257391, 69
16841008.604699, 8
16841364.301967, 69
16841491.204713, 89
16841904.822038, 8
16842583.364358, 8
16842743.681924, 8
16843268.557793, 84
16843475.441775, 72
16843628.173324, 69
16843899.795486, 89
16844179.746594, 32
16844331.559332, 67
16844643.759546, 65
16844795.497936, 78
16844963.356856, 84
16845117.009436, 32
16845316.191993, 69
16845723.185112, 69
16846089.475339, 8
16846381.367663, 86
16846803.740881, 69
16847043.562246, 78
16847219.254364, 32
16847476.422728, 83
16847820.070863, 84
16848022.861253, 79
16848042.251719, 107
16848195.485674, 67
16848311.98133, 75
16848452.173271, 32
16848675.452151, 69
16848796.697495, 78
16849099.250747, 79
16849110.702596, 107
16849281.056621, 85
16849286.590572, 73
16849483.636172, 84
16849955.839083, 71
16850517.661592, 32
16850916.717757, 80
16851035.291836, 69
16851093.484874, 82
16851211.372895, 79
16851217.462793, 107
16851680.217929, 8
16851838.98084, 8
16851951.074137, 8
16852102.898804, 8
16852204.320076, 82
16852387.156562, 79
16852393.082506, 107
16852554.925321, 70
16852899.316384, 69
16853259.292559, 83
16853434.752201, 83
16853643.279334, 79
16853650.310514, 107
16853730.764471, 82
16853995.840659, 83
16854091.505768, 32
16854283.957313, 73
16854355.441209, 78
16854555.070134, 32
16854715.086979, 77
16854979.071523, 89
16855194.85843, 32
16855379.54946, 68
16855578.865734, 69
16855699.229164, 80
16856139.384096, 65
16856387.124659, 82
16856634.935131, 84
16856786.942062, 77
16856922.75994, 69
16857012.69413, 78
16857106.812907, 84
16857436.102676, 190
16857623.080192, 32
16857882.942293, 16
16858003.268271, 73
16858210.928193, 32
16859027.119355, 83
16859100.579305, 72
16859275.779005, 79
16859281.827568, 107
16859347.145554, 85
16859824.617758, 8
16859950.482126, 8
16860078.584431, 8
16860198.952854, 8
16860310.361759, 8
16860470.274017, 8
16860599.022431, 8
16860835.242899, 69
16860914.930903, 69
16861187.031058, 68
16861675.282648, 73
16861834.717745, 67
16862187.052419, 65
16862443.171862, 84
16862660.222689, 73
16862859.157789, 79
16862864.820462, 107
16863026.910458, 78
16863250.692576, 32
16863411.824922, 73
16863467.248765, 83
16863635.019189, 32
16863875.559068, 65
16864122.830515, 32
16864378.956061, 83
16864579.046333, 69
16864858.832654, 82
16865411.269807, 86
16865642.955864, 73
16865829.150227, 67
16865867.247877, 69
16867891.170535, 16
16868059.888899, 50
16868794.663183, 8
16868883.511001, 49
16869082.656107, 49
16869258.764909, 49
new stimulus
16880867.414883, 16
16881373.884013, 16
16881403.925143, 16
16881435.059858, 16
16881466.740256, 16
16881509.116537, 16
16885286.834978, 16
16885287.252771, 16
16885288.112769, 16
16885288.467033, 16
16885288.825736, 16
16885289.74316, 16
16885290.452797, 16
16885290.866706, 16
16885291.253705, 16
16885291.697575, 73
16885292.122026, 32
16885292.657722, 66
16885293.12545, 69
16885294.052029, 76
16885294.695641, 13
16885295.336478, 73
16885295.878, 69
16885296.194534, 86
16885296.615101, 32
16885297.01181, 8
16885297.409629, 8
16885297.890951, 73
16885298.914903, 8
16885299.262787, 16
16885299.621767, 16
16885299.965766, 16
16885300.240965, 16
16885300.612152, 16
16885300.8929, 16
16885301.269912, 16
16885371.548701, 69
16885807.270204, 8
16886187.363405, 67
16886193.244407, 32
16886364.309179, 69
16886943.976932, 8
16887095.482012, 8
16887246.909692, 8
16887338.857389, 86
16887458.846303, 69
16887682.388731, 32
16887842.756233, 73
16887931.912542, 84
16888114.321247, 32
16888370.274794, 68
16888594.286337, 69
16888706.621266, 80
16888874.302083, 69
16889002.217408, 78
16889146.820586, 68
16889378.979642, 69
16890039.703627, 8
16890130.772184, 83
16890283.50401, 32
16890435.278742, 79
16890441.459078, 107
16890522.666227, 78
16890730.333363, 32
16890874.110387, 84
16891378.524952, 72
16891594.149292, 69
16891757.218299, 32
16891980.322127, 67
16892242.586675, 76
16892251.512903, 13
16892610.842692, 65
16893066.462061, 83
16893220.549633, 83
16893724.555838, 190
16893922.316347, 32
16894146.0452, 83
16894218.599378, 79
16894224.760851, 107
16894363.774316, 77
16894422.721933, 69
16894548.206792, 32
16895500.388108, 89
16895843.863689, 79
16895849.739697, 107
16895923.555022, 85
16896362.831369, 32
16896586.483655, 78
16896722.662455, 69
16896906.48877, 69
16897146.251877, 68
16897234.25662, 32
16897482.600013, 79
16897488.595589, 107
16897999.479839, 8
16898157.76032, 8
16898267.056125, 84
16898426.411604, 79
16898431.885355, 107
16898614.633343, 32
16898812.148336, 80
16898817.34883, 82
16899004.609868, 79
16899009.772633, 107
16899323.162141, 86
16899498.438964, 87
16899722.715996, 32
16899978.349679, 89
16900242.540623, 79
16900256.210714, 107
16900285.724748, 85
16900759.858771, 8
16900902.214579, 8
16901029.676324, 8
16901157.972268, 8
16901293.973242, 8
16901405.786069, 8
16901578.352509, 87
16901754.295414, 32
16902027.319373, 89
16902366.956865, 8
16902486.255006, 8
16902717.968528, 8
16902979.326194, 82
16903226.339641, 32
16903930.266893, 89
16904154.339468, 79
16904163.943708, 107
16904226.624273, 85
16904370.179917, 82
16904554.065045, 32
16905506.555684, 70
16905698.156385, 82
16906138.476105, 65
16906584.425207, 83
16906814.114126, 80
16907037.906786, 32
16907311.253106, 79
16907314.581022, 107
16907461.389957, 70
16907582.311553, 32
16907735.491688, 84
16907821.736763, 72
16908055.976738, 69
16908167.223908, 32
16912145.044828, 77
16912145.684555, 65
16912146.482967, 84
16912147.561849, 69
16912148.092273, 82
16912148.607995, 73
16912149.194458, 65
16912149.638051, 76
16912150.339921, 13
16912150.886991, 32
16912151.399106, 84
16912151.874602, 79
16912152.314588, 107
16912152.797574, 32
16912153.278618, 71
16912153.697521, 69
16912154.109488, 84
16912258.98407, 32
16912427.009164, 84
16912507.9769, 72
16912842.520982, 32
16913474.548486, 69
16913646.750399, 8
16913773.853719, 8
16913954.908898, 69
16914177.913965, 32
16914354.092954, 68
16914673.983218, 82
16915118.52553, 8
16915203.948335, 69
16915714.013923, 71
16916177.840172, 82
16916602.150883, 69
16916817.923364, 69
16917009.492994, 190
16917209.732518, 32
16917465.914103, 85
16917471.512415, 73
16917656.787134, 80
16917998.30608, 8
16918653.825966, 8
16919194.668121, 219
16919792.900741, 8
16920298.915181, 80
16920562.316036, 32
16920697.696147, 84
16921162.315259, 79
16921168.98635, 107
16921409.723474, 32
16921698.489842, 80
16921977.79928, 82
16922393.966362, 79
16922399.981357, 107
16922611.08155, 67
16922835.607427, 69
16923065.613436, 83
16923281.817026, 83
16923465.939903, 79
16923471.83644, 107
16923537.752541, 82
16924963.075831, 93
16924967.960344, 37
16925464.36139, 93
16925468.721859, 37
16925498.10079, 93
16925503.024974, 37
16925529.369221, 93
16925533.701116, 37
16925558.230212, 93
16925562.861996, 37
16925589.469236, 93
16925594.067176, 37
16925620.403932, 93
16925624.540802, 37
16925651.556402, 93
16925655.68273, 37
16925683.07451, 93
16925687.202502, 37
16927509.978477, 39
16927780.184971, 39
16927972.780496, 39
16928309.818851, 8
16928314.797686, 220
16928465.716858, 71
16928911.098917, 8
16929046.408563, 8
16929306.325315, 70
16930741.568825, 39
16931254.031311, 39
16931284.710505, 39
16931315.72482, 39
16931347.061496, 39
16931378.220347, 39
16931407.851729, 39
16931438.816109, 39
16931470.16305, 39
16931842.671066, 32
16932273.736648, 73
16932609.440618, 77
16932615.528296, 188
16933102.963998, 8
new stimulus
16945082.174231, 16
16945588.197826, 16
16945618.8834, 16
16945650.764926, 16
16945685.529667, 16
16945714.382057, 16
16945742.988377, 16
16945774.478743, 16
16945805.758271, 16
16945836.705174, 16
16945865.631358, 67
16946065.288856, 72
16946313.420302, 65
16946473.337276, 78
16946921.466336, 71
16947096.020759, 69
16947273.052811, 32
16947481.273951, 73
16947601.396304, 83
16947753.321951, 32
16947937.138003, 78
16948035.039385, 69
16948257.084583, 67
16948433.401171, 69
16948658.286861, 83
16948833.445225, 83
16949161.074642, 65
16949385.318107, 82
16949921.409742, 89
16950306.144993, 190
16950612.370715, 32
16950738.78465, 16
16951281.95629, 16
16951282.765799, 89
16951561.459089, 79
16951567.970942, 107
16951657.549759, 85
16951937.989401, 32
16952138.564601, 77
16952353.726206, 85
16952521.675287, 83
16952777.448235, 84
16952921.445529, 32
16953201.400798, 66
16953921.633064, 87
16954518.372894, 8
16954617.845576, 69
16954857.079922, 65
16955217.330742, 82
16955417.521995, 32
16955624.95915, 65
16955753.252597, 32
16956161.5285, 79
16956168.116087, 107
16956534.466515, 8
16956853.245717, 8
16957618.185969, 76
16957630.651784, 13
16957825.817872, 79
16957831.543519, 107
16958140.459094, 8
16958277.816369, 8
16958422.958849, 8
16958933.323771, 8
16958959.923521, 8
16958994.271578, 8
16959025.647093, 8
16959055.365585, 8
16959086.010656, 8
16959122.893766, 8
16959153.979933, 8
16959179.456691, 8
16959225.480475, 8
16959261.984354, 8
16959286.394437, 8
16959318.246835, 8
16959477.555429, 8
16959612.96245, 8
16959733.176351, 8
16959869.109912, 8
16960012.723537, 8
16961188.993796, 8
16961308.617904, 8
16961588.435296, 32
16961658.798421, 70
16961793.343224, 79
16961799.494431, 107
16961896.940847, 82
16962040.805258, 32
16962321.176932, 70
16962440.97637, 85
16962809.652677, 76
16962821.402474, 13
16963185.935531, 70
16963288.922555, 85
16963628.542291, 76
16963641.856453, 13
16963764.09884, 76
16963775.28409, 13
16964050.279665, 77
16964265.935908, 69
16964354.950178, 78
16964497.643881, 84
16965137.6813, 190
16965321.562544, 32
16966426.487894, 69
16966430.702163, 87
16966862.60666, 8
16966981.295312, 8
16967282.614605, 69
16967424.841968, 73
16967785.615722, 84
16967791.81104, 72
16968189.686233, 8
16968300.989164, 8
16968437.932808, 8
16968564.895199, 8
16968665.619318, 87
16968849.108015, 73
16968962.323471, 84
16969128.700142, 72
16969281.093518, 79
16969287.397029, 107
16969385.444333, 85
16969498.468925, 84
16969664.945467, 32
16969824.661035, 67
16969944.588918, 72
16970096.820003, 65
16970248.862721, 78
16970793.092715, 71
16970952.74087, 69
16971136.958069, 32
16971251.087897, 65
16971634.350054, 68
16971840.77685, 32
16972117.953769, 8
16972228.744585, 8
16972625.445465, 78
16972706.548582, 68
16972833.154213, 32
16973001.116333, 82
16973249.081604, 69
16973504.894222, 83
16973930.387015, 80
16974425.241728, 79
16974432.657134, 107
16974538.580359, 78
16975089.356327, 83
16975216.694343, 73
16975376.675401, 66
16975560.810762, 73
16975784.964898, 76
16975797.137204, 13
16975985.436343, 73
16976080.948872, 84
16976281.249427, 89
16976424.781768, 32
16976634.118687, 77
16977063.603814, 8
16977314.411797, 76
16977325.947149, 13
16977553.316569, 73
16977897.243788, 70
16978033.109382, 69
16978304.764834, 32
16978600.907769, 76
16978612.570457, 13
16978793.188424, 65
16979080.873136, 67
16979224.560277, 75
16979448.814006, 83
16979633.614617, 32
16980233.069822, 77
16980336.559251, 69
16980560.692026, 65
16980712.597699, 78
16980888.475411, 73
16980960.743293, 78
16981016.600187, 71
16981432.930114, 32
16982070.684098, 8
new stimulus
17010381.091077, 73
17010537.702328, 68
17010920.944511, 8
17011509.454433, 8
17012185.652563, 71
17012192.301461, 72
17012617.794808, 82
17012951.064705, 8
17013076.490751, 8
17013224.795251, 82
17013344.756423, 79
17013350.83994, 107
17013515.389532, 85
17013632.615354, 80
17013808.34964, 83
17014026.576446, 32
17014235.073618, 79
17014240.581214, 107
17014269.836417, 70
17014864.840437, 32
17015064.593367, 80
17015152.211111, 69
17015264.725807, 79
17015270.361016, 107
17015424.172834, 80
17015496.664316, 76
17015508.633273, 13
17015528.983886, 69
17015744.322207, 32
17016304.24079, 86
17016456.024676, 69
17016788.907852, 8
17016923.783892, 8
17017184.83612, 66
17017266.061301, 69
17017680.506722, 67
17017840.12547, 65
17018016.071704, 85
17018176.655593, 83
17018417.964755, 69
17018583.854557, 32
17018840.029484, 70
17019261.501645, 8
17019488.828621, 79
17019494.757893, 107
17019584.032937, 70
17019720.418969, 32
17019888.04347, 84
17019996.310329, 73
17020000.471057, 79
17020009.110156, 107
17020248.100929, 68
17020696.258285, 65
17021048.19514, 89
17021280.042378, 83
17021527.99683, 32
17022160.388863, 87
17022258.120187, 73
17022262.626301, 79
17022274.943697, 107
17022448.819277, 82
17022580.062796, 75
17022584.053188, 76
17022599.251302, 13
17022945.38289, 32
17023160.454889, 67
17023616.495656, 73
17023617.049939, 79
17023617.34317, 107
17023927.610885, 8
17024236.907079, 8
17024836.544271, 8
17025460.007856, 75
17025464.524235, 76
17025481.302248, 13
17025675.1223, 73
17025681.729029, 79
17025694.51665, 107
17025761.391233, 77
17026009.18284, 65
17026296.108257, 84
17026527.880314, 69
17026928.544677, 32
17027624.625692, 80
17027696.058821, 69
17028126.027767, 73
17028129.734082, 79
17028134.952053, 107
17028449.804946, 80
17028531.305605, 75
17028535.659416, 76
17028546.489015, 13
17028665.685066, 69
17028832.172428, 32
17029010.489205, 75
17029021.840906, 76
17029030.606232, 13
17029170.941875, 73
17029175.171403, 79
17029179.677517, 107
17029362.194138, 75
17029366.519098, 76
17029379.825492, 13
17029504.408462, 69
17029664.055785, 32
17029801.461886, 84
17029938.356426, 73
17029942.324348, 79
17029947.793105, 107
17030608.469652, 32
17030912.399456, 85
17031000.463566, 83
17031279.895901, 69
17031345.452744, 32
17031392.159533, 69
17032249.984603, 8
17032456.481585, 71
17032896.546357, 82
17033089.95028, 73
17033094.630891, 79
17033104.321131, 107
17033171.409881, 85
17033321.742867, 80
17033840.197877, 191
17034053.232789, 191
17034498.696963, 8
17035102.162535, 32
17035608.283504, 80
17035696.135389, 65
17035882.022649, 73
17035887.310807, 79
17035894.170542, 107
17036008.214926, 82
17036840.150993, 69
17037056.254712, 68
17037239.906532, 32
17037468.140112, 80
17037546.323396, 82
17037681.814751, 73
17037686.359704, 79
17037691.822358, 107
17037943.843493, 71
17038159.803232, 82
17038607.868763, 65
17038831.903054, 77
17038951.566556, 77
17039137.795319, 73
17039142.328065, 79
17039149.843896, 107
17039249.442526, 78
17039268.547529, 71
17039472.080014, 32
17039687.868308, 65
17039904.014194, 83
17040087.768659, 32
17040208.013353, 65
17040313.468018, 32
17040535.691041, 66
17040711.754346, 85
17041110.378016, 90
17041279.744985, 90
17041683.842406, 32
17041879.706202, 87
17042066.431267, 73
17042071.356561, 79
17042077.437304, 107
17042143.394463, 82
17042423.617719, 68
17042615.731922, 32
17042863.960187, 70
17043034.081735, 73
17043038.947661, 79
17043045.633177, 107
17043159.617916, 82
17043424.125118, 32
17043719.587544, 80
17043840.154877, 82
17043953.733197, 73
17043958.055382, 79
17043963.738307, 107
17044119.544489, 70
17044295.502097, 85
17044471.547647, 67
17044743.657512, 84
17044897.780871, 73
17044901.71245, 79
17044907.546846, 107
17045127.514454, 86
17045305.824019, 73
17045315.928445, 79
17045325.319073, 107
17045608.427484, 84
17045895.679146, 89
new stimulus
17077913.998221, 70
17078564.615283, 8
17078759.650707, 69
17079140.155321, 8
17079239.586668, 68
17079399.668429, 69
17079592.78994, 80
17079766.940442, 69
17079966.910314, 78
17080102.951514, 68
17080655.700485, 83
17080782.940018, 32
17080970.243501, 73
17080974.165649, 79
17080984.246216, 107
17081075.914275, 78
17081279.252844, 32
17081446.956687, 87
17081591.108227, 72
17081735.041438, 69
17082175.204138, 84
17082334.977409, 72
17082446.687314, 69
17082592.742501, 82
17082775.19809, 32
17082878.769636, 84
17083007.073902, 72
17083096.456862, 69
17083214.977398, 32
17083391.112554, 78
17083486.869766, 69
17083655.377014, 87
17083878.960223, 32
17084079.11874, 66
17084246.910247, 85
17084513.012884, 73
17084517.095657, 79
17084522.020119, 107
17085089.324146, 75
17085094.305201, 76
17085109.027819, 13
17085239.725377, 68
17085633.149663, 73
17085637.102049, 79
17085642.502284, 107
17085711.26387, 78
17085784.414776, 71
17086078.825231, 83
17086415.63943, 32
17086631.402479, 87
17086706.705324, 73
17086710.660761, 79
17086716.20137, 107
17086896.897847, 75
17086899.946125, 76
17086908.117219, 13
17087033.105221, 75
17087041.081844, 76
17087055.304553, 13
17087255.143206, 32
17087815.909858, 65
17088094.927729, 68
17088249.023069, 68
17088416.561848, 32
17088512.133189, 65
17088647.895029, 32
17088841.969196, 75
17088845.590899, 76
17088851.86861, 13
17088996.323645, 73
17088998.657015, 79
17089007.516385, 107
17089028.209333, 84
17089223.261402, 32
17089975.224556, 84
17090088.935205, 73
17090093.95926, 79
17090102.028264, 107
17090318.676001, 32
17090510.582418, 84
17090646.853876, 72
17090824.07152, 69
17090942.858379, 32
17091206.69922, 86
17091342.850278, 65
17091536.84122, 75
17091541.231928, 76
17091559.780151, 13
17091986.316038, 85
17092173.607038, 69
17092312.468478, 32
17092819.512142, 73
17092822.971, 79
17092840.312728, 107
17092919.711107, 70
17093316.454986, 8
17093458.673194, 8
17093602.484895, 8
17094035.096256, 8
17094439.495508, 70
17094851.947674, 8
17095113.498978, 73
17095118.431207, 79
17095123.783449, 107
17095319.152884, 70
17095510.82405, 32
17095662.8332, 84
17095782.506412, 72
17095886.638898, 69
17096063.925898, 32
17096583.32219, 67
17096744.860122, 73
17096748.932908, 79
17096753.544441, 107
17097510.882585, 84
17097750.799104, 89
17097958.619097, 32
17098270.883395, 65
17098438.757296, 78
17098558.449373, 68
17098703.08473, 32
17098966.607927, 66
17099086.67868, 69
17099248.687115, 73
17099252.837023, 79
17099261.224504, 107
17099343.424535, 78
17099348.372855, 82
17099566.980556, 32
17101268.04013, 8
17101386.129557, 8
17101506.479394, 8
17101642.308646, 8
17101770.076661, 8
17101899.97137, 8
17102035.972067, 8
17102146.225245, 8
17102594.925232, 8
17102723.449769, 8
17102865.843306, 8
17102994.471597, 8
17103138.273311, 8
17103479.273484, 188
17103485.978697, 190
17103734.585638, 32
17103816.316832, 16
17104315.503162, 16
17104346.051969, 16
17104376.977233, 16
17104408.374386, 16
17104439.538785, 16
17104470.417165, 16
17104503.039955, 16
17104534.199638, 16
17104564.702115, 16
17104611.173653, 16
17104643.239663, 16
17104673.783754, 16
17104705.114327, 16
17104736.211868, 16
17104767.023112, 16
17104798.18335, 16
17104829.608523, 16
17105062.522158, 16
17105563.061461, 16
17105593.60888, 16
17105625.144465, 16
17105655.960704, 16
17105689.260673, 16
17105718.597991, 16
17105749.689984, 16
17105782.066981, 16
17105812.591652, 16
17105830.094283, 71
17105966.655643, 69
17106174.462043, 78
17106654.960331, 69
17106830.483779, 82
17107182.533544, 65
17107328.248893, 75
17107333.099006, 76
17107348.80757, 13
17107425.101354, 75
17107429.324224, 76
17107440.147442, 13
17107751.5154, 84
17108139.976386, 8
17108249.85588, 8
17108374.901863, 89
17108652.074066, 8
17108858.882867, 8
17109145.735323, 8
17109390.774658, 89
17109814.483093, 32
17110520.868553, 73
17110525.080326, 79
17110529.591711, 107
17110558.497089, 16
17110942.230857, 32
17111486.903057, 80
17111678.179178, 82
17111878.31994, 69
17112142.145246, 70
17112318.413008, 69
17112432.431315, 82
17112718.386321, 32
17113262.514779, 77
17113390.384885, 65
17113544.515734, 73
17113548.642894, 79
17113554.376587, 107
17113614.965414, 78
17113846.268633, 84
17114110.311435, 65
17114320.448153, 73
17114324.665751, 79
17114329.884, 107
17114398.592876, 78
17114495.684472, 71
17114591.970167, 78
17115155.721846, 8
17115282.012607, 8
17115750.917285, 71
17116046.406066, 32
17116142.143581, 84
17116278.252749, 72
17116430.236377, 69
17116534.324199, 32
17116712.821299, 73
17116717.72329, 79
17116724.130832, 107
17116905.36994, 75
17116912.526514, 76
17116928.237574, 13
17117031.145811, 68
17117182.183996, 32
17117368.659939, 73
17117372.898899, 79
17117380.772877, 107
17117454.494712, 78
17117591.768206, 69
17117870.259258, 83
new stimulus
17141934.737497, 16
17142441.171672, 16
17142471.447499, 16
17142502.715375, 16
17142534.28647, 16
17142564.912122, 16
17142595.97443, 16
17142627.869828, 16
17142658.709924, 16
17142690.001658, 16
17142736.969776, 16
17142768.458477, 16
17142799.060271, 16
17142830.334805, 16
17142861.779397, 16
17142892.88748, 16
17142924.045776, 16
17142955.050936, 16
17143002.041247, 16
17143032.997305, 16
17143064.295419, 16
17143095.339696, 16
17143126.793165, 16
17143158.010274, 16
17143188.917228, 16
17143220.079408, 16
17143251.870496, 16
17143298.885497, 16
17143330.006064, 16
17143360.641703, 16
17143391.942592, 16
17143423.402996, 16
17143454.334086, 16
17143485.302073, 16
17143516.613503, 16
17143547.724361, 16
17143594.777646, 16
17143626.01029, 16
17143656.894495, 16
17143688.430081, 16
17143719.444951, 16
17143751.41331, 16
17143782.504748, 16
17143813.561508, 16
17143860.383148, 16
17143870.039265, 80
17144442.875024, 8
17144549.917911, 16
17145776.448417, 73
17145781.099066, 79
17145791.429311, 107
17145852.531641, 83
17146157.729526, 32
17146523.003014, 8
17146649.193904, 8
17146788.895368, 8
17146923.080081, 8
17147005.997795, 83
17147189.874601, 32
17147495.965497, 73
17147499.550026, 79
17147510.639289, 107
17147669.891568, 84
17147805.584884, 32
17148323.079471, 8
17148465.184214, 8
17148569.068133, 8
17148697.230361, 8
17148789.849134, 84
17149005.639647, 32
17149269.904662, 82
17149485.646072, 69
17149773.848725, 65
17150023.606677, 75
17150028.272307, 76
17150046.529518, 13
17150176.210336, 75
17150180.495902, 76
17150190.938779, 13
17150310.311824, 84
17150786.876868, 8
17150922.495005, 8
17151057.227343, 8
17151192.993066, 8
17151346.095524, 8
17151673.172323, 8
17151961.561956, 8
17152375.641739, 75
17152375.967706, 76
17152396.096106, 13
17152474.153997, 75
17152479.612767, 76
17152486.250845, 13
17153054.942244, 84
17153342.095976, 32
17154091.405897, 8
17154225.742081, 8
17154549.16888, 89
17154934.833762, 32
17155078.318941, 70
17155365.636074, 82
17155565.688339, 69
17155765.660154, 69
17155941.70071, 32
17156069.49841, 84
17156199.995117, 73
17156203.479775, 79
17156210.169452, 107
17156310.005831, 77
17156367.07449, 69
17156525.456229, 32
17156688.027269, 73
17156691.758552, 79
17156697.21649, 107
17156781.425588, 70
17156917.351659, 32
17157160.823578, 89
17157362.310932, 73
17157369.136544, 79
17157372.337958, 107
17157422.442295, 85
17157646.461051, 32
17157773.629842, 65
17157948.13322, 82
17158166.065407, 69
17158341.726455, 32
17161061.116477, 66
17161261.736064, 82
17161626.805927, 8
17161878.514965, 85
17162037.569167, 82
17162357.621999, 68
17162637.582816, 69
17162933.489945, 78
17163085.38896, 69
17163317.333294, 68
17163494.914358, 32
17163781.62422, 87
17163912.951797, 73
17163917.565549, 79
17163928.785199, 107
17164069.608267, 84
17164157.624107, 72
17164381.57656, 32
17164605.207484, 80
17164672.076241, 75
17164675.781169, 76
17164688.850925, 13
17164742.777539, 65
17164949.343321, 78
17165293.541578, 83
17165421.149246, 16
17165452.77416, 191
17165821.494022, 32
17165997.498514, 16
17166397.900716, 78
17166583.479764, 73
17166587.393034, 79
17166592.957223, 107
17166765.640734, 32
17167053.084092, 80
17167370.475368, 8
17167504.728049, 8
17167649.663019, 8
17167768.908451, 8
17167897.735652, 8
17168440.093345, 73
17168445.645328, 79
17168450.775357, 107
17168885.492881, 32
17169130.359107, 8
17169256.6679, 8
17169385.044018, 8
17169520.85607, 8
17169825.172318, 73
17169829.406284, 79
17169840.754379, 107
17170069.397429, 32
17170277.539228, 80
17170352.537466, 75
17170357.098509, 76
17170363.873632, 13
17170403.612215, 65
17170725.982326, 78
17170949.395476, 67
17171451.210905, 8
17171601.128317, 8
17171712.870402, 8
17171833.883547, 8
17171963.229243, 8
17172136.812701, 8
17172399.678693, 75
17172404.043046, 76
17172415.252986, 13
17172510.710308, 65
17172661.333197, 78
17172813.072973, 67
17172909.74428, 69
17173426.587765, 8
17173552.546177, 8
17173701.910417, 83
17174013.152149, 32
17174117.116242, 65
17174247.421808, 75
17174251.879096, 76
17174262.483153, 13
17174383.441369, 75
17174387.44591, 76
17174396.256454, 13
17174592.018993, 73
17174596.46352, 79
17174605.16809, 107
17174725.310972, 87
17174917.354989, 83
17175023.788941, 32
17175165.24508, 70
17175265.190761, 73
17175268.935638, 79
17175273.767719, 107
17175388.981423, 82
17175573.112622, 32
17176325.832575, 83
17176517.387225, 80
17177095.831282, 73
17177100.329629, 79
17177111.959858, 107
17177293.476107, 78
17177469.048658, 69
17177963.48863, 8
17178093.482654, 84
17178365.080404, 69
17178517.110361, 78
17178799.104658, 73
17178803.634353, 79
17178816.432515, 107
17179045.079449, 69
17180101.346923, 82
17180731.226096, 8
17180965.471065, 89
17181373.808278, 84
17181384.513038, 8
17181573.447744, 89
17182067.295982, 8
17182200.74609, 8
17182333.529838, 84
17182822.65502, 89
17183541.411973, 32
17184131.279305, 8
17186014.038779, 32
17186813.235263, 87
17187021.031398, 72
17187130.617384, 67
17187133.377424, 73
17187141.72884, 79
17187147.845926, 107
17187300.860442, 72
17187669.231588, 32
17187846.944148, 73
17187851.283533, 79
17187856.99198, 107
17188037.243755, 83
17188172.914878, 32
17188444.744272, 86
17188580.824311, 65
17188823.24287, 75
17188827.085121, 76
17188838.164397, 13
17189093.300113, 85
17189365.065423, 65
17189525.057023, 66
17189815.359737, 75
17189819.408942, 76
17189834.273598, 13
17189889.848357, 69
17190578.945076, 8
17190729.647583, 8
17190872.42368, 8
17191032.383099, 8
17191093.369468, 69
17191453.020785, 32
17191725.154785, 84
17191832.696749, 73
17191836.846103, 79
17191842.120667, 107
17192036.98742, 32
17192140.923771, 77
17192276.785204, 69
new stimulus
17211789.780056, 16
17212296.929694, 16
17212327.66132, 16
17212358.671474, 16
17212390.24895, 16
17212421.08433, 16
17212452.094206, 16
17212483.205064, 16
17212514.664914, 16
17212546.047919, 16
17212592.542205, 16
17212624.067525, 16
17212654.772796, 16
17212686.064808, 16
17212717.127949, 16
17212748.067084, 16
17212779.737217, 16
17212810.859171, 16
17212828.604821, 84
17213012.671104, 72
17213172.550627, 69
17213324.501797, 89
17213620.415029, 32
17213868.338688, 87
17213976.65465, 73
17213980.64421, 79
17213990.245399, 107
17214108.896877, 85
17214302.727748, 75
17214306.79776, 76
17214317.66592, 13
17214444.979523, 68
17214588.412825, 32
17214790.776822, 75
17214794.889556, 76
17214818.871582, 13
17214999.307285, 73
17215003.583419, 79
17215009.218072, 107
17215324.300668, 69
17215713.720136, 8
17215832.912304, 8
17215960.160436, 8
17216381.229231, 86
17216508.393029, 86
17216588.488006, 69
17216868.59641, 32
17217094.585117, 73
17217099.472127, 79
17217104.612698, 107
17217201.601095, 78
17217405.882888, 32
17217726.724976, 87
17217918.309032, 72
17218117.948221, 65
17218445.112684, 84
17218645.551672, 86
17218781.099621, 69
17218972.985786, 82
17219101.036492, 32
17219260.884111, 87
17219541.057986, 65
17219842.024957, 83
17219972.456471, 32
17220196.490762, 77
17220296.759359, 73
17220300.248178, 79
17220306.056774, 107
17220384.668947, 83
17220660.302586, 84
17220884.436748, 32
17221196.403375, 67
17221294.453454, 73
17221298.846104, 79
17221303.719798, 107
17222117.003332, 8
17222242.596385, 8
17222370.123878, 8
17222753.0437, 73
17222757.604188, 79
17222762.543353, 107
17223197.133264, 86
17223621.24257, 78
17223756.6163, 69
17224028.582184, 78
17224260.1631, 67
17224674.131082, 8
17224919.223127, 73
17224923.899854, 79
17224934.944729, 107
17225236.814699, 69
17225460.432307, 78
17225492.042795, 67
17226114.162286, 8
17226253.880673, 84
17226622.050136, 188
17226628.268756, 190
17226764.364885, 32
17226876.591066, 16
17227381.659508, 16
17227412.165314, 16
17227445.589845, 16
17227446.176863, 69
17227748.238251, 65
17228260.47048, 84
17228689.856014, 8
17228766.426939, 82
17228940.370764, 84
17229068.25807, 72
17229316.44389, 32
17229508.285113, 72
17229694.706959, 73
17229698.560584, 79
17229703.5802, 107
17229808.541337, 85
17229911.107516, 83
17230084.35391, 69
17230332.47315, 83
17230500.385612, 32
17230684.171702, 87
17230766.935171, 73
17230770.980492, 79
17230778.182007, 107
17230908.869024, 85
17231038.596726, 75
17231043.43824, 76
17231057.801322, 13
17231124.659537, 68
17231268.313387, 32
17231468.234157, 66
17231532.338158, 69
17231684.363121, 32
17232741.03951, 66
17232860.081594, 69
17232972.137162, 69
17233281.355956, 8
17233399.684241, 8
17233535.790912, 8
17233958.118356, 70
17234071.537715, 73
17234075.909559, 79
17234087.289557, 107
17234172.489595, 82
17234412.511533, 71
17234590.430492, 73
17234595.045077, 79
17234603.679183, 107
17234700.610432, 84
17234864.637089, 84
17235076.246345, 69
17235196.008608, 78
17235484.124707, 32
17235628.313421, 65
17235772.217503, 78
17236132.242781, 68
17236356.320349, 32
17236662.408195, 73
17236668.016771, 79
17236678.022159, 107
17236748.486541, 84
17236956.096251, 32
17237100.192306, 87
17237222.480745, 73
17237226.51497, 79
17237235.216211, 107
17237364.300302, 85
17237511.67961, 75
17237516.068098, 76
17237531.682339, 13
17237545.300275, 68
17237617.914653, 75
17237620.667758, 76
17237627.909776, 13
17238553.096021, 8
17238696.622814, 8
17238967.488732, 8
17239180.240677, 68
17239420.651002, 32
17240012.637537, 66
17240260.250764, 69
17240444.211073, 32
17240628.031563, 65
17240740.099615, 32
17240923.849363, 77
17241035.876912, 65
17241443.848209, 84
17241668.205416, 84
17241900.047383, 69
17241979.768954, 69
17242521.97268, 8
17242606.069424, 82
17242942.028342, 73
17242946.571352, 79
17242958.431562, 107
17243337.916662, 8
17243607.814111, 8
17243760.001642, 8
17244013.660657, 32
17244174.237611, 73
17244178.386687, 79
17244183.901218, 107
17244228.109296, 70
17244444.444937, 32
17244796.098825, 80
17244916.010894, 82
17245277.205493, 65
17245595.998566, 82
17245905.634875, 8
17246004.491688, 67
17246299.840373, 84
17246454.324654, 73
17246458.767239, 79
17246469.587406, 107
17246900.195247, 67
17247179.800968, 65
17247462.229703, 75
17247466.677559, 76
17247478.523898, 13
17247774.444621, 73
17247779.713637, 79
17247788.069214, 107
17247931.964696, 84
17248179.719962, 89
new stimulus
17271484.355797, 16
17271997.259379, 16
17272027.496089, 16
17272058.411921, 16
17272089.552184, 16
17272120.988731, 16
17272152.537078, 16
17272183.639058, 16
17272214.438651, 16
17272246.5005, 16
17272292.851638, 16
17272323.687295, 16
17272355.631241, 16
17272386.287964, 16
17272417.225711, 16
17272448.486375, 16
17272491.062952, 16
17272510.963869, 16
17272558.641901, 16
17272588.842547, 16
17272620.227494, 16
17272651.364429, 16
17272683.01653, 16
17272713.84331, 16
17272747.961665, 65
17273171.403778, 70
17273953.27074, 8
17274078.777515, 8
17274716.411099, 68
17275286.165566, 73
17275290.325462, 79
17275300.465675, 107
17275491.537616, 83
17276131.722066, 65
17276744.779671, 8
17276875.870054, 83
17277123.497707, 65
17277403.695163, 70
17277664.556804, 82
17278166.168052, 8
17278263.385319, 8
17278359.978117, 8
17278487.496455, 8
17278989.548523, 8
17279020.301787, 8
17279051.632637, 8
17279082.551798, 8
17279114.229699, 8
17279142.206833, 8
17279173.281626, 8
17279203.612658, 8
17279234.845857, 8
17279291.445956, 65
17279451.319931, 70
17279771.102001, 82
17280123.416423, 69
17280323.483392, 69
17280597.556827, 8
17280736.171919, 8
17280862.578641, 8
17280999.259569, 8
17281085.211135, 71
17281371.284598, 82
17281627.352164, 69
17281885.394952, 69
17282893.740266, 188
17282900.00355, 190
17283091.854206, 32
17283291.943923, 16
17283411.131929, 16
17283665.421241, 8
17283807.257997, 8
17284204.266812, 32
17284267.775472, 16
17284475.323872, 84
17284659.564929, 72
17285401.145684, 8
17285511.348372, 8
17285895.117373, 89
17286111.411956, 73
17286117.226377, 79
17286122.350025, 107
17286220.521336, 85
17286443.950022, 32
17286595.392406, 87
17286695.545042, 73
17286699.909949, 79
17286705.3923, 107
17286847.021825, 85
17286981.647079, 75
17286986.387335, 76
17287005.338093, 13
17287100.610654, 68
17287227.143601, 32
17287756.835183, 87
17288027.042232, 16
17288268.836599, 78
17289225.285172, 8
17289325.035273, 65
17289541.833372, 78
17290067.605304, 70
17290291.198221, 69
17290499.336968, 82
17291064.877167, 8
17291190.661638, 8
17291302.802096, 8
17291419.387636, 68
17291554.854302, 69
17291731.151471, 82
17291947.150326, 32
17292131.201905, 65
17292381.599863, 73
17292385.378585, 79
17292393.549124, 107
17292531.343056, 77
17292749.574855, 75
17292755.035845, 76
17292768.767245, 13
17292851.540423, 69
17293051.281702, 83
17293226.883659, 83
17293469.252284, 75
17293473.697643, 76
17293489.487213, 13
17293756.047036, 89
17294091.113498, 32
17294235.053921, 87
17294381.390134, 73
17294385.387739, 79
17294393.945833, 107
17294587.017963, 72
17294985.046292, 8
17295118.513046, 8
17295275.304619, 84
17295451.10715, 72
17295677.32445, 73
17295681.787287, 79
17295687.231077, 107
17295795.587542, 85
17295939.099354, 84
17296643.229121, 32
17296885.971429, 73
17296891.952301, 79
17296896.909498, 107
17296971.770137, 66
17296977.795119, 78
17297352.877027, 8
17297462.704922, 8
17297615.10551, 8
17297734.473839, 8
17298142.690374, 8
17298476.027684, 78
17298849.028673, 8
17299109.818185, 73
17299114.169222, 79
17299119.423257, 107
17299171.215688, 78
17299314.924189, 69
17299699.152041, 32
17299907.549897, 65
17300034.673469, 78
17300179.010602, 68
17300338.802183, 32
17300739.430481, 78
17300853.3872, 73
17300857.948521, 79
17300864.364108, 107
17301018.709125, 84
17301140.338972, 32
17301323.468967, 77
17301435.193851, 65
17301811.532467, 88
17301973.198844, 73
17301977.456391, 79
17301982.911554, 107
17302186.837974, 77
17302317.019534, 73
17302321.601106, 79
17302332.902871, 107
17302426.632984, 83
17302848.557338, 8
17303030.293303, 8
17303108.955135, 90
17303362.959814, 69
17303498.787402, 32
17303818.937053, 89
17304037.360825, 73
17304041.515727, 79
17304047.059942, 107
17304083.344106, 85
17304194.562424, 84
17304779.31665, 32
17304930.859737, 84
17305101.112227, 73
17305105.534006, 79
17305110.724512, 107
17305202.93326, 77
17305302.435903, 69
17305498.717492, 32
17305658.88664, 84
17305786.86161, 72
17305890.821542, 69
17306322.813981, 82
17306482.881593, 69
17307203.630136, 188
17307209.673705, 190
17307984.87568, 8
17308134.198306, 8
17308443.67399, 188
17308450.221907, 190
17308867.312238, 188
17308873.19435, 190
17309139.001813, 188
17309145.761955, 190
17309331.10381, 188
17309337.696946, 190
17309499.258736, 188
17309504.930564, 190
17309691.220082, 188
17309697.127716, 190
17309891.108393, 188
17309897.220207, 190
17310160.593876, 8
17310672.465459, 8
17310704.038219, 8
17310734.821167, 8
17310766.009147, 8
17310797.560267, 8
17310828.273583, 8
17310861.121082, 8
17310891.479302, 8
17310922.651191, 8
17310968.889697, 8
17311398.612295, 8
17311542.394867, 8
17311910.979904, 8
17312227.7972, 188
17312234.946005, 190
17312624.357428, 8
17312982.539813, 8
17313467.707338, 188
17313474.539887, 190
17314046.434086, 220
17314047.872225, 93
17314053.307692, 37
17316652.071847, 27
17317183.13582, 8
17318580.889504, 39
17322048.149366, 13
