new stimulus
16099280.675448, 70
16100029.732917, 119
16100046.840504, 36
16100416.169855, 8
16100578.728134, 68
16102839.251879, 39
16104523.010782, 93
16104543.576672, 37
16107187.376722, 8
16107821.142532, 70
16108396.775782, 8
16108570.752898, 71
16109248.156135, 8
16109497.472437, 70
16109939.209212, 8
16110049.859653, 68
16110479.03213, 8
16110493.555283, 82
16111298.010796, 8
16111464.918447, 68
16111584.282891, 82
16112559.582906, 8
16112777.444073, 84
16113526.830284, 8
16113777.377493, 69
new stimulus
16137827.00245, 66
16138461.329202, 8
16138737.34984, 66
16139198.062895, 8
16139233.29037, 86
16139512.626163, 83
16140364.780514, 8
16140456.968733, 65
16141096.77839, 59
16141456.840565, 79
16141466.73665, 107
16141873.855439, 8
16141979.475445, 8
16142179.745762, 8
16142504.179592, 76
16142520.706818, 13
16143057.473968, 73
16144161.114036, 68
16144610.345003, 73
16145120.094056, 84
16145351.995667, 89
new stimulus
16159712.999957, 69
16160405.189618, 8
16160624.442873, 87
16161007.964139, 73
16161191.959126, 78
16161768.349452, 72
16162204.475986, 8
16162479.837754, 70
16163118.000931, 8
16163233.198267, 68
16163687.889114, 73
16163815.990587, 78
16163956.222199, 72
16164629.265245, 8
16164824.408307, 74
16165349.248944, 8
16165591.737135, 71
new stimulus
16196792.044349, 93
16196797.726441, 37
16204792.157258, 68
16205351.701049, 80
16206012.206983, 8
16206319.742677, 79
16206326.99607, 107
16206406.769518, 68
16207051.957494, 8
16207186.702039, 8
16207263.114004, 68
16207815.365563, 72
16207958.551685, 69
16208475.372143, 8
16208663.110064, 71
16208939.692753, 8
16209051.361321, 8
16209479.268768, 69
16209841.870435, 8
16209871.272947, 71
16210016.492549, 69
16216331.869486, 39
16216722.530126, 8
16216874.145064, 8
16217003.444709, 8
16217140.497101, 8
new stimulus
16234511.902932, 67
16234664.822571, 79
16234676.477491, 107
16235358.7375, 8
16235658.115138, 77
16235753.212648, 77
16236329.355517, 85
16236431.566045, 84
16236998.928331, 69
16247704.15418, 61
16247860.26691, 61
16250915.715721, 8
16251299.055, 8
16251474.232784, 8
16252342.865814, 69
16252750.475357, 79
16252756.892886, 107
16253076.377842, 8
16253237.077414, 8
16253484.903699, 8
new stimulus
16268895.44223, 79
16268903.209957, 107
16269222.030772, 82
16269747.946961, 8
16269902.038972, 8
16269990.863488, 82
16270285.628484, 68
16270654.820235, 69
16270880.630839, 82
16271245.296225, 83
new stimulus
16308320.604062, 68
16308878.093011, 83
16309027.296903, 8
16309275.080465, 8
16309469.490864, 83
16309828.500512, 84
16310508.959795, 89
16310973.035167, 76
16310986.732167, 13
16311048.002334, 69
16311460.569074, 83
new stimulus
16335659.448136, 37
16335811.686989, 37
16335968.893026, 37
16345167.852817, 39
16345814.390435, 39
16346718.698972, 39
16353484.903144, 67
16353667.961842, 79
16353674.229843, 107
16353987.834074, 76
16354000.542631, 13
16354116.316721, 76
16354129.671663, 13
16354293.200908, 69
16354596.851629, 67
16354916.322713, 84
16355163.865476, 69
16355412.075708, 68
16356976.768392, 38
16357655.37535, 40
new stimulus
16373972.721961, 70
16374123.48883, 68
16374746.986815, 8
16374895.197269, 8
16375183.252891, 8
16375700.389884, 82
16375829.11222, 69
16376555.823048, 80
16377021.230862, 76
16377034.837701, 13
16377159.344936, 65
16377719.234945, 67
16377796.441992, 69
new stimulus
16410884.154058, 67
16411363.303814, 72
16411570.713504, 65
16411843.504432, 78
16412347.256244, 71
16412643.087083, 69
new stimulus
16444436.53961, 77
16444884.134916, 85
16445076.026352, 83
16445699.682188, 69
16446130.576049, 82
16446242.413843, 77
16446792.526225, 8
16446942.016968, 8
16447434.860949, 85
16447882.287584, 77
new stimulus
16479547.330981, 79
16479554.78467, 107
16480255.489702, 8
16480423.065655, 8
16481610.583028, 80
16481945.543238, 85
16482337.572385, 76
16482349.46755, 13
16482513.74527, 76
16482526.309014, 13
16483510.511676, 8
16483653.201773, 8
16484246.373997, 8
16484802.785451, 76
16484817.625971, 13
16485286.333127, 8
new stimulus
16514138.266099, 65
16514786.092883, 81
16515361.368262, 85
16515800.986667, 65
16516041.482714, 73
16516209.501428, 78
16516505.159712, 84
16516817.059482, 69
16517033.68669, 78
16517273.990486, 67
16517409.456597, 69
new stimulus
16547594.348756, 68
16548080.917801, 69
16548328.566538, 76
16548340.625934, 13
16548577.088589, 73
16549605.453277, 8
16549765.019039, 8
16550121.178763, 73
16550368.642739, 86
16550768.599129, 69
16551192.470409, 82
16551425.502225, 69
16551696.301285, 68
new stimulus
16585385.189108, 83
16585800.385778, 72
16586055.849126, 69
16586335.74475, 76
16586350.876837, 13
16586577.990477, 71
16587261.82789, 8
16587402.917558, 8
16587776.649268, 71
16588589.031192, 8
16588616.870726, 70
new stimulus
16620256.350255, 93
16620260.628608, 37
16622607.958646, 89
16623293.694713, 8
16623351.617545, 84
16623831.178991, 65
16624191.477804, 75
16624336.037981, 69
16625820.03896, 46
16626091.200607, 46
new stimulus
16652495.900027, 68
16652710.768677, 79
16652718.336108, 107
16652854.759036, 78
16653579.692164, 8
16653978.480344, 8
16654391.508986, 84
16654463.131037, 78
16654963.653139, 8
16655122.159439, 8
16655375.052501, 78
16655574.38542, 65
16655854.60812, 84
16656086.690332, 69
16656414.423781, 68
