13 nan
5 undefined
4 undefined
14 undefined
6 undefined
15 undefined
12 undefined
0 undefined
16 undefined
3 undefined
11 undefined
2 undefined
9 undefined
1 undefined
8 undefined
7 undefined
10 undefined
13 14006.920900096778
5 3452.255223314547
4 6733.064282722411
14 5853.790831414629
6 4885.27919586677
15 7668.312683489341
12 5359.649799903042
0 4346.766760527907
16 3345.9088258793718
3 3082.6911408855635
11 3283.45989036725
2 2650.9585777244442
9 7468.970315626064
1 7491.525910622728
8 3850.8749419913715
7 7355.004680667883
10 4164.5660388999095
