new stimulus
105456203.30919, 16
105456339.327386, 72
105456849.098714, 65
105456959.800844, 86
105457072.988669, 73
105457150.437437, 78
105457237.362912, 71
105457322.267928, 32
105457854.551426, 79
105457897.733413, 78
105458021.514286, 69
105458080.878526, 32
105458287.568925, 79
105458402.405463, 82
105458509.393202, 32
105458582.050075, 84
105458784.13029, 87
105458867.867086, 79
105459037.779487, 32
105459389.800001, 67
105459502.851611, 76
105459676.321107, 79
105459713.258067, 83
105459796.890275, 69
105459903.113719, 32
105460196.090414, 70
105460396.149061, 82
105460635.698884, 69
105460975.874348, 8
105461148.51047, 73
105461245.0902, 69
105461347.765705, 78
105461453.345532, 68
105461563.465356, 83
105461620.86157, 32
105462811.413826, 82
105462892.153919, 69
105463021.14809, 83
105463109.517542, 85
105463260.936773, 76
105463316.641273, 84
105463373.414399, 83
105463467.889058, 32
105463715.805348, 73
105463819.833003, 78
105463844.394206, 32
105465092.267773, 73
105465178.568495, 78
105465284.771687, 84
105465387.532916, 73
105465507.799972, 77
105465635.828995, 73
105465707.3895, 65
105465748.265285, 84
105465852.82226, 69
105465955.175402, 32
105466171.274261, 82
105466244.952877, 69
105466339.067998, 76
105466445.06673, 65
105466531.713674, 84
105466566.415175, 73
105466597.14123, 79
105466725.841889, 78
105466771.342285, 83
105466924.745355, 72
105466979.231976, 73
105467075.997856, 80
105467171.289242, 83
105467274.891334, 32
105467448.96311, 73
105467571.673137, 78
105467627.199533, 32
105467676.291145, 87
105467851.18603, 72
105467883.453438, 73
105468019.014722, 67
105468162.779904, 72
105468251.1488, 32
105468487.934677, 89
105468579.899784, 79
105468683.370378, 85
105468689.388197, 32
105468821.089443, 67
105468948.839658, 65
105468971.092717, 78
105469012.727804, 32
105469147.626606, 66
105469267.573519, 85
105469403.68271, 73
105469578.962933, 76
105469675.316287, 68
105469804.347355, 32
105470355.257186, 82
105470776.170245, 8
105470853.383761, 84
105471011.457215, 82
105471075.29598, 85
105471242.672752, 83
105471347.52102, 84
105471440.481514, 188
105471476.637256, 32
105471620.616052, 65
105471683.684141, 83
105471891.894253, 83
105471971.415913, 85
105472115.003268, 82
105472228.719856, 65
105472347.267179, 78
105472435.035182, 67
105472650.999492, 69
105472772.411466, 188
105472813.626537, 32
105474283.254194, 65
105474323.243341, 78
105474571.780777, 68
105474730.828257, 32
105474994.792527, 65
105475075.059617, 32
105475260.514538, 76
105475347.107662, 73
105475807.97852, 8
105475975.811373, 8
105476143.547961, 8
105476303.490956, 8
105476534.92205, 8
105476932.837729, 32
105477961.942536, 76
105478032.150335, 73
105478166.850781, 86
105478298.93792, 76
105478451.870761, 69
105478944.680283, 8
105479134.762588, 8
105479299.3424, 69
105479498.858966, 76
105479668.136628, 89
105479715.246344, 32
105479970.872722, 82
105480058.92203, 69
105480149.639297, 76
105480187.003762, 65
105480282.970392, 84
105480348.488665, 73
105480388.285282, 79
105480476.643637, 78
105480554.651131, 83
105480781.610474, 72
105480818.958849, 73
105480900.758691, 80
105481028.335517, 83
105481115.021855, 32
105481570.921049, 87
105481666.899607, 73
105481860.975667, 84
105481907.778555, 72
105481972.192969, 32
105482162.543541, 65
105482266.889121, 78
105482863.737395, 8
105483017.071664, 8
105483154.897814, 79
105483218.897206, 78
105483290.621112, 69
105483388.09608, 32
105483555.639028, 65
105483653.343978, 78
105483771.354214, 79
105483826.915565, 84
105483909.542676, 72
105484018.541996, 69
105484131.992261, 82
105484219.20986, 32
105484335.465684, 8
105484651.971576, 190
105484682.742851, 32
105484850.588465, 16
105485018.962289, 72
105485074.936442, 79
105485245.923573, 87
105485318.176521, 69
105485491.158865, 86
105485690.570566, 69
105485746.804385, 82
105485829.835145, 32
105485984.457758, 8
105486276.019328, 188
105486364.545245, 32
105486618.66162, 72
105486714.999717, 65
105486786.606273, 86
105486914.475502, 73
105486980.506448, 78
105487074.264251, 71
105487170.974647, 32
105487874.814266, 77
105489274.79923, 85
105489647.557251, 8
105489822.102863, 8
105490035.028857, 65
105490084.639524, 32
105490251.022019, 76
105490330.842183, 65
105490410.526967, 82
105490586.522936, 71
105490738.446241, 69
105490795.046257, 32
105490914.683013, 78
105491170.52356, 85
105491346.447955, 77
105491410.905369, 66
105491610.494342, 69
105491675.154828, 82
105491722.452358, 32
105491876.103442, 79
105491922.830039, 70
105492090.307793, 32
105492170.820123, 70
105492546.696358, 82
105492692.203467, 73
105492770.836269, 69
105492906.430843, 78
105492963.346841, 68
105493066.439588, 83
105493116.421167, 32
105493658.916259, 77
105493738.736146, 73
105493874.38787, 71
105493970.393616, 72
105494076.250309, 84
105494156.09017, 32
105494316.270638, 82
105494428.172338, 69
105494658.362249, 68
105494754.793282, 85
105494938.423881, 67
105495138.400689, 69
105495212.641359, 32
105495410.55776, 84
105495482.705566, 72
105495572.061805, 69
105495636.029293, 32
105495722.702314, 83
105495826.281103, 73
105495948.045124, 71
105496066.333058, 78
105496202.88751, 70
105496324.216534, 73
105496427.886594, 67
105496572.026572, 65
105496586.492142, 78
105496746.466209, 67
105497002.342266, 69
105497082.881784, 32
105497274.334272, 79
105497306.68879, 70
105497434.36632, 32
105497530.726055, 69
105497634.375031, 65
105497770.438447, 67
105497866.683885, 72
105497924.140022, 32
105498235.488932, 70
105498482.546049, 82
105498570.760699, 69
105498626.556748, 73
105498802.866759, 68
105499280.764339, 8
105499582.493672, 8
105499854.617175, 8
105500075.029656, 73
105500226.540713, 69
105500364.120236, 78
105500468.211976, 68
105500618.439128, 83
105500690.847432, 72
105500722.913987, 73
105500866.188688, 80
105500946.370055, 32
105501170.228661, 66
105501308.137205, 85
105501458.604327, 84
105501515.00876, 32
105501922.584521, 87
105502002.754514, 73
105502186.367913, 76
105502354.328934, 76
105502402.802175, 32
105502722.36497, 65
105502778.650667, 76
105502970.474345, 76
105503146.457554, 79
105503274.485744, 87
105503371.852795, 32
105503506.485551, 70
105503642.401102, 79
105503740.136568, 82
105503827.904016, 32
105503914.752368, 65
105504098.349122, 32
105504707.078788, 86
105504882.069938, 65
105505028.121625, 73
105505114.627639, 82
105505258.746256, 69
105505380.533025, 84
105505482.72443, 89
105505538.515208, 32
105505975.296202, 8
105506133.930047, 8
105506286.122451, 8
105506438.342874, 8
105506598.019268, 8
105506758.163671, 8
105506842.825112, 82
105506963.512462, 69
105507010.883508, 73
105507164.05937, 84
105507276.536441, 89
105507314.681015, 32
105507999.932309, 8
105508150.102035, 8
105508317.893829, 8
105508470.175563, 8
105508639.092577, 8
105508854.4252, 8
105509054.199212, 8
105509254.070322, 8
new stimulus
105520340.073372, 16
105521003.781527, 16
105521125.088636, 78
105521325.717383, 79
105521477.391009, 32
105521655.971989, 8
105522011.136239, 188
105522066.655699, 32
105523165.154074, 65
105523278.396827, 32
105523408.166945, 67
105523460.513262, 73
105523612.054836, 84
105523716.296106, 89
105523772.339614, 32
105523971.306331, 83
105524091.307896, 72
105524196.3007, 79
105524299.238922, 85
105524523.273691, 76
105524591.334806, 68
105524676.011227, 32
105524787.71679, 65
105524891.856524, 76
105525091.037133, 87
105525228.709314, 65
105525410.759723, 89
105525554.281329, 83
105525690.997795, 32
105527477.660108, 83
105528265.962812, 8
105528852.816434, 222
105529596.862977, 82
105529683.239712, 69
105529827.36471, 77
105530114.993835, 69
105530227.057549, 77
105530611.521355, 66
105530842.485549, 69
105530929.939788, 82
105530980.878748, 32
105531170.425075, 87
105531274.737365, 73
105531849.500974, 8
105532061.036534, 72
105532114.723627, 69
105532205.347403, 82
105532314.912107, 69
105532386.906776, 32
105532550.431833, 73
105532626.852757, 84
105532786.926695, 32
105532867.055074, 67
105532954.408055, 65
105533099.846641, 77
105533202.717173, 69
105533323.780983, 32
105533407.361314, 70
105533602.641659, 82
105533641.6246, 79
105533700.40681, 77
105533763.798372, 32
105534918.775252, 40
105536004.5547, 190
105536492.680243, 32
105536802.011192, 16
105536922.3243, 77
105537073.961862, 79
105537212.380029, 68
105537369.928048, 69
105537458.495855, 82
105537499.82245, 78
105537562.33431, 32
105537699.366758, 66
105537802.281955, 85
105538170.134893, 73
105538378.560839, 76
105538508.321247, 68
105538618.396128, 73
105539178.326307, 78
105539258.929354, 71
105539354.436296, 83
105539426.178235, 32
105539594.866932, 83
105539690.715935, 72
105539771.484325, 79
105539882.413108, 85
105540082.085308, 76
105540138.568251, 68
105540257.976967, 32
105540330.43382, 66
105540554.032205, 69
105540588.279844, 32
105541123.505116, 73
105541258.87054, 83
105541270.909508, 78
105541450.236751, 84
105541588.017959, 69
105541707.228873, 65
105542375.564135, 8
105542558.482317, 8
105542674.493179, 65
105542878.966706, 8
105543021.830269, 8
105543206.512849, 8
105543610.557594, 83
105543828.530988, 84
105544063.118579, 8
105544213.852025, 8
105544397.739517, 8
105544618.517084, 78
105544714.32808, 83
105544876.002738, 84
105545554.475801, 65
105545697.917233, 76
105545874.504941, 76
105545922.29212, 69
105546098.279212, 68
105546170.39234, 32
105546818.427033, 84
105546947.999349, 79
105547002.562261, 32
105547514.500525, 75
105547637.068235, 69
105547802.317742, 69
105547907.732226, 80
105548034.236542, 32
105548233.953406, 87
105548543.051321, 8
105548700.455359, 85
105548865.82915, 87
105548914.376185, 80
105549434.378804, 8
105549605.458038, 8
105549818.395962, 80
105549964.872103, 32
105549980.873754, 87
105550154.546322, 73
105550275.628442, 84
105550362.052339, 72
105550395.602819, 32
105551773.851004, 84
105551836.397819, 72
105551899.414585, 69
105551971.895574, 32
105552281.699803, 80
105552481.909645, 79
105552570.290471, 82
105552769.879166, 71
105552953.859871, 82
105553010.035987, 69
105553286.678958, 8
105553613.681078, 8
105553765.553893, 8
105553917.899711, 8
105554102.023842, 8
105554410.123596, 82
105554531.496176, 79
105554667.48885, 71
105554889.783356, 82
105554954.266015, 69
105555067.178915, 83
105555305.982753, 83
105555465.717128, 32
105555578.162573, 79
105555665.827375, 70
105555787.294555, 32
105555866.020848, 65
105556035.439718, 32
105556226.926329, 83
105556305.981643, 79
105556481.811437, 67
105556522.135155, 73
105556705.981033, 69
105556779.478492, 84
105556842.040843, 89
105556907.66398, 32
105557048.930153, 8
105557267.027554, 190
105557298.866623, 32
105557394.89595, 16
105557532.288491, 72
105557609.969184, 79
105557715.801741, 87
105557770.167961, 69
105557945.704799, 86
105558113.94768, 69
105558435.327029, 8
105558593.53531, 8
105558759.745249, 8
105558909.719394, 8
105559069.538659, 8
105559218.067439, 16
105559426.544708, 72
105559710.625895, 8
105559857.912383, 16
105559925.617844, 8
105560274.296265, 72
105560379.335953, 79
105560791.016437, 8
105560961.766928, 16
105560967.340319, 8
105561082.354684, 72
105561170.196203, 79
105561273.541402, 87
105561801.60477, 69
105561961.82047, 86
105562089.794841, 69
105562177.988408, 82
105562219.606849, 188
105562258.085716, 32
105562393.621755, 83
105562492.213898, 79
105562530.132929, 77
105562649.878988, 69
105562721.814844, 32
105562937.502843, 83
105563058.227645, 79
105563442.761916, 8
105564045.74619, 8
105564874.537122, 72
105564921.854904, 73
105565003.471925, 83
105565346.435748, 8
105565501.763566, 8
105565669.374481, 8
105565730.486197, 86
105566129.719904, 69
105566267.996864, 82
105566298.26351, 89
105566355.739898, 32
105566545.699029, 72
105566642.035183, 73
105566698.13584, 83
105566905.792775, 84
105566986.167227, 79
105567265.890682, 82
105567363.502142, 73
105567483.489558, 67
105567633.691465, 32
105568050.024024, 66
105568203.896768, 85
105568209.840516, 73
105568393.443928, 76
105568474.293047, 73
105568922.00166, 68
105569050.100038, 73
105569160.053963, 71
105569168.03315, 78
105569251.006483, 83
105569337.840409, 32
105569689.951639, 83
105569770.458976, 72
105569867.034823, 79
105569985.966374, 85
105570270.612667, 8
105570429.369688, 8
105570589.732144, 8
105570741.597468, 8
105570861.346302, 8
105571053.765603, 8
105571213.491933, 8
105571405.479566, 8
105571842.234483, 78
105571898.010557, 71
105572001.6157, 83
105572081.644485, 32
105572281.545834, 68
105572362.168024, 72
105572420.564341, 79
105572529.89934, 85
105572697.766038, 76
105572803.528408, 68
105572990.595423, 8
105573101.515052, 8
105573317.603092, 8
105573458.402919, 8
105573614.532761, 8
105573758.201678, 8
105573867.898989, 83
105573929.927027, 72
105574005.013554, 79
105574098.126907, 85
105574290.167806, 68
105574295.978392, 76
105574585.710092, 32
105574618.238275, 66
105575066.000707, 69
105575137.865543, 32
105575321.303613, 75
105575423.738039, 69
105575554.144838, 80
new stimulus
105584762.134955, 16
105585330.036553, 16
105585465.851954, 87
105585571.108585, 72
105585673.41734, 69
105585795.639661, 78
105585875.110829, 32
105586035.392556, 89
105586155.634645, 79
105586241.858799, 85
105586281.776094, 32
105586426.852923, 80
105586641.455096, 76
105586763.487383, 65
105586841.952623, 78
105586945.574966, 32
105587103.942487, 8
105587401.762678, 32
105587594.997042, 84
105587650.290959, 72
105587779.823881, 69
105588043.779552, 188
105588140.985976, 77
105588735.544694, 8
105588918.124144, 8
105589098.645962, 77
105589457.985123, 32
105589623.160004, 8
105589842.459194, 188
105589914.383398, 32
105590081.807332, 73
105590281.660964, 84
105590425.898872, 32
105590641.556632, 65
105590761.984038, 76
105591357.22743, 76
105591564.238251, 79
105591642.129506, 87
105591892.742884, 83
105592021.356434, 32
105592203.24788, 70
105592290.671325, 79
105592403.795343, 82
105592474.608198, 32
105592537.823875, 65
105593119.478625, 8
105593293.224987, 8
105593611.268069, 32
105594064.836648, 69
105594265.842134, 82
105594425.558753, 82
105594524.003309, 79
105594665.510005, 82
105595202.165937, 70
105595614.577426, 8
105595755.925992, 32
105595817.899933, 70
105596017.670894, 82
105596218.766541, 69
105596393.45225, 69
105596491.165801, 32
105597673.685051, 65
105597857.229095, 67
105598001.551061, 84
105598097.243599, 73
105598209.325899, 86
105598307.116018, 73
105598449.497146, 84
105598513.701275, 69
105599078.323754, 8
105599314.387781, 73
105599393.637845, 69
105599481.584507, 83
105599545.340878, 32
105599777.340685, 65
105599905.471799, 76
105600065.432549, 76
105600257.32253, 79
105600363.406154, 87
105600507.295066, 73
105600618.146726, 78
105600705.504701, 71
105600819.427136, 32
105601150.09399, 70
105601306.11425, 79
105601411.057118, 82
105601505.894644, 32
105601643.027519, 65
105601729.531036, 32
105601883.297804, 72
105601993.782437, 73
105602090.77608, 71
105602203.302532, 72
105602313.398497, 69
105602427.224667, 82
105602433.366217, 32
105602625.372992, 68
105602833.50182, 69
105602993.349937, 71
105603193.322029, 82
105603257.061755, 69
105603410.35774, 83
105603594.673847, 83
105603682.08037, 32
105603793.436659, 79
105603899.102764, 70
105603994.003819, 32
105604162.984086, 83
105604600.274425, 8
105604724.894219, 8
105604884.858298, 8
105605037.353369, 8
105605205.45421, 8
105605364.862615, 8
105605525.494725, 8
105605730.232634, 69
105605897.176074, 69
105605969.793276, 32
105606081.21587, 79
105606257.258446, 70
105606321.511956, 32
105606497.332595, 83
105606702.266641, 8
105606844.960977, 8
105607012.913953, 8
105607156.810078, 8
105607324.791906, 8
105607497.031038, 8
105607604.991139, 8
105607651.232249, 32
105607777.208078, 70
105607809.68466, 79
105607985.402654, 32
105608174.27041, 8
105608308.933404, 8
105608492.836708, 8
105608636.899563, 8
105608707.796199, 69
105609089.386477, 32
105609257.713139, 79
105609345.30498, 70
105609458.71585, 32
105609569.775299, 83
105609706.660992, 85
105609803.009076, 67
105610009.834856, 67
105610193.251286, 69
105610265.690662, 83
105610457.137602, 83
105610513.541757, 32
105610591.942081, 8
105610825.59393, 190
105610841.593085, 32
105610969.710327, 16
105611393.169003, 16
105611490.633152, 72
105611569.299245, 79
105611690.611624, 87
105611777.626983, 69
105611969.277828, 86
105612113.153146, 69
105612193.752032, 82
105612221.868109, 188
105612283.234774, 32
105613354.796944, 87
105613441.467191, 72
105613569.247922, 69
105613658.857169, 78
105613697.423146, 32
105613889.725097, 89
105614017.465047, 79
105614105.36538, 85
105614153.423598, 32
105614241.050116, 68
105614360.993422, 79
105614393.281082, 78
105614483.035974, 84
105614737.65032, 32
105614953.4479, 80
105615145.219146, 76
105615185.354216, 65
105615306.52955, 78
105615385.639239, 32
105615529.368079, 83
105615665.32552, 79
105615705.249196, 77
105615865.154739, 69
105615955.307732, 32
105616393.116293, 65
105616552.935282, 67
105616697.136292, 84
105616787.090651, 73
105616929.130828, 86
105616993.427338, 73
105617122.779659, 69
105617201.521488, 83
105617281.245387, 32
105617430.201119, 8
105618477.823786, 8
105618672.476882, 8
105618877.983803, 8
105621369.784898, 73
105621505.629152, 69
105621593.637679, 83
105621689.116047, 32
105622126.656342, 8
105622377.697227, 188
105622425.533786, 32
105622529.127, 84
105622650.249068, 72
105622730.829921, 69
105622851.051481, 78
105622863.716588, 32
105623687.151351, 8
105623837.108017, 8
105624338.606646, 8
105624369.159314, 8
105624400.238249, 8
105624446.738193, 8
105624457.077401, 8
105624490.700011, 8
105624551.872481, 8
105624556.948178, 8
105625186.031956, 73
105625314.821113, 84
105625499.159968, 73
105625553.272348, 69
105625838.404406, 8
105626005.281266, 8
105626099.169179, 69
105626193.497082, 83
105626250.876095, 32
105626825.374213, 84
105626929.43932, 72
105627009.012857, 65
105627129.715188, 78
105627170.621767, 32
105627376.965667, 73
105627499.19853, 32
105627561.528124, 84
105627745.262479, 65
105627751.240349, 76
105627936.838142, 76
105628230.616585, 8
105628332.635156, 8
105628516.895224, 8
105628684.749993, 8
105628852.817544, 8
105628985.561339, 84
105629114.737775, 32
105629513.160303, 67
105629752.866592, 65
105630134.662162, 8
105630218.001413, 82
105630314.580311, 69
105630336.944339, 65
105630441.026924, 84
105630506.907231, 69
105630602.662466, 83
105630705.301351, 32
105630977.493377, 80
105631129.347605, 79
105631533.964947, 8
105631684.80631, 8
105631779.051818, 83
105631938.419443, 80
105631944.244454, 79
105632121.005829, 78
105632320.918829, 84
105632665.056421, 65
105632872.960815, 69
105633041.195374, 78
105633193.104531, 79
105633305.222896, 85
105633393.056648, 83
105633522.364582, 32
105633929.44792, 68
105634011.045245, 65
105634163.196313, 89
105634256.959941, 83
105634402.944215, 32
105634482.800721, 65
105634627.132952, 78
105634689.37932, 68
105634769.255801, 32
105634945.20877, 72
105635277.879437, 8
105635545.397749, 78
105635625.392689, 73
105636545.1858, 71
105636688.963465, 72
105636816.989714, 84
105636944.98184, 83
105637097.340419, 32
105637280.893617, 87
105637417.089918, 72
105637505.222175, 73
105637561.064553, 67
105637706.192705, 72
105637729.106581, 32
105637833.469917, 65
105638214.309493, 8
105638330.963139, 67
105638433.375094, 65
105638530.879746, 78
new stimulus
105647561.829126, 16
105647697.805987, 78
105648513.436892, 79
105648656.930201, 32
105648750.949889, 8
105649241.60801, 188
105649297.186006, 32
105649773.825759, 8
105649948.487888, 8
105650100.389554, 8
105650252.492628, 8
105650368.691582, 16
105650457.510733, 73
105650529.138651, 32
105650674.183577, 68
105650794.314975, 73
105650906.53127, 83
105651304.87612, 65
105651393.165119, 71
105651592.610111, 82
105651712.765922, 69
105651816.832971, 69
105652108.394541, 188
105652187.187693, 32
105652423.573805, 8
105652613.858628, 8
105652810.084702, 190
105652873.845789, 32
105652913.562231, 16
105653098.051172, 84
105653241.156091, 79
105653329.624582, 85
105653394.242901, 82
105653513.045451, 32
105653837.607653, 8
105653996.968341, 8
105654156.513792, 8
105654324.671783, 8
105654492.429732, 8
105654529.023799, 16
105654562.990966, 84
105654728.957884, 79
105654874.671949, 85
105654879.352321, 82
105655465.227479, 32
105655553.057347, 71
105655690.164421, 85
105655785.120128, 73
105655922.160899, 68
105656104.866577, 69
105656207.640289, 83
105656330.962307, 32
105656599.854686, 8
105656851.551671, 32
105656986.262105, 65
105657073.380942, 82
105657153.118712, 69
105657281.419885, 32
105657434.672593, 71
105657721.020587, 69
105657903.957911, 78
105657969.379087, 69
105658036.190697, 82
105658353.033655, 73
105658451.267093, 67
105658621.738775, 32
105659041.467247, 65
105659169.26601, 78
105659290.418872, 68
105659393.083003, 32
105660002.399415, 68
105660122.26643, 79
105660242.578429, 32
105660416.826368, 78
105660521.006883, 79
105660576.58793, 84
105660710.720773, 32
105660847.647801, 65
105660938.540398, 76
105661129.836421, 76
105661297.089463, 79
105661408.818885, 87
105661512.57328, 32
105661720.500423, 70
105661856.860957, 79
105661949.427236, 82
105662066.291722, 32
105663945.580792, 84
105664080.844403, 72
105664178.395662, 69
105664266.093755, 32
105664584.692511, 78
105664666.732045, 65
105664811.377762, 84
105664937.395481, 85
105664993.183762, 82
105665104.711776, 65
105665200.849019, 76
105665265.082832, 32
105665496.879567, 67
105665622.091932, 85
105665707.024691, 82
105666000.777611, 73
105666208.61154, 83
105666736.814173, 79
105668070.000011, 8
105668236.139207, 8
105668305.410156, 85
105668384.664936, 83
105669030.071896, 8
105669329.287515, 79
105669525.62428, 8
105669844.287676, 8
105670002.121162, 79
105670106.230656, 85
105670138.65231, 83
105670264.89474, 73
105670416.705413, 84
105670576.911403, 89
105670689.13297, 32
105670961.372435, 79
105671082.441239, 70
105671128.907615, 32
105671305.199315, 84
105671400.577812, 72
105671472.497023, 69
105671552.840404, 32
105675256.982967, 84
105675648.640026, 82
105676045.504279, 8
105676217.349751, 79
105676328.809519, 85
105676384.471018, 82
105676544.667854, 73
105676632.647807, 83
105676777.907734, 84
105677280.724945, 83
105677416.763394, 32
105677608.607323, 84
105677728.654662, 79
105677776.176071, 32
105677904.931105, 69
105678113.118746, 88
105678368.361173, 73
105678480.485087, 83
105678616.844789, 84
105678704.263241, 32
105678798.001347, 8
105679089.427813, 190
105679095.695589, 32
105679200.794922, 16
105679304.307684, 65
105679433.966278, 76
105679630.592394, 76
105679832.531401, 79
105680000.483545, 87
105680146.469483, 73
105680306.473233, 78
105680528.649003, 8
105680694.950768, 8
105680852.009416, 8
105681002.978115, 8
105681171.95644, 8
105681340.125527, 8
105681488.364957, 16
105681724.403461, 8
105681888.318572, 16
105681928.635631, 69
105682176.571895, 65
105682336.181153, 67
105682488.492293, 72
105682544.688661, 32
105682808.380504, 80
105682930.195015, 69
105683016.80423, 82
105683138.283895, 83
105683143.422844, 79
105683264.521886, 78
105683352.424438, 32
105683513.823895, 87
105683821.322755, 8
105683992.920212, 72
105684056.524556, 65
105684097.863635, 83
105684203.149673, 32
105684392.434115, 84
105684456.64934, 72
105684561.090076, 69
105684638.55438, 73
105684761.92245, 82
105684800.846855, 32
105684969.933097, 79
105685064.791151, 87
105685185.669922, 78
105685216.721947, 32
105685400.358372, 73
105685496.812153, 78
105685552.504447, 84
105685712.758431, 69
105685784.701222, 82
105685946.148673, 83
105685951.748973, 69
105686058.232083, 84
105686200.407087, 83
105686581.714673, 8
105686724.100794, 8
105686900.094822, 8
105687051.853339, 8
105687113.169791, 69
105687209.022123, 83
105687280.442253, 84
105687433.913568, 83
105687544.771332, 32
105687722.063968, 87
105687976.491055, 72
105688114.315818, 73
105688320.40671, 76
105688408.702368, 69
105688520.36604, 32
105688640.779575, 84
105688737.850063, 72
105688826.118534, 69
105688906.091835, 32
105688985.061149, 84
105689075.599479, 79
105689169.244371, 85
105689227.830999, 82
105689336.60755, 32
105689448.631592, 71
105689551.836971, 85
105689617.833241, 73
105689702.198118, 68
105689892.880485, 69
105689945.852942, 32
105690057.890301, 87
105690163.656, 73
105690345.731653, 76
105690530.693042, 76
105690535.674693, 32
105691329.363251, 83
105691419.007453, 72
105691474.558539, 79
105691593.250676, 87
105691682.283164, 32
105691808.947552, 84
105691897.762543, 72
105691976.611456, 69
105692089.357903, 77
105692161.836394, 32
105692296.897211, 87
105692418.717826, 72
105692506.387621, 65
105692592.953003, 84
105692651.891956, 32
105692768.852708, 84
105692858.469722, 72
105692984.574552, 69
105693144.568316, 89
105693200.834038, 32
105693376.72653, 84
105693448.736457, 72
105693600.476387, 73
105693744.5803, 78
105693872.917815, 75
105693960.572907, 32
105694106.007887, 84
105694170.147377, 72
105694272.668913, 69
105694368.423593, 89
105694424.948427, 32
105694504.430415, 83
105694609.13803, 72
105694714.112801, 79
105694825.084863, 85
105694984.639191, 76
105695032.962902, 68
105695464.446539, 66
105695536.778552, 32
105695821.994946, 8
105695972.22515, 8
105696065.213941, 32
105696122.302773, 66
105696312.352897, 69
105696369.075255, 32
105696490.197046, 73
105696610.304586, 78
105696706.033743, 84
105696848.457316, 69
105696936.650883, 82
105697074.385484, 69
105697120.820234, 83
105697202.06135, 84
105697316.305871, 69
105697456.566114, 68
105697480.68594, 32
105697584.9003, 73
105697680.365907, 78
105697763.001341, 32
105697877.748549, 8
105698096.91319, 190
105698120.717866, 32
new stimulus
105713577.74006, 16
105713680.978175, 73
105713762.015109, 32
105713905.983086, 84
105713977.287254, 72
105714058.081721, 73
105714232.483629, 78
105714296.620899, 75
105714408.350043, 32
105714664.442488, 87
105714802.294716, 72
105714864.606278, 65
105714952.324622, 84
105715057.008934, 69
105715216.327454, 86
105715368.315676, 69
105715474.44008, 82
105715481.159775, 32
105716000.400596, 87
105716112.447387, 79
105716216.050865, 82
105716298.570892, 75
105716375.948364, 83
105716489.918238, 32
105716634.915447, 70
105716715.18004, 79
105716793.739603, 82
105716899.554961, 32
105717065.030288, 84
105717280.51466, 69
105717758.487422, 8
105717881.206326, 72
105718065.407581, 69
105718175.697464, 77
105718305.948353, 32
105718405.850478, 8
105718640.802601, 190
105718690.241822, 16
105718690.945639, 32
105719184.494766, 16
105719264.338511, 77
105719480.202117, 65
105719597.810925, 78
105719816.449852, 89
105719840.560523, 32
105720024.098464, 76
105720064.671583, 65
105720161.994524, 82
105720352.247998, 71
105720504.39435, 69
105720585.98252, 32
105720728.815844, 67
105720832.463433, 79
105720896.303862, 85
105720988.849612, 82
105721154.329101, 83
105722074.509214, 69
105722170.274158, 83
105722289.179632, 32
105722432.891272, 65
105722536.645945, 82
105722610.457167, 69
105722649.423463, 32
105723072.963146, 82
105723233.190498, 69
105723416.435759, 67
105723576.573782, 79
105723648.717149, 82
105723754.123032, 68
105723912.307455, 69
105724072.778938, 68
105724161.695464, 32
105724440.207699, 65
105724528.481163, 78
105724637.52487, 68
105724724.887283, 32
105724952.37539, 68
105725112.083965, 79
105725224.320235, 78
105725369.669214, 84
105725808.367465, 222
105726317.439691, 8
105726537.40053, 32
105726712.055446, 78
105726800.365252, 69
105726992.45359, 69
105727445.566921, 8
105727536.893127, 67
105727728.122846, 67
105727904.147667, 69
105728048.068483, 83
105728208.379061, 83
105728400.04128, 73
105728545.656028, 84
105728761.213917, 65
105728864.966925, 84
105729000.161181, 69
105729137.78953, 32
105730264.508015, 65
105730386.102532, 84
105730536.141316, 84
105730609.820208, 69
105730743.993554, 78
105730800.624918, 68
105730937.657367, 65
105731064.867997, 78
105731136.853234, 67
105731327.948126, 69
105731384.426354, 32
105731501.405692, 8
105731720.549804, 190
105731744.114787, 32
105731801.996211, 16
105731992.418912, 84
105731997.458544, 72
105732304.085747, 85
105732463.974923, 83
105732849.055436, 188
105732913.90873, 32
105733088.470433, 87
105733217.966736, 72
105733616.335721, 73
105733738.115833, 67
105733817.942933, 72
105733976.255802, 69
105734127.982138, 86
105734552.033108, 69
105734664.19919, 82
105734728.22355, 32
105734992.040787, 77
105735048.275994, 69
105735185.523998, 84
105735240.294698, 72
105735329.377955, 79
105735376.358392, 68
105735489.886889, 32
105735560.267245, 84
105735647.987809, 72
105735712.030201, 69
105735793.593402, 32
105735913.890143, 83
105735952.211712, 84
105736001.815166, 85
105736160.029273, 68
105736304.609518, 69
105736360.678549, 78
105736465.362861, 84
105736536.299446, 32
105736697.418984, 80
105736792.294794, 69
105737381.572522, 8
105737440.858529, 82
105737567.993424, 69
105737704.005794, 70
105737815.830371, 69
105737888.383211, 82
105738009.891173, 83
105738112.380251, 32
105738257.72812, 83
105738360.213037, 72
105738399.871498, 79
105738832.310574, 76
105738945.705354, 68
105739237.256105, 8
105739499.811631, 8
105739577.192708, 85
105739727.94918, 76
105739784.449602, 68
105739943.846355, 32
105740000.289627, 66
105740184.247861, 69
105740297.732803, 32
105740400.2499, 65
105740624.048029, 67
105740800.016256, 67
105740952.293551, 80
105741024.248271, 69
105741097.349019, 84
105741231.946264, 69
105741552.257819, 68
105741813.709209, 8
105741979.821773, 8
105742155.74062, 8
105742299.614828, 8
105742459.78198, 8
105742576.288593, 69
105742711.955297, 80
105742808.515885, 84
105742913.336965, 69
105743079.965255, 68
105743216.243673, 190
105743239.997858, 32
105743760.060122, 16
105743983.825515, 73
105744080.266535, 16
105744237.522706, 78
105744368.178352, 32
105744529.324801, 84
105744600.268876, 72
105744671.764187, 73
105744745.471654, 83
105744816.253993, 32
105744975.914019, 67
105745089.706344, 65
105745265.81134, 83
105745271.835817, 69
105745383.831008, 188
105745440.17857, 32
105745561.38442, 84
105745649.649006, 72
105745705.779902, 69
105745847.864745, 32
105746033.630377, 68
105746145.693536, 78
105746501.528313, 8
105746663.513128, 8
105746710.963794, 69
105746815.896675, 78
105746904.21952, 68
105747016.315691, 32
105747032.17669, 83
105747190.333371, 74
105747400.298449, 85
105747448.204086, 83
105747511.822579, 84
105747631.750349, 73
105747753.483854, 70
105747973.834193, 8
105748481.76705, 8
105748513.290414, 8
105748546.538782, 8
105748576.728583, 8
105748755.753159, 8
105748963.832328, 8
105749139.861311, 8
105749368.597536, 83
105749424.370559, 32
105749559.757345, 74
105749768.26291, 85
105749888.257817, 83
105750335.944513, 84
105750487.739927, 73
105750601.571091, 70
105750751.938896, 89
105750808.229587, 32
105750975.925671, 84
105751048.876888, 72
105751143.830098, 69
105751176.23899, 32
105751335.814403, 77
105751408.204674, 69
105751479.882251, 65
105751559.945436, 78
105751625.595484, 32
105751726.49799, 8
105751809.59006, 83
105751984.519345, 190
105751990.900031, 32
105752505.359221, 72
105752561.060669, 79
105752633.782737, 87
105752722.053704, 69
105752906.243029, 86
105753057.008379, 69
105753136.67291, 82
105753184.151041, 188
105753216.299989, 32
105753607.786157, 73
105753672.257719, 78
105753728.139491, 32
105753847.595646, 83
105753968.475526, 65
105754413.172732, 8
105754520.749159, 77
105754650.590851, 65
105754753.94576, 76
105754911.6852, 76
105755001.568261, 69
105755040.141174, 82
105755111.672272, 32
105755289.34331, 67
105755433.63698, 76
105755480.360525, 65
105755759.938889, 83
105756095.784918, 83
105756271.79032, 69
105756376.081248, 83
105756479.95438, 188
105756537.614144, 32
105756695.763057, 84
105757197.445062, 8
105757304.103779, 83
105757392.062648, 79
105757464.081453, 77
105757585.284806, 84
105757737.908044, 73
105757840.315561, 69
105757847.283825, 77
105757962.190273, 83
105758064.175831, 32
105758233.210195, 65
105758304.2866, 84
105758551.800352, 69
105758665.21899, 78
105758957.740715, 8
105759115.619975, 8
105759169.850259, 84
105759257.607997, 69
105759391.999951, 78
105759537.342827, 68
105759697.395126, 65
105759784.246252, 78
105759871.714085, 67
105760047.665667, 69
105760136.049267, 83
105760437.778322, 8
105760648.224171, 32
105760855.748498, 73
105760945.440972, 83
105761095.925293, 83
105761177.43412, 32
105761376.1273, 78
105761686.279416, 8
105761835.554182, 8
105761987.656146, 8
105762064.570602, 32
105762255.774798, 78
105762271.714307, 69
105762751.867044, 67
105762943.768954, 67
105763207.835593, 69
105763439.659515, 83
105763655.613561, 83
105763768.152774, 65
105763847.789563, 82
105763937.147744, 89
105763952.016685, 32
105764081.508826, 70
105764169.590315, 79
105764255.966773, 82
105764337.017855, 32
105764911.996744, 83
105764992.102375, 77
105765119.773524, 65
105765233.399951, 76
105765399.702549, 76
105765464.075349, 69
105765535.482995, 82
105765615.676014, 32
105765703.628224, 65
105765863.677194, 67
105766015.652378, 84
105766113.451929, 73
105766272.181484, 71
105766281.659855, 86
105766322.87021, 73
105766829.086663, 8
105766972.001549, 8
105767139.753394, 8
105767208.535249, 86
105767335.682628, 73
105767551.90272, 84
105767567.893552, 73
105767860.701021, 69
new stimulus
105777865.208282, 16
105777992.374247, 73
105778071.632911, 32
105778231.553991, 72
105778304.080199, 65
105778367.789963, 86
105778583.680479, 69
105778792.724797, 32
105778936.169002, 78
105779015.6865, 79
105779121.043558, 32
105779247.74623, 73
105779319.867126, 68
105779495.704965, 69
105779591.831944, 65
105779625.211533, 32
105779879.796472, 84
105780359.742808, 79
105780433.118757, 32
105780520.280317, 66
105780704.917955, 69
105780792.012934, 32
105780943.485152, 72
105781023.877914, 79
105781141.853472, 69
105781181.595437, 78
105781281.836572, 83
105781417.686651, 84
105781474.772986, 32
105781886.22432, 8
105782028.011767, 8
105782211.554423, 8
105782331.974617, 8
105782531.592996, 8
105782736.502074, 78
105782808.2798, 69
105782870.966157, 83
105782978.666869, 84
105782984.783728, 32
105783231.619739, 87
105783303.798339, 73
105783503.715778, 84
105783591.9099, 72
105783615.946777, 32
105783832.959184, 89
105783927.686574, 79
105783991.962832, 85
105784081.499394, 32
105784189.227848, 8
105784415.896453, 190
105784439.860923, 16
105784535.330414, 32
105784831.56764, 73
105784960.229738, 32
105785237.108794, 8
105785387.325682, 8
105785465.203066, 16
105785536.827933, 73
105785601.288121, 32
105785703.51032, 84
105785792.778339, 72
105786003.649197, 78
105786081.837848, 75
105786169.142835, 32
105786329.004546, 80
105786457.830322, 69
105786569.937868, 79
105786829.615982, 8
105786972.631295, 8
105787131.367231, 8
105787496.240666, 80
105787622.526097, 69
105787703.859039, 79
105787951.780045, 76
105788057.360704, 69
105788285.330968, 8
105788483.243763, 8
105788832.122759, 80
105789063.733899, 76
105789145.434979, 69
105789231.600875, 32
105789329.310264, 87
105789417.200332, 79
105789511.445841, 85
105789687.563043, 76
105789759.794353, 68
105789850.399264, 32
105789959.910426, 87
105790119.554639, 69
105790303.570576, 65
105790448.179118, 82
105790575.530956, 32
105790687.539185, 83
105790832.905087, 73
105790959.508997, 77
105791113.132894, 73
105791255.524287, 76
105791351.868764, 65
105791441.236932, 82
105791527.397001, 32
105791719.497823, 67
105791815.793751, 76
105791991.570558, 79
105792063.723635, 84
105792159.339881, 72
105792247.639423, 73
105792407.296952, 78
105792487.747972, 71
105792583.482678, 32
105793031.511712, 84
105793152.331114, 79
105793231.581178, 32
105795424.523418, 87
105795561.225457, 72
105795615.890738, 65
105795703.362455, 84
105795871.499638, 32
105795967.195782, 69
105796357.132552, 8
105796507.292292, 8
105796617.865421, 69
105796751.391544, 86
105796895.328727, 69
105796999.804418, 82
105797034.259013, 32
105797456.541701, 67
105797544.065573, 85
105797727.749992, 76
105797800.211006, 84
105797943.782825, 85
105798016.306814, 82
105798063.828777, 69
105798193.096763, 32
105801159.864207, 84
105801273.03178, 72
105801343.522826, 69
105801471.819006, 89
105801527.735455, 32
105801601.233747, 65
105801680.907156, 82
105801759.277517, 69
105802111.773531, 65
105802117.984713, 32
105802589.41311, 8
105802747.185007, 8
105802800.738938, 32
105802951.442423, 65
105803088.70846, 32
105803207.790651, 80
105803319.2826, 65
105803391.453986, 82
105803575.325387, 84
105803632.199217, 32
105803895.313469, 79
105803993.442874, 70
105804047.806874, 32
105804557.495808, 8
105804783.749668, 190
105804807.853681, 32
105804903.089861, 16
105805039.071715, 72
105805144.893731, 79
105805263.668262, 85
105805368.684646, 69
105805671.444875, 83
105806046.140961, 8
105806203.242054, 8
105806256.174562, 83
105806368.47769, 69
105806520.930315, 83
105806639.528961, 32
105806817.099295, 87
105806935.421075, 79
105807031.505054, 85
105807223.301822, 76
105807287.589731, 68
105807408.735658, 32
105807695.110286, 66
105807863.464412, 69
105807935.628308, 32
105808447.463649, 67
105808789.041754, 8
105808887.591174, 68
105809111.480851, 69
105809223.514049, 83
105809359.26814, 73
105809480.910651, 71
105809592.85008, 78
105809687.837413, 69
105809863.293244, 68
105809951.905994, 32
105810543.729339, 84
105810655.674593, 79
105810735.411254, 32
105810919.425249, 70
105811000.996774, 73
105811129.00388, 84
105811201.275138, 32
105811320.94241, 84
105811409.104906, 72
105811455.529391, 69
105811544.677841, 32
105811799.208129, 80
105811855.56762, 72
105812055.626544, 83
105812143.616206, 89
105812279.75841, 73
105812343.540026, 67
105812455.382635, 65
105812575.441626, 76
105812623.324515, 32
105812893.091325, 8
105813195.142466, 8
105813371.310715, 8
105813531.107509, 8
105813875.183514, 8
105814035.505466, 8
105814387.39476, 8
105814591.607788, 89
105814711.410719, 83
105814839.154553, 73
105814919.616393, 67
105815048.834442, 65
105815143.92997, 76
105815200.796309, 32
105815376.878279, 82
105815415.331346, 69
105815567.287942, 65
105815839.056901, 76
105815992.913554, 77
105816079.540801, 83
105816199.488823, 32
105816799.767687, 79
105816880.961086, 70
105816972.193801, 32
105817431.335216, 83
105817535.558176, 80
105817679.143035, 65
105817775.013122, 67
105818031.325007, 69
105818255.226891, 32
105818671.253455, 66
105818791.122135, 85
105818919.311507, 84
105818967.575017, 32
105819128.712588, 84
105819295.183858, 79
105819391.355779, 32
105819528.784662, 84
105819735.101097, 69
105820165.45674, 8
105820327.840764, 72
105820449.235538, 69
105820536.876482, 32
105820696.929891, 69
105821031.487576, 88
105821263.280982, 65
105821423.008976, 67
105821575.251038, 84
105821663.397166, 32
105821895.069061, 69
105822143.54269, 88
105822351.096978, 84
105822463.274434, 69
105822583.139785, 78
105822767.144348, 84
105822931.49945, 32
105823759.394034, 73
105823945.391591, 83
105824105.47191, 32
105824367.158275, 85
105824559.076553, 78
105824751.179317, 75
105825023.124438, 78
105825765.49286, 8
105825973.307647, 8
105826095.763557, 66
105826263.282369, 69
105826559.350645, 75
105826775.100787, 78
105826887.269088, 79
105827008.744036, 87
105827343.119179, 78
105827480.890954, 83
105827600.888635, 84
105827663.336688, 32
105827855.001958, 84
105827943.342835, 79
105828007.083116, 32
105828159.27552, 77
105828247.471028, 69
105828319.187722, 32
105828389.102009, 8
105828679.688444, 190
105828703.382984, 32
new stimulus
105842823.561543, 16
105843835.186321, 16
105844263.222168, 16
105844366.958532, 73
105844486.98118, 78
105844551.483814, 32
105844712.456597, 76
105844791.186219, 73
105844831.284393, 70
105844975.032929, 69
105845104.551149, 32
105845197.078034, 8
105845447.391797, 188
105845471.28275, 32
105846386.546129, 65
105846696.899097, 78
105846817.085147, 32
105846912.312726, 65
105847023.73421, 83
105847103.598485, 78
105847279.367801, 87
105847375.827963, 69
105847479.258886, 82
105847575.352297, 32
105847764.589855, 8
105847931.291106, 8
105848090.888435, 8
105848251.193465, 8
105848410.925898, 8
105848603.01701, 8
105848842.714976, 78
105848919.507366, 83
105849135.078293, 87
105849191.223061, 69
105849304.183399, 82
105849336.932132, 32
105849528.472563, 73
105849791.00756, 83
105849878.994725, 32
105850055.018437, 78
105850219.249531, 69
105850345.296657, 86
105850552.699474, 69
105850690.136402, 82
105850695.354416, 32
105850943.508456, 66
105851047.624054, 76
105851151.378727, 65
105851295.399969, 67
105851375.662065, 75
105851454.186118, 32
105851615.137539, 79
105851790.990637, 82
105851936.8362, 32
105852095.083598, 87
105852177.214403, 72
105852271.121735, 73
105852303.271239, 84
105852455.018104, 69
105852503.331827, 32
105852687.456514, 8
105852935.851078, 190
105852942.137718, 32
105853039.053405, 16
105853286.653435, 83
105853430.766503, 79
105853479.470835, 32
105853884.846647, 8
105854515.45846, 8
105854675.383146, 8
105854768.655739, 16
105854864.372689, 73
105854968.516584, 84
105855279.003825, 222
105855439.532456, 83
105855527.081296, 32
105855710.934942, 65
105855799.182328, 76
105855920.929427, 87
105855991.323376, 65
105856144.481483, 89
105856191.396726, 83
105856334.863125, 32
105856431.094692, 71
105856598.946687, 82
105856704.588934, 65
105856840.81159, 89
105856903.196945, 32
105857030.971295, 65
105857161.026602, 78
105857280.660306, 68
105857361.12381, 32
105857496.472867, 73
105857623.226307, 32
105857711.02122, 84
105857815.384833, 72
105857902.966408, 73
105858046.813152, 78
105858151.203674, 75
105858230.999703, 32
105858462.95651, 73
105858558.97252, 84
105858757.150807, 8
105858904.853149, 8
105859060.562976, 8
105859137.403082, 84
105859207.761522, 72
105859279.118677, 73
105859424.492624, 83
105859463.961884, 32
105859761.721875, 8
105859916.594167, 8
105860066.82881, 8
105860234.657501, 8
105860410.949756, 8
105860439.58794, 32
105860886.027074, 84
105860951.226867, 72
105861022.851456, 73
105861182.796116, 32
105861214.846303, 83
105861439.012014, 73
105861804.837836, 8
105861938.477978, 8
105862106.722801, 8
105862266.656919, 8
105862527.508802, 73
105862965.442481, 8
105863175.965175, 83
105863318.847048, 73
105863583.310954, 8
105863723.172821, 8
105863865.543684, 73
105863968.3751, 83
105864055.19238, 32
105864583.06294, 73
105864734.870838, 83
105864974.992981, 32
105865071.129669, 65
105865222.692605, 79
105865295.089812, 78
105865508.874424, 8
105865658.7634, 8
105865970.862735, 8
105866151.491637, 79
105866247.082916, 78
105866288.287723, 69
105866463.106595, 32
105866638.786304, 79
105866655.083964, 70
105866774.769268, 32
105866846.946481, 84
105866921.008492, 72
105866991.450435, 79
105867032.45744, 83
105867102.739034, 69
105867167.162325, 32
105867342.874493, 83
105867367.116939, 73
105867494.750914, 84
105867623.038493, 85
105867728.416912, 65
105867831.637272, 84
105867836.972358, 73
105867872.417625, 79
105867926.656786, 78
105868048.409711, 83
105868119.196488, 32
105868174.574186, 8
105868399.100267, 190
105868423.59267, 32
105868480.598552, 16
105868654.628161, 73
105868743.062252, 32
105868838.731763, 84
105868952.557933, 72
105869031.116941, 73
105869174.633277, 78
105869262.936425, 75
105869334.799873, 32
105869734.797321, 84
105869856.280315, 72
105869952.443081, 69
105870014.903618, 82
105870087.168773, 69
105870200.260054, 32
105870352.905209, 69
105870358.90028, 78
105871077.583872, 8
105871274.575074, 8
105871431.054466, 78
105871447.485288, 69
105871742.755979, 69
105872375.070603, 68
105872494.986167, 83
105872590.513084, 32
105872694.741315, 84
105872783.068322, 79
105872878.734782, 32
105872958.722786, 66
105873134.661607, 69
105873207.125395, 32
105873278.595183, 65
105873424.123099, 72
105873606.697834, 69
105873988.370505, 8
105874155.079525, 8
105874298.800874, 8
105874455.210357, 72
105874750.891908, 69
105874847.099617, 65
105875006.855908, 76
105875054.956295, 84
105875191.976814, 72
105875446.708786, 89
105875453.092801, 32
105875592.156527, 66
105875782.672442, 76
105875908.671019, 65
105876436.592902, 8
105876610.897712, 8
105876719.185724, 65
105876807.027798, 76
105877334.807641, 65
105877486.661314, 78
105877632.36234, 67
105877815.122947, 69
105877880.559658, 32
105878032.386421, 79
105878158.854394, 70
105878223.047149, 32
105878350.741602, 78
105878423.084157, 79
105878654.66589, 78
105878693.25628, 32
105878990.706669, 77
105879086.604221, 65
105879230.612978, 74
105879327.136115, 79
105879400.304275, 82
105879488.616578, 32
105880046.851159, 67
105880144.428773, 76
105880230.950322, 65
105880543.138432, 83
105880982.697243, 83
105881182.537837, 69
105881304.276058, 83
105881422.950162, 32
105881607.936519, 84
105881686.903613, 79
105881760.265969, 32
105881930.202228, 68
105882095.055301, 69
105882246.528629, 86
105882398.696065, 69
105882446.85249, 76
105882654.604303, 79
105882735.015652, 80
105882791.010611, 32
105882961.576062, 83
105883058.806623, 79
105883132.399237, 77
105883214.545023, 69
105883302.87841, 32
105883526.598028, 87
105883664.350939, 72
105883758.836972, 79
105883974.562701, 76
105884094.818383, 73
105884224.166266, 83
105884400.355598, 84
105884534.465137, 73
105884648.175623, 67
105885494.89878, 32
105885958.959426, 67
105886070.946849, 72
105886174.651864, 65
105886254.745288, 82
105886414.783716, 65
105886510.818592, 67
105886662.331036, 84
105886782.575344, 69
105886878.878763, 82
105886918.677045, 32
105887095.946655, 84
105887127.096887, 79
105887206.741722, 32
105887278.848191, 84
105887376.086242, 72
105887414.951279, 69
105887527.848643, 32
105887590.791615, 83
105887742.39117, 84
105887864.153527, 85
105887960.350971, 68
105888110.48269, 69
105888207.057704, 78
105888310.537176, 84
105888423.902549, 32
105888822.577253, 66
105888958.402919, 85
105889070.476065, 84
105889134.749827, 32
105889358.590678, 65
105889454.703231, 84
105889614.525826, 32
105889655.295636, 84
105889830.415232, 72
105889896.250597, 69
105890024.450511, 32
105890222.566378, 83
105890246.747514, 65
105890358.430051, 77
105890464.358319, 69
105890542.956721, 32
105890614.582697, 84
105890712.071259, 73
105890823.80928, 77
105890910.570799, 69
105891031.975005, 32
105891678.534095, 83
105891791.091618, 80
105891886.558058, 69
105891998.428964, 78
105892096.238224, 68
105892166.744529, 32
105892398.453876, 77
105892486.819166, 79
105892536.124393, 83
105892654.370437, 84
105892702.474707, 32
105892814.360039, 79
105892897.149442, 70
105892984.036632, 32
105893087.207612, 73
105893142.499864, 84
105893246.52308, 83
105893342.706653, 32
105893654.83373, 84
105893758.712688, 73
105893854.475968, 77
105893942.472288, 69
105894032.041309, 32
105894150.643561, 87
105894182.623838, 73
105894374.535458, 84
105894414.776503, 72
105894488.131923, 32
105894670.410927, 84
105894726.621998, 72
105894830.676286, 69
105894902.779426, 32
105895086.33429, 77
105895150.694052, 65
105895336.137876, 74
105895430.770387, 79
105895486.456577, 82
105895599.923209, 32
105895830.426607, 66
105896022.59179, 69
105896238.593829, 67
105896350.776557, 65
105896494.609152, 85
105896566.525033, 83
105896654.708613, 69
105896713.415087, 32
105896982.546326, 73
105897046.769874, 84
105897168.014563, 32
105897532.914076, 8
105897846.370832, 222
new stimulus
105908967.881567, 16
105909070.294632, 73
105909143.956325, 32
105909318.573511, 84
105909652.380495, 8
105909719.013446, 66
105909902.419611, 69
105909998.513577, 76
105910054.276335, 73
105910127.891421, 69
105910246.459828, 86
105910413.51285, 69
105910489.476861, 32
105910720.351448, 66
105910879.818943, 69
105910967.570301, 73
105911063.040069, 78
105911087.241734, 71
105911198.834109, 32
105911369.376257, 79
105911479.135156, 80
105911878.464851, 69
105911984.327647, 78
105912054.630602, 32
105912246.326111, 77
105912336.413632, 73
105912454.733193, 78
105912502.49679, 68
105912702.430597, 69
105912870.648233, 68
105912958.991884, 32
105913295.544782, 73
105913416.139474, 83
105913470.651895, 32
105913574.119714, 84
105913663.706768, 72
105913710.582617, 69
105913807.800139, 32
105913886.990557, 66
105914046.225574, 69
105914094.694376, 83
105914191.7804, 84
105914239.906864, 32
105914390.39174, 87
105914486.491532, 65
105914592.243915, 89
105914637.229972, 32
105914816.334723, 84
105914912.14239, 79
105914986.544242, 32
105915271.024083, 68
105915470.646624, 69
105915582.664286, 86
105915734.55652, 69
105915782.950418, 76
105916002.086206, 79
105916055.083908, 80
105916144.163836, 32
105916350.301612, 65
105917117.374109, 8
105917271.077625, 89
105917400.243242, 79
105917526.991689, 85
105917532.747345, 82
105918262.73141, 83
105918441.177009, 69
105921054.748784, 76
105921190.739238, 70
105921295.769494, 32
105921637.002209, 8
105921830.097308, 190
105921862.514523, 32
105922054.11016, 73
105922134.746775, 84
105922254.263962, 83
105922342.485826, 32
105922694.285235, 70
105922766.468273, 73
105922854.281773, 78
105922942.024808, 69
105923035.722965, 32
105923134.827227, 84
105923230.51921, 79
105923286.326356, 32
105924926.656231, 83
105925087.984391, 84
105925183.977653, 73
105925287.937895, 67
105925398.593419, 75
105925462.368932, 32
105925662.376811, 84
105925766.838353, 79
105925838.176366, 32
105926102.248276, 89
105926573.352368, 8
105926758.358976, 79
105927365.733163, 8
105927502.735372, 89
105927622.174049, 79
105927702.529636, 85
105927815.349323, 82
105927870.356941, 32
105928022.246123, 79
105928167.878349, 87
105928246.350802, 78
105928295.869365, 32
105928471.73134, 72
105928591.888816, 65
105928695.381881, 66
105928801.382001, 73
105928911.039086, 84
105929008.422228, 83
105929079.125779, 32
105929374.42338, 79
105929471.007271, 78
105929566.516156, 67
105929750.102923, 69
105929806.257955, 32
105930878.331966, 89
105931022.850346, 79
105931158.518715, 85
105931165.367965, 32
105931470.115085, 72
105931559.597828, 65
105931638.882847, 86
105931781.887617, 69
105931880.065571, 32
105931974.403738, 84
105932166.062073, 82
105932270.086954, 73
105932310.276677, 69
105932622.189585, 68
105932806.112308, 32
105933006.19953, 84
105933174.082041, 72
105933319.549479, 69
105933375.022332, 32
105933486.04322, 79
105933550.924811, 84
105933670.12768, 72
105933694.464449, 69
105933789.965289, 82
105933854.12503, 32
105934002.555326, 72
105934062.295471, 65
105934150.121732, 66
105934287.429105, 73
105934430.2591, 84
105934583.807261, 83
105934654.238662, 32
105934788.687764, 8
105934990.564907, 190
105935016.338163, 32
105935118.104836, 16
105935191.32099, 66
105935335.27038, 85
105935470.462139, 84
105935534.256239, 32
105935710.039981, 79
105935758.525983, 84
105935830.074837, 79
105936252.772269, 8
105936410.138022, 8
105936558.773055, 84
105936630.411238, 8
105936947.579611, 84
105937051.680783, 79
105937278.943624, 8
105937423.572973, 8
105937565.183702, 8
105937651.936344, 84
105937748.131291, 79
105937827.191044, 32
105937970.287918, 78
105938058.443478, 79
105938116.279405, 84
105938201.969523, 32
105938434.787445, 65
105938548.763423, 84
105938730.058691, 32
105938930.447746, 76
105939019.787062, 69
105939114.373244, 65
105939213.575436, 83
105939242.194756, 84
105939335.661266, 32
105939598.096946, 71
105939703.600205, 73
105939824.050082, 86
105939982.087472, 69
105940078.335684, 32
105940870.546974, 65
105940966.591559, 32
105941094.238573, 67
105941198.073976, 72
105941325.960959, 65
105941406.013047, 67
105941438.444133, 78
105941630.056971, 69
105941686.491088, 32
105941846.213534, 84
105941894.827427, 79
105941960.172589, 32
105942103.385703, 78
105942230.21155, 69
105942334.094391, 87
105942463.519397, 32
105942726.016665, 69
105942950.205402, 88
105943006.488325, 80
105943165.891736, 69
105943286.250065, 82
105943311.578337, 73
105943541.872559, 78
105943647.808872, 67
105944213.137666, 8
105944370.258734, 8
105944414.267158, 69
105944550.306161, 78
105944646.345475, 67
105944869.9913, 69
105944918.402398, 83
105944998.16153, 32
105945125.836563, 73
105945239.693804, 83
105945318.17347, 32
105945461.832954, 84
105945518.446286, 72
105945615.528981, 69
105945670.342959, 32
105945823.927184, 79
105946104.40689, 80
105946334.26778, 80
105946399.610167, 79
105946526.138619, 83
105946639.682929, 73
105946877.977144, 69
105947029.985618, 32
105947444.164002, 8
105947602.565091, 8
105947693.804742, 84
105947782.24771, 69
105947846.02572, 32
105947982.040587, 79
105948077.976701, 70
105948158.213552, 32
105948261.899147, 72
105948333.969275, 79
105948422.230255, 87
105948494.147523, 32
105948885.808743, 83
105948982.462267, 79
105949117.952809, 67
105949198.267615, 73
105949341.949848, 69
105949415.903943, 84
105949486.212446, 89
105949535.772623, 32
105950510.313685, 80
105950637.936563, 82
105950688.353416, 79
105950718.453055, 82
105951318.303858, 71
105951556.808358, 8
105951714.139434, 8
105951878.820505, 71
105952077.972817, 82
105952118.303192, 69
105952293.877204, 83
105952469.901748, 83
105953326.222289, 69
105953391.545812, 83
105954437.115841, 8
105954946.707954, 8
105954978.226602, 8
105955009.243949, 8
105955046.756281, 8
105955071.831822, 8
105955102.681885, 8
105955130.012861, 8
105955161.45494, 8
105955194.387881, 8
105955243.051987, 8
105955274.243, 8
105956060.815429, 84
105956396.747181, 8
105956494.023516, 89
105956567.58395, 32
105956645.715729, 65
105956791.506918, 78
105956838.088424, 68
105956951.782541, 32
105957182.452114, 72
105957349.946513, 85
105957558.03456, 77
105957621.784272, 65
105957726.259686, 78
105957821.9267, 32
105958222.037613, 82
105958398.090177, 65
105958487.444196, 67
105958725.899316, 69
105958863.771795, 32
105959133.983035, 80
105959261.740185, 82
105959343.696769, 79
105959479.525487, 71
105959653.876627, 82
105959702.211712, 69
105959869.983809, 83
105960085.910113, 83
105960174.164712, 69
105960293.89912, 83
105960365.846628, 32
105960476.261628, 8
105962214.241247, 76
105962222.4801, 190
105962312.868068, 32
105963045.015186, 8
105963185.939575, 8
105963354.006294, 8
105963606.602678, 190
105963614.085558, 32
105963749.81496, 16
105963821.378794, 84
new stimulus
105975331.095746, 65
105975424.206325, 71
105975561.245987, 65
105976037.810281, 8
105976194.400087, 8
105976354.601917, 8
105977038.463331, 16
105977135.158468, 73
105977245.964077, 32
105977349.961493, 84
105977437.841019, 72
105977525.912521, 73
105977725.901258, 77
105977732.666727, 78
105977743.858173, 75
105978180.288506, 8
105978353.198721, 8
105978777.649177, 8
105978940.325881, 78
105979056.217174, 75
105979143.548515, 32
105979271.302059, 87
105979366.984332, 79
105979486.533978, 82
105979550.31282, 75
105979706.480668, 73
105979817.925733, 78
105979861.491393, 71
105979982.630385, 32
105980118.07099, 73
105980127.466967, 87
105980318.026714, 84
105980358.042216, 72
105980431.623457, 32
105980567.667176, 65
105980711.218744, 32
105981004.407389, 8
105981513.644403, 8
105981546.589273, 8
105981576.040024, 8
105981606.667317, 8
105981637.907989, 8
105981841.66355, 8
105982069.740899, 87
105982157.977189, 73
105982269.53017, 84
105982362.050397, 72
105982413.701497, 32
105982543.11818, 65
105982693.930968, 32
105982757.801637, 71
105983013.623042, 82
105983077.978088, 79
105983181.557986, 85
105983245.813437, 80
105983343.038172, 32
105983541.655616, 79
105983663.410482, 70
105983709.83358, 32
105984141.686742, 80
105984293.837255, 69
105984407.251733, 79
105984486.052097, 80
105984677.863013, 76
105984749.98918, 69
105984829.828764, 32
105984941.555411, 79
105985013.996173, 78
105985101.660975, 32
105985181.757174, 65
105985327.246806, 32
105985381.802227, 84
105985519.492718, 69
105985557.93441, 65
105985661.634987, 77
105985741.654339, 32
105985917.62229, 65
105986029.755358, 76
105986205.774909, 76
105986357.770344, 79
105986463.225331, 87
105986663.070364, 83
105986711.07504, 32
105986998.069981, 68
105987268.586383, 8
105987406.263836, 70
105987518.012399, 79
105987606.373251, 82
105987734.142607, 32
105988093.72895, 68
105988175.235003, 73
105988269.932986, 86
105988429.419346, 69
105988493.856786, 82
105988568.871184, 83
105988693.879645, 73
105988741.614668, 84
105988885.863118, 89
105988949.935471, 32
105989326.08663, 65
105989405.864072, 78
105989519.139839, 68
105989573.898332, 32
105990413.809413, 65
105990694.41701, 17
105990705.403997, 8
105990877.531606, 79
105990941.832832, 84
105991101.438484, 72
105991158.060415, 69
105991287.251555, 82
105991294.316362, 32
105991853.618181, 86
105991959.9734, 73
105992509.999644, 69
105992597.983481, 87
105992784.625764, 80
105992863.822286, 79
105993006.28553, 78
105993029.930966, 84
105993152.461779, 83
105993213.873664, 32
105993300.650164, 8
105993721.714695, 8
105993865.976738, 8
105994034.191045, 8
105994189.97522, 73
105994293.617815, 78
105994349.596407, 84
105994405.391069, 83
105994493.518887, 32
105994580.418284, 8
105994799.416194, 190
105994805.92061, 32
105994901.451689, 16
105995094.941558, 78
105995157.898679, 69
105995333.466865, 86
105995485.450648, 69
105995573.856442, 82
105995599.35089, 32
105995789.549989, 87
105995878.222107, 73
105996045.53535, 76
105996213.875329, 76
105996269.749888, 32
105996455.059717, 79
105996478.423571, 78
105996583.413323, 69
105996661.69158, 32
105996797.635706, 80
105996861.537168, 69
105996949.568998, 82
105997031.19129, 83
105997461.930607, 79
105997549.831216, 78
105997645.496012, 32
105997957.526269, 75
105998103.366006, 78
105998181.629838, 79
105998293.546795, 87
105998335.475949, 32
105998741.595249, 65
105999068.452278, 8
105999175.086583, 69
105999333.499601, 86
105999485.70754, 69
105999557.739661, 82
105999621.526548, 89
106000270.024535, 84
106000421.982795, 72
106000539.299478, 73
106000689.704735, 78
106000733.91429, 71
106000853.461993, 32
106001015.199071, 65
106001093.735886, 78
106001245.305756, 68
106001301.445808, 32
106001509.68061, 65
106001629.770395, 76
106001742.894135, 87
106001830.962862, 65
106001957.553178, 89
106002005.38197, 83
106002181.583508, 32
106002317.740693, 72
106002392.332856, 65
106002453.787464, 86
106002613.341237, 69
106002693.757857, 32
106002789.316123, 84
106002869.484729, 72
106002925.288268, 69
106003023.068954, 32
106003101.774163, 66
106003341.42469, 69
106003413.62798, 83
106003495.219478, 84
106003567.51293, 32
106003757.384395, 73
106003821.789377, 68
106003989.485738, 69
106004037.856888, 65
106004149.430676, 83
106004245.542674, 32
106004380.665078, 8
106004613.416141, 190
106004661.852207, 32
106005221.595682, 83
106005335.04983, 79
106005373.802789, 77
106005431.457282, 69
106005589.443903, 84
106005679.500353, 73
106005709.839683, 77
106005743.264492, 69
106005847.365941, 83
106005950.03562, 32
106006813.682576, 65
106006933.695793, 76
106007117.445683, 79
106007247.099562, 78
106007476.632817, 8
106007610.050745, 8
106007770.268388, 8
106007930.667186, 8
106008085.29618, 73
106008205.779348, 78
106008269.504647, 68
106008445.44652, 69
106008549.385123, 80
106008671.292016, 69
106008797.567737, 78
106008861.725259, 68
106009653.708787, 69
106009813.508911, 78
106009934.960001, 84
106009998.040851, 32
106010181.483359, 87
106010269.974044, 79
106010381.428818, 82
106010479.309376, 75
106010549.918882, 32
106010741.39828, 67
106010869.640362, 65
106010933.415597, 78
106010997.957625, 32
106011157.581864, 66
106011333.445226, 69
106011421.720077, 32
106011613.448599, 86
106011725.505932, 69
106011839.190895, 82
106011927.057382, 89
106011941.326816, 32
106012213.438113, 85
106012269.797604, 83
106012311.473195, 69
106012501.329679, 70
106012645.448573, 85
106012845.21565, 76
106012941.608121, 32
106013109.43487, 84
106013213.518843, 79
106013263.191652, 32
106013445.335829, 65
106013533.908353, 32
106014484.875554, 8
106014990.931103, 8
106015022.152355, 8
106015053.652415, 8
106015545.977282, 8
106016837.905881, 66
106016973.511829, 85
106017053.462382, 84
106017118.031042, 32
106017262.910902, 77
106017365.910712, 79
106017391.197926, 83
106017469.302796, 84
106017486.637456, 32
106017606.026752, 79
106017718.705508, 70
106017790.994244, 32
106017913.228216, 84
106017918.93144, 72
106018007.509235, 69
106018069.68486, 32
106018173.296661, 84
106018237.598442, 73
106018333.137566, 77
106018405.331423, 69
106018519.111819, 32
106018612.936203, 8
106018789.218471, 188
106018821.48893, 32
106018949.161189, 84
106018997.349518, 73
106019101.322522, 32
106019205.434236, 83
106019334.610395, 72
106019383.195991, 79
106019501.497796, 85
106019836.41169, 8
106020341.568949, 8
106020372.713911, 8
106020404.527734, 8
106020435.883258, 8
106020466.712792, 8
106020497.731804, 8
106020528.843753, 8
106020559.962082, 8
106020591.31178, 8
106021381.850221, 69
106021478.969258, 188
106021549.565724, 32
106021710.832019, 73
106021815.276638, 84
106021893.474721, 32
106022046.868914, 83
106022109.702027, 72
106022213.314383, 79
106022341.426077, 85
106022469.102775, 68
106022541.538821, 76
106022661.448005, 32
106022757.584416, 66
106022941.270777, 69
106022989.61363, 32
106023158.442147, 87
106023279.071793, 73
106023798.06016, 84
106023887.086822, 72
106023933.651683, 32
106024045.456008, 79
106024182.775032, 84
106024269.223342, 72
106024285.678855, 69
106024383.107216, 82
106024479.096317, 83
106024485.926148, 32
106024588.351696, 8
106028949.850303, 32
