new stimulus
104781872.998545, 68
104782217.346422, 69
104782520.245362, 86
104782695.638773, 69
104782854.09701, 76
104783120.907622, 79
104783168.915349, 80
104783315.859778, 83
104783460.76738, 32
104783616.224198, 8
new stimulus
104822894.422669, 83
104822963.629256, 65
104823001.746088, 76
104823631.472096, 8
104823782.176968, 8
104823985.932528, 76
104824030.604822, 65
104824098.744447, 84
104824232.867302, 69
104824241.646572, 32
104824295.255432, 8
104828486.960929, 8
104828687.965582, 8
104829558.282297, 8
104829813.95972, 8
104830297.711719, 76
104830446.303474, 8
104830829.073346, 8
104831049.609834, 76
104831160.975002, 65
104831273.735597, 89
104831401.211165, 69
104831483.070652, 82
104831505.062658, 32
104831591.75177, 8
new stimulus
104857079.260328, 67
104857155.748387, 79
104857338.854938, 76
104857522.783765, 76
104857609.415451, 69
104857793.774836, 67
104858113.335966, 69
104858400.549238, 8
104858484.152872, 84
104858595.007584, 69
104858744.690991, 68
104858825.351187, 32
104858903.660793, 8
new stimulus
104888538.400633, 65
104888625.43458, 82
104888889.211591, 67
104889426.808258, 72
104889539.979992, 73
104889608.519936, 86
104889784.201032, 69
104889840.533614, 32
104889973.160614, 8
new stimulus
104922201.710689, 67
104922408.919588, 85
104922496.468151, 82
104922688.117053, 86
104922808.402143, 89
104922887.88746, 32
104922991.715372, 8
104931796.060231, 8
104931972.345273, 8
104932139.809156, 8
104932907.810736, 8
104933452.264422, 8
104936656.711039, 76
104936840.104443, 79
104936930.118447, 78
104936977.493377, 71
104937119.658949, 32
104937316.401581, 8
new stimulus
104956585.558065, 82
104956696.01884, 69
104957048.207471, 80
104957424.257093, 76
104957752.273466, 65
104958200.122731, 67
104958471.427287, 69
104958537.320078, 83
new stimulus
104990665.705309, 87
104990855.130404, 79
104990975.665727, 82
104991064.919597, 75
104991186.012259, 32
104991308.945611, 8
new stimulus
105031459.921523, 84
105031879.785375, 79
105032064.600008, 79
105032119.959951, 75
105032223.936838, 32
105032364.570768, 8
new stimulus
105070808.33029, 82
105070886.896234, 69
105071010.399963, 76
105071120.732569, 65
105071191.297409, 84
105071261.420318, 73
105071303.697912, 79
105071416.419114, 78
105071513.972315, 83
105071656.514347, 72
105071678.847304, 73
105071750.475777, 80
105071878.236811, 32
105072051.249393, 8
new stimulus
105096536.445369, 73
105096654.350462, 83
105096862.284263, 83
105096931.759671, 85
105097060.697525, 69
105097079.251728, 32
105097195.229577, 8
105099995.462499, 8
105100155.047622, 8
105100314.446872, 8
105100474.499171, 8
105100922.446921, 8
105101118.833899, 79
105101214.607166, 82
105101405.851033, 68
105101574.071721, 69
105101622.521103, 82
105101734.486055, 32
105102019.219736, 8
new stimulus
105127951.262654, 68
105128269.800101, 69
105128566.004591, 83
105128719.369932, 73
105128862.357225, 71
105128958.045323, 78
105129071.419852, 83
105129190.109492, 32
105129322.346439, 8
new stimulus
105167384.194152, 80
105167528.418743, 85
105167774.198613, 76
105167949.973201, 76
105174043.432221, 8
105174217.634108, 8
105174369.437012, 8
105174522.270814, 8
105174621.718801, 70
105174749.265943, 79
105174822.885745, 82
105174989.948199, 67
105175229.150969, 69
105175261.848934, 32
105175361.953854, 8
new stimulus
105200374.440857, 68
105200471.124343, 79
105200533.626216, 78
105200679.046492, 65
105200749.46097, 84
105200877.064984, 69
105201477.672314, 68
new stimulus
105239870.634362, 80
105239973.63334, 82
105240181.491127, 83
105240253.378989, 69
105240921.906504, 8
105241008.789256, 8
105241109.606317, 69
105241292.792487, 83
105241409.034718, 69
105242152.189352, 78
105242221.655327, 84
105242334.284148, 69
105242500.821998, 68
105242512.827953, 32
105242618.059339, 8
new stimulus
105279654.472528, 79
105279740.561855, 82
105279869.702782, 68
105280036.595454, 69
105280148.887485, 82
105280253.075768, 32
105280362.03819, 8
new stimulus
105325366.302153, 78
105326044.151296, 85
105326285.320426, 77
105326508.666913, 66
105326732.239498, 69
105327041.13018, 8
105327192.57965, 8
105327381.608587, 8
105327704.864135, 8
105327895.944324, 8
105328021.768681, 65
105328108.851454, 32
105328220.151982, 78
105328732.333544, 85
105328956.35999, 77
105329012.621829, 66
105329236.061252, 69
105329332.293373, 82
105329388.271965, 32
105329563.298348, 8
new stimulus
105339877.478341, 67
105340268.192723, 78
105340657.071409, 8
105340875.441238, 8
105341492.974587, 67
105341596.292599, 72
105341723.936284, 65
105341788.256374, 78
105341867.787189, 71
105342035.943237, 69
105342140.241378, 32
105342257.221827, 8
