new stimulus
106140630.420947, 8
106141119.607071, 8
106141143.973525, 8
106141173.634006, 8
106141200.218718, 8
106141233.509532, 8
106141257.889024, 8
106141290.786455, 8
106141322.311761, 8
106141358.86477, 8
106141427.350894, 8
106141427.810581, 8
106141651.796801, 8
106141833.921281, 8
106142002.910147, 8
106142137.93157, 8
106142289.777474, 8
106142441.55874, 8
106142608.428109, 8
106142795.852165, 8
106143172.30072, 75
106143719.020936, 16
106144207.054098, 173
106144890.85115, 8
106145165.119951, 16
106145197.656179, 173
106145722.675127, 8
106146022.724952, 80
106146854.966171, 59
106147031.477589, 73
106147215.653321, 83
106147490.403448, 8
106147649.728626, 8
106147825.599479, 8
106148679.419901, 76
106148822.222431, 85
106148972.837973, 83
106149046.715777, 32
106149820.262451, 8
106150357.50929, 192
106151182.404675, 8
106151582.181573, 192
106153562.707441, 8
106154406.010273, 79
106154493.448699, 78
106154567.721273, 69
new stimulus
106181324.172979, 8
106181821.576872, 8
106181855.257186, 8
106181885.814846, 8
106181914.621148, 8
106181946.238835, 8
106181977.592972, 8
106182011.072432, 8
106182041.248916, 8
106182075.693525, 8
106182291.622602, 8
106183596.521471, 8
106183910.706735, 8
106184150.643284, 8
106184309.00165, 8
106184466.832638, 8
106184642.07319, 8
106184818.951081, 8
106184986.117568, 8
106185138.126319, 8
106193525.84594, 16
new stimulus
106208554.973772, 70
106208727.381022, 69
106208896.275843, 86
106209069.694293, 69
106209165.830981, 82
106209229.081059, 32
106209565.039998, 61
106210093.308657, 32
106210413.393559, 84
106210580.826093, 82
106210718.14595, 85
106210788.630893, 69
106210956.523669, 32
106211097.988752, 8
106215093.712582, 59
new stimulus
106241285.56428, 73
106241340.777189, 70
106241487.304376, 32
106242510.941212, 13
106242830.064849, 57
106243593.890132, 8
106246901.271088, 65
106247006.25862, 71
106247157.995776, 69
106247229.872819, 32
106248116.456122, 16
106248460.811767, 188
106248748.251969, 190
106249564.930972, 8
106249728.124788, 8
106250341.021597, 16
106250500.288795, 190
106251148.191158, 32
106252124.410618, 53
106252538.005031, 8
106252783.691687, 8
106253084.303567, 173
106253641.164913, 8
106253973.48159, 61
106254595.906151, 32
106255316.295051, 56
106255922.881917, 8
106256462.651901, 52
106256912.911956, 8
106257100.86117, 53
106257440.738683, 8
106257652.228468, 54
106257923.580741, 53
106258060.688648, 32
106258499.99889, 13
106258714.280364, 82
106259228.321757, 82
106259616.630897, 8
106259799.521337, 8
106260316.177702, 82
106260413.217952, 69
106260533.229503, 84
106260597.38758, 85
106260716.991878, 82
106260814.680738, 78
106260893.163178, 32
106260942.436778, 84
106261100.03612, 82
106261219.71976, 85
106261366.65753, 69
106261487.804844, 32
106261610.035487, 8
106261883.12081, 13
new stimulus
106275364.964706, 65
106275643.470838, 32
106276040.613899, 8
106276239.178633, 8
106276878.412141, 84
106276965.295447, 69
106277099.73595, 77
106277236.611101, 80
106277403.536509, 32
106277819.525066, 61
106278467.950645, 32
106278676.193216, 66
106278931.57574, 32
106279768.993638, 8
106282199.648063, 8
106282704.907968, 8
106282735.786605, 8
106282767.112722, 8
106282798.281819, 8
106282831.054966, 8
106283040.581164, 8
106283283.862856, 66
106283440.12586, 8
106283598.879551, 8
106283659.894169, 66
106283715.207228, 32
106284075.424426, 173
106284251.901444, 32
106284404.978266, 84
106284496.344699, 69
106284755.191104, 8
106284920.001453, 8
106285103.582394, 8
106285396.034486, 173
106285736.735108, 8
106285898.098777, 8
106286131.969512, 173
106286552.372949, 8
106286827.996952, 61
106287435.643012, 32
106287571.854293, 84
106287684.913672, 69
106287771.428286, 77
106287899.187378, 80
106287995.154839, 32
106288208.426778, 8
106289057.722183, 13
106289244.243511, 65
106290216.419835, 8
106290574.844616, 8
106290878.644065, 8
106291062.975707, 8
106291231.157278, 8
106291439.068331, 8
106291687.273416, 8
106292072.837197, 8
106292539.90925, 59
106292883.091403, 32
106293000.68523, 8
106293386.579696, 13
106294867.939215, 9
106295636.154965, 65
106295787.424388, 32
106296251.636507, 61
106296483.483177, 32
106296715.056588, 66
new stimulus
106313748.450048, 65
106314507.536977, 59
106315232.658404, 8
106315684.10277, 222
106316200.143537, 8
106316643.016144, 16
106316811.636596, 59
106317305.805203, 8
106318507.359427, 16
106319017.273904, 16
106319034.91345, 48
106319723.411958, 8
106320076.259186, 16
106320355.518794, 57
106324092.895022, 49
106324747.655236, 32
106327896.699187, 8
106328992.396441, 39
106329411.521521, 32
106330483.423254, 61
106331467.24877, 32
new stimulus
106340563.298626, 13
106341497.918786, 38
106347100.296341, 73
106347196.489901, 70
106347258.912708, 32
106347498.88227, 16
106347747.399731, 57
106349311.912075, 78
106349517.41206, 85
106349714.784993, 77
106350323.128211, 192
106350666.863543, 32
106350858.805124, 16
106351161.659677, 8
106351352.198618, 8
106351643.354321, 49
106352274.936831, 16
106352370.348618, 32
106352786.588796, 16
106352866.573749, 190
106353186.500521, 32
106353697.308848, 8
106353919.125357, 8
106354659.08077, 16
106354971.207847, 190
106355450.762464, 32
106356259.146297, 78
106356474.698914, 85
106356626.899918, 77
106357307.073295, 49
106358313.324703, 8
106358491.422693, 50
106359635.950783, 40
106360233.156653, 38
106361394.278688, 13
106362251.338279, 82
106362369.231443, 69
106362476.691076, 84
106362596.240721, 89
106362754.716436, 82
106363028.780223, 66
106363155.022654, 32
106363355.549865, 8
106363489.306802, 8
106363650.429115, 8
106363808.823545, 8
106363965.608656, 85
106364123.005758, 82
106364282.881895, 78
106364390.574006, 32
106365239.519861, 78
106365473.071839, 85
106365659.101577, 77
106365770.726965, 66
106366201.442423, 8
106366499.011548, 32
106366794.984669, 50
new stimulus
106384810.425097, 8
106385322.692938, 8
106385352.647762, 8
106385383.923112, 8
106385423.229248, 8
106385444.25028, 8
106385477.020374, 8
106385512.283375, 8
106385540.212193, 8
106385567.152283, 8
106385618.199991, 8
106385646.771594, 8
106385870.885428, 8
106386046.772926, 8
106386215.110962, 8
106386367.07172, 8
106386511.954909, 8
106386999.748656, 8
106389243.597675, 89
106389883.08419, 16
106390080.584737, 191
106390827.567227, 16
106391208.054478, 8
106391562.31489, 16
106391859.347205, 190
106392674.691812, 50
106393103.648698, 8
106393203.842393, 90
106394115.589181, 32
106394547.680093, 16
106395258.808398, 65
106395426.485063, 78
106395539.824359, 68
106395732.59321, 32
106397268.490951, 89
106397755.133123, 16
106398264.673636, 16
106398295.334497, 16
106398306.01965, 190
106399036.311097, 88
new stimulus
106415536.476163, 8
106416036.65399, 8
106416067.884952, 8
106416401.828982, 8
106416911.486011, 8
106416941.59314, 8
106416972.419345, 8
106417003.761275, 8
106417035.605615, 8
106417067.112057, 8
106417102.574523, 8
106417128.675136, 8
106417351.471497, 8
106417526.751997, 8
106417702.587063, 8
106417838.539233, 8
106417998.415647, 8
106418149.992176, 8
106418310.441743, 8
106418490.047239, 8
106420516.148961, 67
106420635.767685, 79
106420674.439637, 85
106420898.894421, 78
106421003.877237, 84
106421074.529466, 32
106421322.366968, 61
106421550.097541, 32
106423058.424891, 192
106423799.458362, 8
106424154.757717, 192
106424738.224859, 32
106425263.1026, 8
106425546.632273, 59
106425675.318507, 32
106426011.941038, 73
106426066.788584, 32
106426558.168277, 16
106426754.779966, 188
106427081.968513, 32
106427763.239646, 51
106428311.33171, 8
106428634.610839, 52
106429186.979627, 192
106429634.800872, 32
106429880.367405, 8
106430094.218044, 8
106430578.678299, 192
106430955.786561, 32
106432161.323443, 8
106433211.085582, 59
106433403.824749, 32
106436890.496051, 16
106437378.238753, 173
new stimulus
106445455.20675, 8
106445957.615598, 8
106445990.035587, 8
106446014.742714, 8
106446048.195541, 8
106446079.830706, 8
106446112.058442, 8
106446143.032235, 8
106446175.907472, 8
106446208.59323, 8
106446254.91396, 8
106446284.847423, 8
106446315.935791, 8
106446346.853544, 8
106446377.669762, 8
106446408.786704, 8
106446805.725861, 8
106447013.978696, 8
106447189.811819, 8
106447349.755647, 8
106464707.384229, 88
106465602.202501, 16
106465810.038095, 59
106466431.196228, 8
106467018.813591, 73
106467330.622466, 74
106467475.393854, 32
106468274.310969, 16
106468417.640044, 190
106469169.92544, 32
106469697.725257, 77
106469785.697442, 65
106469953.374661, 88
106470042.111141, 32
106470199.345951, 8
106471888.410399, 37
106472110.267411, 37
106472323.569866, 37
106472627.810969, 37
106472835.985849, 37
106473035.647229, 37
106473363.904402, 37
106473724.119382, 39
new stimulus
106481118.846383, 8
106481343.62353, 8
106481853.732756, 8
106481885.749652, 8
106481916.63578, 8
106481946.152834, 8
106481977.591307, 8
106482008.559829, 8
106482040.170858, 8
106482071.305, 8
106482262.791056, 8
106482445.512269, 8
106482605.947687, 8
106482774.93156, 8
106482927.164467, 8
106483094.453574, 8
106483254.417099, 8
106483405.674593, 8
106483589.743796, 8
106484152.145519, 8
106495899.201803, 70
106496009.83125, 65
106496113.586478, 76
106496201.781432, 83
106496289.795229, 69
106496371.299618, 32
106496470.388622, 8
106508823.686383, 8
106508824.114166, 8
106508824.841287, 8
106508858.347657, 8
106509061.441569, 8
new stimulus
106529778.742216, 67
106529849.554239, 73
106529921.317816, 78
106529979.090214, 32
106530417.324062, 16
106530689.614295, 190
106531153.118158, 190
106531942.326919, 8
106532148.99346, 8
106532308.748919, 8
106532461.149943, 8
106532628.903454, 8
106533245.399525, 8
106533741.077303, 8
106535861.804602, 9
106540221.77545, 73
106540312.611176, 70
106540381.420773, 32
106540653.393914, 16
106540877.484445, 57
106541586.239967, 78
106541840.978597, 85
106542113.297128, 77
106542464.837425, 49
106543289.186567, 32
106544462.44439, 8
106544668.993305, 8
new stimulus
106566418.100286, 67
106566466.941387, 65
106566656.501031, 83
106566713.071362, 69
106566880.913092, 32
106568177.388068, 16
106568394.778878, 222
106569709.866038, 8
106569852.765666, 8
106570013.004115, 8
106570164.466347, 8
106570324.464549, 8
106570484.377028, 8
106570665.054479, 67
106570768.933992, 79
106570864.636239, 85
106570984.852251, 84
106571024.962353, 32
106571456.696502, 16
106571712.873006, 188
106571968.837283, 188
106572164.797865, 32
106572466.442584, 16
106572849.562839, 59
106573345.760505, 16
106573726.977652, 8
106574104.692634, 16
106574336.88608, 222
106574953.03482, 16
106575128.716749, 77
106575384.299295, 79
106575584.499149, 79
106576243.875096, 37
106577218.868354, 39
106577474.526913, 39
106577809.067121, 32
106578280.799294, 16
106578536.651493, 188
106578736.627468, 188
106578858.254444, 32
106579026.202149, 69
106579122.666194, 78
106579245.920799, 68
106579362.089236, 76
106579520.801314, 59
106579544.94694, 32
106579805.519182, 8
new stimulus
106589797.511698, 8
106590302.697254, 8
106590333.770641, 8
106590365.073732, 8
106590396.717775, 8
106590427.527056, 8
106590459.478204, 8
106590491.431015, 8
106590521.56228, 8
106590552.23729, 8
106590598.846538, 8
106590630.42816, 8
106590900.702652, 8
106591116.395922, 8
106591604.011842, 8
106592236.383338, 8
106592419.982311, 8
106592620.495651, 8
106602297.646802, 88
106602624.128481, 16
106603536.786597, 16
106604056.776732, 191
106604936.630908, 50
106605510.1206, 8
106606097.230282, 51
new stimulus
106633537.626906, 88
106634056.268219, 32
106634560.584892, 16
106635070.543479, 16
106635101.010978, 16
106635132.303805, 16
106635160.237616, 61
106635880.007035, 32
106636312.168689, 49
106644640.653348, 59
new stimulus
106664949.188376, 8
106665447.256138, 8
106665478.401654, 8
106665509.6537, 8
106665541.011999, 8
106665572.811119, 8
106665603.642317, 8
106665635.688342, 8
106665665.773555, 8
106665697.583495, 8
106665748.348234, 8
106665776.258188, 8
106665811.377762, 8
106666037.811946, 8
106666243.871489, 8
106666395.859711, 8
106666555.8679, 8
106666704.295145, 8
106666862.389683, 8
106667013.69101, 8
106667312.945468, 73
106667408.037389, 78
106667577.309225, 84
106667583.188889, 32
106667935.913775, 75
106668039.985263, 32
106668359.288115, 61
106668679.838807, 32
106669151.924692, 48
106669992.14482, 59
106670120.287031, 32
106673295.887398, 16
106673399.913666, 75
106673569.057056, 32
106674127.968822, 16
106674573.645047, 8
106674779.662422, 8
106674976.185614, 75
106675199.715754, 32
106675359.810499, 16
106675847.787067, 77
106676509.117445, 8
106676943.543966, 16
106677152.580515, 188
106677872.027848, 32
106678559.843068, 57
106679825.087637, 55
106680434.661218, 32
106681032.850824, 8
106681295.957585, 59
106681400.117016, 32
106682295.7989, 16
106682455.766309, 173
106682871.903841, 173
106683302.315523, 8
106683575.681318, 16
106683603.872022, 8
106684463.680024, 48
new stimulus
106689584.577104, 83
106689639.854098, 68
106690060.841507, 8
106690203.332216, 8
106709264.881424, 73
106709503.531293, 74
106709615.775608, 32
