new stimulus
268343483.015309, 219
268344167.776249, 8
268344899.506416, 80
268345527.327141, 69
268345855.170448, 82
268346209.139119, 8
268346404.713012, 8
268346515.453338, 82
268346625.02573, 69
268346914.14553, 83
268347142.968625, 69
268347778.089072, 84
268348104.011809, 8
268348351.100992, 78
268348473.991707, 84
268348581.911515, 69
268349450.574784, 68
new stimulus
268379250.437905, 80
268379876.246789, 82
268380414.274807, 79
268380641.218667, 71
268380935.738425, 69
268381540.418813, 8
268381662.307769, 82
268381744.529439, 69
268382000.567044, 83
268382262.986946, 83
268382485.650233, 69
268382631.018254, 83
new stimulus
268411799.621767, 67
268412046.57113, 72
268412461.31866, 65
268412733.019887, 78
268412964.1561, 71
268413087.840788, 69
new stimulus
268442272.942953, 84
268442781.934374, 65
268443005.826072, 75
268443300.020972, 69
new stimulus
268486324.010766, 188
268486459.352038, 65
268486969.966637, 8
268487135.984329, 8
268487347.755043, 188
268487507.359366, 65
268487692.717311, 75
268488016.619052, 8
268488199.31655, 8
268488340.563792, 8
268489061.922379, 77
268489586.814338, 65
268489778.868619, 75
268489931.109414, 69
new stimulus
268518748.287077, 76
268519578.902076, 61
268520175.70904, 8
268520358.001508, 8
268522339.444962, 59
268522633.996068, 65
268523175.03519, 8
268523334.140992, 8
268523643.317063, 76
268524218.426824, 65
268524506.911335, 85
268526161.163971, 8
268526550.054956, 8
268526725.533462, 8
new stimulus
268551108.994806, 68
268551806.522005, 8
268551981.232616, 83
268552362.925414, 69
268552657.757268, 80
268552897.555329, 65
268553281.919671, 82
268553490.127218, 65
268553785.886483, 84
268554017.907662, 73
268554353.935657, 79
268554625.709845, 78
new stimulus
268583962.349826, 79
268584185.102165, 82
268584985.024099, 68
268585128.993374, 69
268585634.188042, 82
new stimulus
268625058.609443, 81
268625985.497375, 85
268626747.019828, 65
268627297.020688, 76
268628041.081289, 73
268628578.283709, 84
268629915.994249, 89
new stimulus
268662377.921567, 71
268663693.124007, 8
268666072.462075, 71
268666161.210023, 79
268666391.993914, 84
268666603.719687, 84
268666696.264111, 69
268666810.884971, 78
new stimulus
268686000.492695, 67
268686310.967919, 79
268686743.429196, 76
268686919.007018, 76
268687049.184693, 69
268687311.05059, 67
268687631.412189, 84
268687776.926965, 73
268687912.730694, 79
268688134.805576, 78
new stimulus
268733802.456432, 87
268734248.093993, 79
268734470.71012, 69
268735038.720733, 61
268735182.355441, 82
268735334.224217, 75
268735618.953032, 8
268735785.954173, 8
268735977.952138, 8
268736110.379403, 8
268736385.581933, 82
268736830.275438, 76
268737364.111102, 8
268737582.759862, 75
new stimulus
268762647.150714, 68
268762870.268413, 79
268763517.954546, 78
268764002.490388, 8
268764350.125587, 78
268764479.386393, 65
268764805.536336, 84
268764898.03998, 69
268765167.149005, 68
new stimulus
268795841.225436, 219
268796522.356905, 8
268796782.006226, 80
268797133.322495, 73
268797301.364512, 69
268797629.276619, 67
268797765.0834, 69
268797878.766584, 83
new stimulus
268834390.103305, 87
268834653.954411, 79
268834870.695638, 77
268835172.348944, 68
268835361.613501, 8
268835544.944624, 8
268835728.51516, 8
268835948.82538, 73
268836380.696032, 77
268836556.470544, 68
268836692.68846, 69
268836964.320054, 82
268837369.738266, 8
268837519.989968, 8
268837773.126327, 79
268838305.845381, 8
268838524.852565, 73
268838780.206887, 78
268838972.409032, 71
new stimulus
268865877.974831, 82
268866031.259831, 69
268866372.359319, 80
268866635.952426, 76
268866883.884962, 65
268867227.847413, 67
268867579.553178, 69
268868027.902785, 68
268868368.949287, 8
new stimulus
268903261.03364, 70
268903763.410564, 79
268903987.124992, 82
268904459.447747, 67
268904595.220406, 69
