new stimulus
269692023.645239, 90
269692823.191825, 8
269694757.306795, 16
269694813.953501, 57
269695281.848097, 88
269696502.546704, 32
269696647.301075, 16
269696791.130254, 55
269697480.061631, 8
269697671.006514, 16
269697745.759514, 56
269698240.889981, 8
269698400.28735, 16
269698662.639007, 55
269699311.219261, 8
269699478.115538, 16
269699987.382714, 16
269700017.541469, 16
269700051.598792, 16
269700082.08407, 16
269700113.922319, 16
269700142.68538, 16
269700173.532967, 16
269700204.844675, 16
269700235.966629, 16
269700245.825262, 52
269700774.070938, 8
269700965.661929, 16
269701103.687506, 51
269701533.536884, 8
269702240.447498, 53
269702667.770978, 8
269702813.637243, 16
269702927.448873, 53
269703614.426389, 32
269703753.458719, 50
269704101.843503, 32
269704469.652044, 8
269704645.545846, 8
269704757.737349, 52
269704765.881811, 51
269705285.463419, 8
269705459.109574, 8
269705582.349837, 52
269705886.543744, 32
269706230.848529, 8
269706418.953198, 8
269706574.29082, 50
269707220.07053, 8
269707305.073879, 51
269707645.452078, 32
269708104.348318, 61
269708270.290274, 61
new stimulus
269739977.110172, 73
269740605.012181, 8
269741191.626778, 76
269741851.53321, 8
269742182.182331, 74
new stimulus
269760218.745856, 90
269760790.842016, 8
269761136.949469, 88
269761387.029227, 173
269761867.283664, 8
269762047.693845, 49
269762581.90458, 173
269763082.946842, 8
269763350.939811, 61
269763818.703743, 8
269764077.715833, 48
269764554.234826, 8
269765341.863777, 57
269766106.405933, 8
269768597.642827, 48
269769105.916566, 8
269770678.550919, 61
269771066.859879, 8
269771293.08245, 48
269771673.507999, 8
269772142.761671, 219
269773157.412991, 73
269773733.113099, 188
269773918.21249, 188
269774418.626399, 8
269774620.707151, 74
269774980.288282, 61
new stimulus
269791390.258382, 85
269791939.433366, 8
269792196.821446, 89
269792718.519204, 32
269793212.2365, 16
269793350.323387, 190
269793942.216432, 32
269794212.128307, 90
269795140.099837, 32
269795628.605265, 16
269795724.455412, 55
269795981.171306, 55
269796828.116287, 32
269797401.769599, 89
269798100.036119, 32
269798259.932565, 16
269798627.876209, 190
269799092.572166, 32
269799459.915753, 88
new stimulus
269832389.309332, 88
269833157.828842, 79
269833924.502962, 61
269834242.628843, 8
269834430.59397, 8
269834627.978576, 173
269835106.700552, 8
269835467.102565, 16
269835644.245307, 57
269836006.301568, 8
269836284.363176, 57
269836634.46768, 8
269836861.372701, 48
269837329.076156, 8
269837484.131088, 173
269838016.992735, 8
269838501.105236, 80
269838896.470067, 8
269839239.457945, 57
269839801.091809, 8
269840067.31873, 56
269840408.314464, 8
269840627.240087, 61
269841280.88268, 8
269842267.91973, 79
269842835.415731, 8
269844260.611963, 79
269844817.949719, 8
269845027.737166, 85
269845688.703616, 8
new stimulus
269867548.619869, 73
269869611.147298, 16
269870118.482807, 16
269870148.848795, 16
269870179.294124, 16
269870210.553955, 16
269870242.413288, 16
269870273.33661, 16
269870303.856288, 16
269870335.009035, 16
269870365.951776, 16
269870413.0095, 16
269870444.04157, 16
269870475.389343, 16
269870506.646955, 16
269870537.802476, 16
269870580.435647, 16
269870601.300317, 16
269870631.896007, 16
269870678.545371, 16
269870710.52871, 16
269870741.276148, 16
269870772.783714, 16
269870803.633243, 16
269870834.581533, 16
269870865.398326, 16
269870896.668699, 16
269870928.511664, 16
269870930.984298, 61
269872490.583295, 61
269875130.92088, 50
new stimulus
269900559.259713, 67
269901178.50348, 8
269905451.459472, 67
269906018.031946, 61
269906622.963953, 8
269906842.193905, 173
269907318.830524, 8
269907506.068814, 48
269907818.032945, 56
269908399.522229, 8
269908596.787822, 8
269909194.419276, 79
269909945.942444, 73
269910607.485925, 8
269910978.532776, 85
269911458.56611, 77
269911938.213278, 84
269912313.711037, 32
269912609.618721, 61
269913746.977938, 32
269914290.985996, 48
269914810.053269, 188
269915258.413696, 32
269915673.572361, 67
269916441.914045, 79
269916898.09047, 85
269917194.272521, 78
269917419.714436, 84
269917651.720079, 32
269917972.136885, 16
269918083.911705, 188
new stimulus
269945147.681416, 90
269945710.555897, 8
269945978.892311, 88
269948899.024539, 16
269949417.437937, 16
269949441.919039, 16
269949472.880367, 16
269949503.907999, 16
269949535.043546, 16
269949566.307816, 16
269949597.318247, 16
269949628.835523, 16
269949663.005755, 16
269950868.028811, 16
269951377.056297, 16
269951407.124337, 16
269951438.139485, 16
269951469.252838, 16
269951500.467728, 16
269951531.893455, 16
269951562.905551, 16
269951594.149014, 16
269951625.271523, 16
269951672.730949, 16
269951703.526381, 16
269951734.478555, 16
269951766.034114, 16
new stimulus
269974399.526113, 75
269976513.162413, 61
269977345.235525, 48
269977817.413191, 59
269978465.116801, 32
269978809.24709, 75
269979496.833264, 16
269979736.307855, 188
269983937.046454, 49
269985470.442965, 8
269986033.322717, 50
269986646.055187, 8
269986857.046909, 51
new stimulus
270005909.201372, 70
270006803.287302, 69
270007337.173734, 82
270007749.466939, 8
270007953.312907, 86
270008128.340885, 69
270008552.246288, 82
270008887.991038, 32
270009095.889263, 61
270009344.04845, 32
270009496.040123, 84
270009880.071285, 82
270010095.976372, 85
270010600.375125, 69
270011504.415675, 59
new stimulus
270037553.089918, 73
270037759.421004, 70
270038512.008351, 32
270039272.096825, 16
270039439.776533, 57
270039697.043381, 65
270039983.785146, 71
270040207.505122, 69
270040383.339556, 32
270040679.459466, 16
270040799.936914, 191
270041444.707653, 8
270041639.276458, 16
270042040.433794, 188
270042637.753151, 8
270042831.243629, 16
270043224.514503, 191
270043796.56156, 8
270043983.495521, 16
270044208.012798, 190
270045455.986393, 173
270045980.779868, 8
270046199.48217, 61
270046607.976956, 32
270046951.511627, 52
270047508.84217, 8
270047792.488774, 57
270048389.305448, 8
270048575.857959, 53
270049366.292724, 8
270049760.626944, 54
270049967.451003, 53
270050911.580793, 16
270051039.578789, 48
270051567.986477, 20
270051744.032859, 48
270052324.616926, 8
270052487.137753, 16
270052623.919106, 48
270053239.520642, 32
270053415.296541, 16
270053518.971564, 219
270054260.508763, 13
270055344.572217, 84
new stimulus
270069304.539015, 82
270069472.614322, 69
270070725.482694, 8
270070917.514504, 8
270070942.006426, 9
270071513.717528, 82
270071591.441684, 69
270072238.063638, 8
270072427.939349, 8
270072731.915482, 8
270072951.709427, 192
270073415.234399, 82
270073773.258101, 8
270074116.078418, 8
270074209.203758, 82
270074294.996363, 69
270074583.80046, 84
270074727.195756, 85
270074887.346039, 82
270075142.807722, 78
270075735.207611, 32
270077895.200598, 8
270078059.785422, 8
270078215.15994, 8
270078368.898519, 8
270078524.098263, 8
270078669.066524, 8
270078820.259508, 8
270079223.387627, 79
270079494.551771, 70
270079687.94543, 8
270079860.452225, 8
270080071.016445, 73
270080238.738043, 70
270080350.917063, 32
270080667.561527, 78
270080801.308473, 85
270081071.507754, 77
270081239.298707, 49
270081606.559346, 16
270081727.058433, 190
270082334.22283, 8
270082523.292084, 16
270082590.891563, 188
270083013.559954, 78
270083135.150962, 85
270083582.875823, 77
270084006.766245, 50
270084471.653066, 16
270085119.778353, 16
270086207.311761, 16
270086720.205911, 16
270086750.854866, 16
270086781.52213, 16
270086812.813587, 16
270086844.040682, 16
270086875.231714, 16
270086912.734578, 16
270086939.884726, 16
270086969.916147, 16
270087015.998743, 16
270087047.145387, 16
270087078.662941, 16
270087110.525325, 16
270087118.407627, 32
270087342.562872, 16
270087470.312578, 219
270088329.351078, 13
270088791.341647, 82
270088903.801414, 69
270089158.471344, 84
270089454.720808, 85
270089630.765248, 82
270089902.357449, 78
270090150.478908, 32
270090654.644074, 78
270090840.141561, 85
270091206.51973, 77
270091542.4301, 49
270091815.512317, 20
270092605.168645, 9
270093363.259149, 8
new stimulus
270099399.305842, 20
270099751.25851, 74
270099902.174908, 75
270100293.309101, 8
270100474.223906, 8
270100966.661192, 20
270101254.784226, 74
270101502.234608, 75
270102155.558724, 8
270102315.938433, 8
270106511.28623, 67
270106758.679186, 65
270107295.008569, 83
270107646.468818, 69
270107798.050466, 32
270108006.161194, 16
270108094.169266, 59
270108731.368412, 8
270109574.61651, 16
270109694.675056, 190
270110207.389716, 220
270110382.221836, 16
270110835.235964, 8
270111009.984303, 8
270111294.232351, 16
270111662.870929, 59
270112170.919404, 8
270112278.564845, 16
270112470.56281, 75
270112978.931704, 8
270113639.005697, 59
270114006.017769, 220
270114093.945944, 16
270114282.210406, 222
270114530.945515, 8
270114714.457793, 8
270115097.910259, 8
270115258.948283, 8
270115406.959273, 16
270115448.173446, 13
270116048.92392, 8
270116308.877846, 8
270116645.812723, 16
270117029.90464, 69
270117462.102368, 32
270117607.689273, 16
270117694.210102, 222
270118592.222896, 67
270118906.538428, 79
270119155.130389, 87
270119534.09838, 16
270119886.869433, 13
270120693.631961, 8
270121005.831343, 16
270121077.882284, 59
270121653.232844, 8
270122784.693027, 39
270123174.556365, 16
270123255.10298, 222
270123796.009219, 8
270123997.907429, 16
270124086.304442, 190
270124579.711029, 8
270125022.888163, 16
270125532.558151, 16
270125563.309473, 16
270125593.928189, 16
270125624.841247, 16
270125646.390309, 59
270127117.602557, 13
270127726.868401, 67
270128278.247478, 79
270128525.979163, 85
new stimulus
270156351.467739, 16
270156857.318225, 16
270156888.55725, 16
270156919.352404, 16
270156949.360521, 16
270156980.483585, 16
270157011.715674, 16
270157042.906428, 16
270157073.840292, 16
270157105.107336, 16
270157154.070372, 16
270157184.601701, 16
270157214.807618, 16
270157245.727611, 16
270157276.757739, 16
270157308.247828, 16
new stimulus
270181334.867551, 73
270182041.922423, 8
270184918.532354, 66
270186109.000354, 32
270186317.059482, 61
270186668.966376, 32
270186837.525224, 65
270187093.297894, 59
270188162.367137, 8
270188881.202322, 8
270189953.500997, 8
270190605.608354, 32
270192460.087475, 8
270193801.493234, 8
270193984.487848, 8
270194617.391164, 8
new stimulus
270214617.162848, 82
270214760.958182, 69
270215078.586928, 84
270215172.436331, 85
270215860.61507, 82
270216588.684973, 78
270217180.529747, 32
270217652.081556, 16
270220205.667777, 65
270221833.613896, 8
270222308.801556, 65
270222628.155847, 173
270223193.108472, 8
270223861.104992, 80
270224328.938001, 8
270225941.113137, 80
270226449.406295, 8
270227487.761668, 221
270228636.564689, 8
270230461.546698, 173
270230888.614953, 8
270231116.42963, 173
270231480.824533, 8
270231677.682875, 61
270232170.415889, 8
270232405.314179, 57
270232840.67365, 8
new stimulus
