new stimulus
4681330.01741, 68
4681530.605932, 69
4681673.135757, 76
4681783.458931, 73
4681917.892498, 86
4682102.658582, 69
4682207.280196, 82
4682381.13281, 69
4682575.486291, 68
new stimulus
4725005.6605, 76
4725497.25575, 79
4725714.397158, 79
4726071.438162, 75
4726414.874433, 83
new stimulus
4770590.634872, 89
4770785.228045, 69
4773816.121663, 65
4774062.778461, 82
4774269.446944, 83
new stimulus
4794001.644552, 84
4794103.303863, 73
4794180.993433, 77
4794335.64795, 69
4804901.934402, 32
4805445.609366, 84
4805596.489013, 79
4805700.813232, 71
4805860.590884, 69
4806044.632344, 72
4806772.754913, 84
4806992.572049, 8
4807161.613348, 8
4807321.033127, 8
4807469.362996, 84
4808201.890736, 8
4808629.918815, 69
4808780.411737, 84
4808908.662696, 72
new stimulus
4821614.828215, 67
4821716.382938, 79
4821836.684673, 77
4822013.789772, 77
4822516.056303, 65
4822636.095319, 78
4822692.715031, 68
new stimulus
4856781.600209, 85
4856979.686669, 78
4857171.552237, 76
4857260.209652, 69
4857387.574529, 65
4857541.312446, 83
4857790.039083, 72
new stimulus
4890308.8585, 67
4890432.212422, 79
4890691.344571, 76
4890843.257057, 76
4890971.327415, 69
4891235.204853, 67
4891510.606087, 84
4891683.966278, 69
4891915.434824, 68
new stimulus
4923038.756842, 70
4923250.334015, 79
4923313.129121, 82
4923612.409935, 67
4923836.581749, 69
new stimulus
4956106.271992, 66
4956315.060805, 65
4956483.027929, 67
4956611.831512, 75
4958240.268343, 8
4958638.258372, 8
4958766.867205, 8
4959751.742482, 8
4960901.450857, 87
4961010.960909, 73
4961107.885751, 78
4961234.280486, 68
4961434.472295, 73
4961452.361519, 78
4961586.678847, 71
4970816.2662, 8
4971143.277475, 8
4971320.17756, 8
4971486.447977, 8
4971662.598748, 8
4972110.399741, 8
4972550.280084, 8
4973083.790615, 66
4973227.139111, 65
4973679.448753, 8
4973830.641331, 8
4974412.98464, 77
4974610.885506, 79
4974674.48125, 85
4974866.354031, 78
4974922.706864, 84
4975058.419897, 65
4975138.788524, 73
4975210.336545, 78
new stimulus
5001284.548086, 67
5001394.444308, 79
5001506.820398, 77
5001627.484722, 69
5001779.686281, 83
5001892.493483, 32
5002026.016831, 79
5002155.628264, 78
5002291.590144, 32
5002959.584733, 8
new stimulus
5034299.41453, 84
5034403.535122, 65
5034553.746461, 75
5034699.965433, 69
new stimulus
5068133.089461, 67
5068347.919674, 72
5068554.298252, 65
5068713.282757, 78
5068809.626957, 71
5068961.399068, 69
new stimulus
5100522.297723, 68
5100626.631374, 79
5100729.905554, 78
5101385.73051, 65
5101554.793448, 84
5101690.784735, 69
5101913.568334, 68
new stimulus
5132890.443618, 83
5133264.659765, 69
5133513.306227, 72
5134105.114591, 69
5134447.816529, 8
5134629.42778, 8
5134756.69972, 8
5135017.382653, 72
5135280.775991, 69
5135472.94589, 69
5135689.042253, 84
new stimulus
5169491.332531, 82
5169569.324213, 69
5169770.035077, 80
5169864.82017, 76
5170073.86421, 65
5170289.850714, 67
5170536.708364, 69
new stimulus
5211473.753463, 84
5212000.587023, 79
5212136.441541, 80
5212280.038883, 32
5213205.345184, 8
5213355.766808, 8
5213507.827992, 8
5214795.989211, 8
5214912.627045, 66
5215104.323386, 65
5215240.311066, 83
5215551.898559, 69
5215736.140594, 77
5215863.998448, 69
5215992.01249, 78
5216120.362489, 84
new stimulus
5249465.607824, 74
5249687.785535, 79
5249768.164148, 66
