new stimulus
6009087.675621, 8
6009231.654695, 8
6009405.602464, 8
6009910.630167, 8
6009941.982362, 8
6009972.459016, 8
6009998.42508, 8
6010038.226413, 8
6010171.56056, 8
6010357.409141, 8
6010482.089691, 8
6010632.993751, 8
6010773.901772, 8
6010911.728477, 8
6011054.419485, 8
6011197.986865, 8
6011343.19214, 8
6011495.961303, 8
6015492.238033, 88
6016386.793588, 32
6016410.711174, 16
6016601.793028, 56
6017119.952461, 16
6017121.517948, 8
6017531.459834, 53
6018321.74166, 32
6018657.566883, 50
6019230.726443, 8
6019293.099315, 51
6019761.745178, 32
6020465.740431, 61
6020673.693096, 61
6021121.426677, 32
6025551.369517, 8
6025694.203673, 8
6025829.797415, 8
6025906.119854, 16
6026118.17863, 49
6027501.870373, 173
6028246.392415, 8
6028349.775899, 61
6029111.438128, 32
6029777.307672, 173
6030310.525801, 8
6030586.137598, 173
6031059.438588, 17
6031067.717667, 8
6031305.50975, 173
6031767.079709, 8
new stimulus
6052269.762094, 8
6052770.562732, 8
6052798.056276, 8
6052823.844235, 8
6052850.986565, 8
6052896.747736, 8
6052914.524883, 8
6053128.023474, 8
6054008.095703, 8
6054515.220433, 8
6054570.241922, 8
6054574.982217, 8
6054599.613052, 8
6054627.343237, 8
6054659.968795, 8
6054691.255519, 8
6054724.922793, 8
6054753.509654, 8
6054801.400033, 8
6055151.979066, 8
6059437.670405, 53
6059943.118402, 8
6060917.208932, 69
6061088.717337, 88
6061315.761016, 65
6061506.10271, 77
6061792.803029, 16
6061872.566323, 173
6062321.700325, 83
6062489.442738, 79
6062782.075709, 8
6062836.172276, 67
6062976.642249, 79
6063033.450885, 82
6063129.486315, 69
6063257.235975, 16
6063328.968481, 32
6063498.068316, 188
6063632.775698, 32
6065209.092588, 53
6065600.680292, 173
6066223.145356, 8
6066714.729786, 48
new stimulus
6076825.262412, 32
6079034.373311, 70
6079145.110396, 79
6079219.878167, 82
6079320.780396, 32
6079394.88846, 16
6080271.768404, 8
6080429.267874, 8
6080558.934791, 8
6080711.804102, 8
6080963.240312, 73
6081049.025308, 78
6081178.293848, 84
6081305.230942, 32
6082713.862012, 75
6083286.549402, 8
6083437.439036, 8
6083566.336387, 8
6083710.604811, 8
6083862.004068, 8
6084281.506718, 75
6084838.682937, 32
6085112.655452, 61
6086089.398684, 32
6087873.384992, 173
6088414.79842, 8
6088649.340237, 61
6089215.671908, 8
6089423.054195, 173
6089991.206859, 8
6090177.43523, 48
6091209.482365, 59
6091328.245522, 32
6091704.565353, 75
6091856.402103, 32
6091960.641708, 16
6092049.534931, 188
6092162.685303, 32
6093072.701538, 48
6093684.719754, 8
6094017.973005, 57
6095376.478238, 55
6097752.712069, 59
6097888.146571, 32
6098392.571993, 75
6098624.743524, 16
6098784.018212, 61
6098960.241112, 61
new stimulus
6108853.56991, 32
6113827.13445, 67
6113886.917318, 79
6113947.8132, 85
6114121.249404, 78
6114240.987696, 84
6114728.569217, 32
6117452.194234, 61
6117452.52603, 32
6117453.028717, 49
6117453.236505, 59
6117453.593824, 32
6117549.224774, 67
6117628.907892, 79
6117683.785122, 85
6117859.549168, 78
6117940.614399, 84
6118059.630563, 32
6118131.952312, 16
6118324.252877, 188
6118643.980738, 61
6121951.753135, 32
6121952.564314, 52
6121953.177137, 173
6121953.766935, 8
6121954.362558, 48
6122080.185805, 59
6122247.938483, 32
6122768.363337, 67
6122848.511413, 79
6122936.370687, 85
6123152.165493, 78
6123337.830145, 84
6123904.362391, 16
6124050.497859, 61
6124216.815993, 61
new stimulus
6149777.721029, 88
6150127.611503, 32
6150680.572308, 61
6151461.472029, 8
6151639.537283, 16
6152143.644226, 16
6152173.624573, 16
6152203.383816, 16
6152234.415312, 16
6152265.233472, 16
6152296.243884, 16
6152327.455981, 16
6152358.867822, 16
6152389.849659, 16
6152437.280629, 16
6152456.683463, 173
6152950.994665, 8
6153167.795123, 61
6153447.814032, 32
6153663.735065, 88
6153855.442503, 32
6153983.642972, 16
6154295.770881, 48
6154887.946273, 61
6155088.525362, 16
6155591.389735, 8
6155732.711392, 8
6156128.153584, 16
6156216.03311, 57
6156724.734424, 8
6156833.562575, 16
6157593.060643, 16
6158100.352657, 16
6158132.893602, 16
6158136.651549, 173
6158652.558877, 8
6158983.789728, 16
6159264.423679, 61
6160215.973465, 32
6160671.631025, 50
6161208.518326, 8
6161284.474569, 49
6161535.922985, 59
new stimulus
6187190.230725, 8
6188260.799727, 8
6188774.282949, 8
6188806.500421, 8
6188836.732667, 8
6188867.67511, 8
6188900.588632, 8
6189116.758788, 8
6189468.754334, 8
6189643.661981, 8
6190147.269843, 8
6190178.75409, 8
6190215.148137, 8
6190246.451228, 8
6190270.014547, 8
6190300.847965, 8
6190467.678218, 8
6190675.647806, 8
6190860.0255, 8
6191028.113303, 8
6191529.110354, 88
6192319.627434, 173
6192894.798575, 8
6193369.956345, 80
6194093.522549, 8
6196024.863592, 222
6196517.111613, 8
6196823.903603, 59
6197303.041534, 8
6198056.292632, 76
6198637.24523, 8
6200995.051361, 13
6201900.671858, 8
6202076.309954, 8
6202227.970542, 8
6202371.885809, 8
6202516.271581, 8
6202653.015512, 8
6202796.452504, 8
6202948.312835, 8
6203092.220889, 8
6203254.266182, 8
6203480.10502, 8
6204313.349949, 219
6205439.831794, 73
6206693.696825, 39
new stimulus
6217856.997171, 70
6218039.662622, 69
6218535.638074, 86
6218758.898005, 69
6218871.397825, 82
6219524.048806, 8
6219698.934813, 8
6219870.77113, 8
6220607.98368, 86
6220774.953753, 69
6220847.37149, 82
6221023.076167, 32
6221215.223595, 17
6221259.959696, 61
6221503.378157, 32
6222108.413961, 8
6222266.862489, 8
6222487.389544, 173
6223076.811532, 8
6223479.653101, 32
6223694.880858, 61
6224135.221997, 32
6224526.87545, 84
6224694.99044, 82
6224790.958734, 85
6224893.682787, 69
6224991.15082, 59
new stimulus
6266973.457177, 40
6268169.560076, 38
6272717.132808, 73
6272801.557331, 78
6272880.148242, 84
6273009.46866, 32
6273191.864181, 65
6273369.445335, 66
6273598.903132, 79
6273971.809573, 8
6274087.324406, 83
6274166.819155, 79
6274348.854306, 76
6274462.756212, 85
6274590.478962, 84
6274798.476014, 69
new stimulus
6286328.324587, 65
6286454.71516, 32
6286662.501928, 61
6286847.394238, 32
6287343.014591, 66
6287566.411846, 59
6287734.399222, 32
6288608.326018, 13
6288999.069252, 66
6289603.427593, 8
6289852.431651, 9
6290247.936541, 66
6290510.647145, 32
6290718.320725, 61
6290894.907879, 32
6291142.423018, 84
6291224.314409, 69
6291334.642853, 77
6291479.828431, 80
6291758.332621, 59
new stimulus
6332455.790722, 75
6334198.412152, 32
6334222.259273, 16
6334406.043563, 61
6334814.801416, 32
6335638.252823, 50
6336276.331149, 8
6336446.553708, 49
new stimulus
6356968.390358, 32
6361615.462954, 89
6361766.119832, 32
6361880.080829, 16
6361943.72207, 190
6362095.345483, 32
6362910.961408, 90
6363110.601149, 32
6363326.761041, 16
6363702.658915, 56
6363878.978635, 55
6364303.075102, 61
6364454.68076, 61
6364844.365077, 8
6364978.760082, 8
6365130.93917, 8
6365259.249775, 8
6365437.854336, 16
6365718.734637, 56
6365895.390869, 56
6366284.641022, 8
6366410.347475, 8
6366494.638559, 16
6366630.749691, 56
6366869.729414, 57
6367187.479262, 8
6367362.491497, 8
6367758.181426, 16
6367894.701755, 55
6368069.681809, 55
6368694.311313, 32
6369342.054714, 89
6369445.892336, 32
6369669.667161, 16
6369814.479607, 190
6369952.745193, 32
6371157.83293, 88
new stimulus
6402407.284468, 88
6403150.219107, 49
6404141.756097, 48
6404643.16401, 8
6405326.020882, 80
6405803.602202, 8
6406049.033908, 219
6407718.132633, 73
6408874.770711, 39
6410648.355114, 219
6411469.086962, 74
6412260.717333, 39
6412653.476031, 32
6412916.762839, 8
6413773.76861, 32
6414230.86876, 61
6414749.705101, 32
6415461.969168, 88
6415812.782067, 50
6417576.328542, 8
6417925.749619, 49
6418733.522294, 219
new stimulus
6428558.058418, 67
6428701.221873, 65
6428821.157966, 83
6428927.158641, 69
6429157.362424, 32
6429702.231131, 16
6429982.626223, 222
6430678.107976, 67
6430885.0561, 79
6430973.621411, 87
6432224.753289, 39
6433149.152977, 16
6433277.517957, 59
6433652.100299, 13
6434453.736696, 67
6434528.946121, 79
6434572.202734, 85
6434662.674761, 84
6434772.827875, 32
6434797.233722, 16
6434916.950098, 188
6435061.217135, 188
6435127.809027, 32
6435261.110439, 16
6435332.580227, 222
6435612.915673, 16
6435718.081865, 77
6436261.746565, 79
6436429.561663, 79
6437333.175295, 16
6437701.210776, 49
6438040.669106, 40
6439351.598278, 37
6440037.682667, 32
6440325.118708, 16
6440517.205936, 188
6440645.997312, 188
6440742.819508, 32
6440925.231674, 69
6441052.96885, 78
6441245.501338, 68
6441356.971093, 76
6441685.555902, 59
6444820.638911, 13
6445365.522877, 66
6445601.011532, 82
6445660.868194, 69
6445758.132878, 65
6445925.744626, 75
6446076.853977, 59
new stimulus
6463869.606794, 16
6464133.539716, 73
6464732.878399, 32
6464868.779247, 16
6465414.051325, 8
6465576.988249, 8
6466733.407441, 73
6467516.916308, 32
6467590.363277, 16
6467772.732165, 61
6468164.726568, 32
6469234.765973, 8
6469393.714136, 8
6470060.947204, 16
6470989.072658, 16
6471101.201843, 173
6471650.924034, 8
6471812.449717, 16
6471917.809549, 48
6474025.183458, 37
6474860.988984, 16
6474980.717288, 173
6475525.568796, 8
6475648.087125, 16
6475935.356158, 48
6476433.3615, 8
6477636.766678, 16
6477965.254112, 173
6478724.122156, 8
6479068.590989, 16
6479212.944303, 61
6479853.002584, 61
6480693.093156, 32
6481332.977217, 50
6482260.99947, 16
6482324.499227, 48
new stimulus
6501413.869614, 82
6501494.152239, 69
6501621.307385, 84
6501701.232138, 85
6501796.398962, 82
6501870.225443, 78
6502007.622145, 32
6502644.599664, 65
6503054.090463, 219
6504189.258087, 48
6505849.347283, 39
6506509.023954, 32
6506812.523788, 61
6506980.520597, 61
6507476.397287, 32
6508188.883568, 66
6508565.171218, 219
6510500.944064, 66
6510740.101336, 190
6511116.243617, 83
6511196.476307, 73
6511778.270878, 8
6511920.970208, 8
6512109.264811, 76
6512316.029004, 69
6512430.870259, 78
6512506.75992, 71
6512678.656993, 84
6512776.277884, 72
6514293.798971, 16
6514372.098313, 57
6514492.586474, 48
6514996.817702, 61
6515610.085423, 8
6515788.556821, 173
6516532.427756, 49
6518505.893257, 39
6519228.9798, 222
6519837.97801, 8
6520253.258866, 59
new stimulus
6530549.288026, 82
6530668.382423, 69
6530868.471587, 84
6530987.991548, 85
6531116.025564, 82
6531205.485281, 78
6531340.151605, 32
6532348.151598, 65
6532499.982522, 71
6532699.975697, 69
6532932.102563, 16
6532932.767264, 32
6533132.076042, 190
6533956.477339, 32
6534737.555165, 8
6534980.534745, 61
6535516.097361, 32
6535883.981093, 53
6536433.597863, 8
6536829.574646, 54
6537044.047541, 53
6539084.459755, 59
new stimulus
6566108.988777, 13
6567538.041928, 38
6568256.237536, 9
6571780.838411, 73
6571852.071559, 70
6572038.072167, 16
6572173.709187, 57
6573020.423744, 78
6573219.488113, 85
6573395.732097, 77
6573659.570973, 16
6574028.08667, 32
6574369.398728, 8
6574748.456983, 49
6574939.610689, 32
6575348.269502, 16
6575635.791543, 188
6575819.572227, 32
6576764.249736, 78
6576971.56461, 85
6577179.723677, 77
6577579.962204, 50
6578473.061852, 39
6578875.338592, 13
6579340.27478, 82
6579445.267861, 69
6579555.601299, 84
6579597.117927, 85
6579707.907168, 82
6579789.286162, 78
6579885.424237, 32
6580355.599246, 78
6580531.581899, 85
6580715.454687, 77
6581131.918189, 49
6581515.52948, 59
6581739.093187, 13
6582284.246252, 82
6582373.281514, 69
6582507.486209, 84
6582603.386257, 85
6582707.561778, 82
6582795.403298, 78
6582909.082157, 32
6583076.028927, 78
6583243.296118, 85
6583419.568399, 77
6583741.314499, 50
6583971.903619, 59
