new stimulus
106645662.337406, 16
106646162.810272, 16
106646190.967478, 16
106646223.30016, 16
106646251.898189, 16
106646284.401208, 16
106646311.529734, 16
106646332.179905, 84
106646862.16435, 8
106647105.466902, 16
106647171.59206, 73
106647378.472454, 84
106647663.331131, 32
106647729.960364, 73
106647865.348043, 83
106648016.365946, 32
106648160.435818, 77
106649001.149913, 82
106649035.739976, 79
106649306.156073, 69
106649530.770103, 32
106650006.041137, 8
106650180.26066, 8
106650332.165202, 8
106650499.683322, 8
106650633.756299, 80
106650791.651211, 82
106651016.002523, 69
106651544.892816, 32
106651720.224245, 73
106651903.861406, 77
106652183.848279, 80
106652263.955497, 79
106652376.114091, 82
106652624.482642, 84
106652945.622269, 65
106653040.247804, 78
106653247.867527, 84
106653383.88856, 32
106653519.882406, 84
106653615.469207, 79
106653735.540982, 32
106653863.882146, 87
106654293.721194, 8
106654568.482549, 66
106654682.889925, 69
106654800.186649, 32
106654960.125328, 65
106655032.336565, 66
106655274.074735, 76
106655353.248151, 69
106655448.512588, 32
106655768.355546, 84
106655825.006748, 79
106655928.446529, 32
106656063.627806, 87
106656097.564264, 79
106656271.917503, 82
106656455.777157, 32
106656773.421823, 8
106656965.571673, 75
106657045.312417, 32
106657121.712447, 87
106657200.379013, 73
106657344.923832, 84
106657434.18708, 72
106657536.052215, 32
106657635.57258, 65
106657689.750012, 32
106657928.551949, 71
106658152.100124, 79
106658192.693041, 85
106658604.524916, 8
106658728.442867, 82
106658831.783608, 79
106659204.350029, 8
106659379.234254, 8
106659533.148163, 8
106659601.62558, 82
106659783.419828, 79
106659993.332721, 85
106660215.623065, 80
106660327.867106, 32
106660431.911111, 79
106660552.759944, 70
106660657.50555, 32
106660761.034383, 80
106660911.701347, 69
106660993.211765, 79
106661031.722631, 80
106661191.444643, 76
106661367.978973, 69
106661479.788848, 32
106661624.989492, 79
106661713.071201, 78
106661840.635029, 32
106661922.032814, 65
106662063.567051, 32
106662257.920185, 84
106662480.072096, 69
106662730.535182, 65
106662759.86727, 77
106662856.871142, 32
106663031.345337, 84
106663135.442608, 72
106663295.568546, 65
106663663.571101, 78
106663855.857442, 32
106663936.088945, 73
106664151.723663, 84
106664391.221374, 32
106664455.792137, 73
106664639.298633, 83
106664714.0763, 32
106664816.039087, 73
106664911.301305, 78
106665033.205451, 68
106665231.526272, 69
106665359.360864, 78
106665730.097965, 80
106665863.727622, 69
106666087.640885, 78
106666199.992287, 68
106666375.84194, 69
106666458.975553, 78
106666624.231853, 84
106666743.310735, 76
106666902.605518, 89
106667002.352259, 32
106667151.610475, 66
106667257.091526, 69
106667489.062228, 67
106667759.401479, 65
106667799.612941, 85
106667979.064361, 83
106668162.154724, 69
106668263.441157, 32
106668706.913546, 86
106668959.361308, 69
106669151.520313, 82
106669247.314348, 89
106669439.359887, 32
106669577.820291, 82
106669824.190573, 65
106670063.332907, 82
106670255.607874, 69
106670320.914082, 76
106670567.24608, 89
106670863.200798, 32
106671023.130045, 73
106671143.458989, 78
106671287.398751, 32
106671416.584387, 76
106671503.242367, 73
106671576.578273, 70
106671783.359073, 69
106671863.244353, 32
106672039.353118, 87
106672096.427666, 73
106672303.634309, 76
106672463.156855, 76
106672567.278539, 32
106672967.420967, 79
106673300.245878, 8
106673544.655066, 89
106673727.203624, 79
106673824.463001, 85
106673924.256349, 32
106674049.975323, 66
106674159.760296, 69
106674256.912034, 32
106674297.30382, 73
106674376.49832, 78
106674543.321776, 32
106674943.683091, 65
106675032.924145, 32
106675199.345062, 87
106675279.182071, 79
106675423.186195, 82
106675511.319781, 75
106675576.802707, 32
106675681.03536, 83
106675911.599811, 69
106676168.418909, 84
106676352.862258, 84
106676447.74413, 73
106676503.66599, 78
106676600.765018, 71
106676775.105219, 32
106676983.163823, 87
106677495.406033, 72
106677576.823237, 69
106677776.98919, 82
106677976.062934, 69
106678048.065551, 32
106678567.496869, 89
106678775.440899, 79
106678855.555053, 85
106678952.652971, 32
106679064.680067, 65
106679311.754168, 82
106679527.042109, 69
106679631.091663, 32
106679767.39955, 67
106679824.745971, 79
106679920.871526, 77
106680791.562436, 80
106680895.470228, 76
106681031.177774, 69
106681263.304942, 84
106681495.268709, 69
106681527.442151, 76
106681911.290485, 32
106682268.399517, 8
106682511.575564, 89
106682599.04417, 32
106682768.11835, 73
106682831.235145, 78
106683231.082674, 68
106683431.137937, 69
106683488.586727, 80
106683662.909172, 69
106683767.183993, 78
106683911.335705, 68
106684079.2031, 69
106684159.374402, 78
106684327.155519, 84
106684433.776773, 190
106684743.903863, 16
106684951.611806, 32
106686087.758234, 66
106686295.550237, 69
106686377.920107, 73
106686440.607453, 78
106686559.310984, 71
106686662.972979, 32
106686855.267089, 65
106686919.48081, 66
106687151.332776, 76
106687191.326184, 69
106687327.086995, 32
106687432.544188, 84
106687527.148639, 79
106687655.188245, 32
106687728.78687, 87
106687822.986839, 79
106687943.353791, 82
106688000.844472, 75
106688094.965098, 32
106688199.541477, 73
106688264.107801, 78
106688699.952755, 8
106688866.774269, 8
106688967.728073, 87
106689428.989305, 8
106689752.088917, 87
106689856.895, 73
106690039.72098, 84
106690121.099345, 72
106690231.060203, 32
106690360.610927, 79
106690470.942143, 84
106690590.989782, 72
106690727.00388, 69
106690887.034108, 82
106690960.474047, 32
106691023.393595, 80
106691143.301968, 69
106691183.308693, 79
106691255.259709, 80
106691359.219379, 76
106691456.444911, 69
106691536.844254, 32
106691623.304709, 73
106691751.090198, 83
106691887.226638, 32
106691959.264765, 73
106692411.940069, 8
106692559.639728, 65
106692647.628501, 78
106692871.305677, 32
106692919.623405, 73
106693017.913959, 77
106693199.05793, 80
106693263.340452, 79
106693327.075621, 82
106693527.039057, 84
106693791.209833, 65
106693823.559161, 78
106694072.601292, 84
106694140.303871, 32
106694328.949051, 83
106694416.669833, 75
106694583.969623, 73
106694799.968318, 76
106694935.400662, 76
106695017.336645, 32
106695113.14788, 84
106695191.250725, 79
106695295.216221, 32
106695743.625886, 68
106695951.545225, 69
106696183.603038, 86
106696455.050311, 69
106696504.923821, 76
106696743.348187, 79
106696839.509251, 80
106698858.631938, 32
106699462.353996, 8
106699713.392455, 190
106700210.203075, 32
106700343.917068, 16
106700432.016254, 73
106700615.450065, 84
106700751.494124, 32
106700832.316258, 73
new stimulus
106714160.598387, 16
106714670.342968, 16
106714702.890929, 16
106714733.478628, 16
106714763.271236, 16
106714793.796237, 16
106714824.735429, 16
106714856.121548, 16
106714888.360184, 16
106714919.976285, 16
106714967.288082, 16
106714996.129133, 16
106715027.269456, 16
106715059.493111, 16
106715093.330252, 16
106715124.612337, 16
106715164.494499, 16
106715184.463878, 16
106715233.5828, 16
106715263.069689, 16
106715293.171899, 16
106715323.949632, 16
106715354.881334, 16
106715385.945088, 16
106715417.437737, 16
106715448.86963, 16
106715480.364221, 16
106715526.366864, 16
106715557.73606, 16
106715589.10914, 16
106715620.281644, 16
106715653.821666, 16
106715656.155615, 173
106715943.210086, 69
106716502.071647, 123
106716888.393475, 8
106717135.585203, 8
106727397.273609, 16
106727428.406441, 80
106727890.022218, 8
106728039.025483, 16
106728169.729449, 80
106728405.627335, 69
106728586.48029, 79
106728675.624525, 80
106728905.145592, 69
106729332.425701, 8
106729530.870807, 76
106729595.627166, 69
106729715.490596, 32
106729872.077742, 87
106730193.33777, 74
106730384.351855, 79
106730909.130479, 8
106731084.277977, 8
106731337.510011, 72
106731615.788797, 79
106731873.06786, 32
106732002.151128, 80
106732090.875068, 82
106732273.124566, 69
106732463.675911, 70
106732679.200769, 69
106732880.012006, 82
106733047.576456, 32
106733243.553618, 67
106733345.796046, 72
106733537.026798, 65
106733650.259847, 78
106733896.134376, 71
106734000.103755, 69
106735632.92126, 32
106737328.894676, 65
106737591.763234, 82
106737870.447334, 69
106737919.760174, 32
106738032.114073, 76
106738271.164858, 73
106738336.779282, 86
106738480.993691, 73
106738680.360393, 78
106738839.325043, 71
106740986.796385, 8
106741492.973876, 8
106741522.806155, 8
106741781.152182, 8
106742994.105618, 86
106743135.631532, 73
106743243.611876, 78
106743361.194345, 71
106743591.30965, 32
106744583.71273, 65
106744743.431413, 32
106744887.220535, 76
106745032.9763, 73
106745079.488844, 70
106745319.554993, 69
106745431.168453, 32
106745599.149313, 87
106745632.61027, 72
106745911.132632, 69
106746127.337729, 82
106746288.374998, 69
106746391.068515, 32
106746849.983035, 78
106746974.964344, 69
106747166.990464, 87
106747240.783561, 32
106747415.895272, 69
106747634.152735, 88
106747679.287602, 80
106747886.892623, 69
106748079.148448, 82
106748136.685458, 73
106748319.222086, 69
106748479.333876, 78
106748615.010629, 67
106748831.369417, 69
106749038.925056, 83
106749104.320872, 32
106749263.347943, 65
106749495.668196, 82
106749670.979373, 69
106749752.475643, 32
106749831.353604, 73
106749910.929005, 77
106750142.779028, 80
106750183.204383, 79
106750263.215613, 82
106750454.922975, 84
106750735.116249, 65
106750807.199318, 78
106751006.701124, 84
106751127.292509, 32
106752255.179534, 87
106752311.089466, 72
106752414.90654, 73
106752697.467887, 76
106752840.926877, 69
106753316.265325, 8
106753500.239831, 8
106753660.883161, 8
106753818.824125, 8
106753978.622983, 8
106754119.311638, 84
106754239.849204, 79
106754352.316846, 32
106754433.130103, 84
106754543.418319, 72
106754695.428837, 69
106754776.996126, 77
106754951.25199, 32
106755175.64436, 66
106755231.31016, 85
106755336.426679, 84
106755463.165177, 32
106755991.042881, 79
106756104.583591, 84
106756256.302261, 72
106756350.907821, 69
106756503.410207, 82
106756720.387369, 83
106756799.172117, 32
106756919.485526, 87
106757009.443716, 72
106757160.98872, 79
106757336.337904, 32
106757464.240187, 76
106757526.918378, 73
106757758.639956, 75
106757958.957382, 32
106758094.800587, 84
106758206.737799, 72
106758517.450804, 8
106758674.616374, 8
106758842.392774, 8
106758976.036024, 69
106759350.992989, 32
106759454.93962, 84
106759577.448545, 72
106759719.421109, 69
106759784.414108, 73
106759910.805552, 82
106759998.68391, 32
106760078.787799, 76
106760174.771591, 73
106760439.69751, 82
106760851.864233, 8
106761062.952006, 86
106761351.166378, 69
106761542.794397, 83
106761630.553187, 32
106761798.300458, 84
106761840.645571, 79
106761912.32083, 32
106762024.651148, 83
106762262.693227, 84
106762502.775466, 65
106762534.865959, 85
106762742.833292, 32
106762934.458815, 84
106763187.577105, 8
106763355.048342, 8
106763531.63455, 8
106763722.329045, 89
106763774.151997, 8
106764170.740652, 8
106764255.937728, 89
106764667.845616, 8
106764903.214181, 65
106765094.50652, 85
106765598.691012, 32
106765859.731361, 8
106766018.463255, 8
106766104.082567, 89
106766336.401433, 32
106766425.072941, 84
106766550.622687, 72
106766702.776354, 69
106766784.427147, 32
new stimulus
106776119.010081, 16
106776632.061252, 16
106776664.386721, 16
106776695.562277, 16
106776725.132947, 16
106776755.914841, 16
106776786.972492, 16
106776818.596916, 16
106776849.524179, 16
106776880.69058, 16
106776927.932744, 16
106776959.470057, 16
106776990.137099, 16
106777021.072962, 16
106777052.412751, 16
106777083.65683, 16
106777125.606062, 16
106777146.780561, 16
106777193.63905, 16
106777225.077601, 16
106777255.581519, 16
106777286.489917, 16
106777317.523433, 16
106777326.435609, 79
106777996.172133, 8
106778230.755594, 16
106778738.242516, 16
106778768.43794, 16
106778801.951329, 16
106778807.363829, 73
106779342.535507, 84
106780587.557797, 8
106780902.603853, 16
106781167.233208, 32
106781294.815346, 84
106781366.626264, 72
106781422.675184, 73
106781694.565777, 78
106781839.366657, 75
106782062.71592, 32
106782133.607463, 73
106782217.016833, 84
106782342.36739, 32
106782390.68484, 73
106782558.768901, 83
106782670.445614, 32
106782902.525343, 66
106782990.979351, 69
106783182.745804, 84
106783350.675896, 84
106783558.541415, 69
106783750.369733, 82
106783830.475564, 32
106783942.494061, 70
106784016.119318, 79
106784161.588783, 82
106784246.479031, 32
106784398.633253, 83
106784654.415071, 84
106784774.511536, 85
106784934.319272, 68
106785142.55931, 69
106785231.837816, 78
106785351.155004, 84
106785718.601605, 83
106785831.875435, 32
106785983.239282, 84
106786078.620236, 79
106786174.531066, 32
106786214.558875, 84
106786462.617547, 65
106786552.081648, 75
106786718.497017, 69
106786774.624447, 32
106786886.685666, 67
106787603.634392, 8
106788319.106402, 67
106788486.374842, 76
106788654.450303, 65
106788862.631251, 83
106789022.502516, 83
106789430.710984, 69
106789630.352888, 83
106789718.456513, 32
106789830.688069, 79
106789926.415246, 77
106790078.281227, 32
106790207.772028, 188
106790555.474794, 8
106790714.329586, 8
106790874.024688, 8
106791026.80949, 8
106791238.871015, 73
106791342.694748, 78
106791518.304153, 32
106791639.868457, 77
106791742.934828, 65
106791830.670037, 78
106792374.699517, 89
106792494.520225, 32
106792630.471625, 83
106792688.013351, 85
106792743.198379, 66
106792958.494919, 74
106793032.013646, 69
106793278.837791, 67
106793520.817872, 84
106794120.841342, 83
106794280.263739, 32
106794519.773657, 69
106794852.531987, 8
106794967.242307, 66
106795238.787511, 69
106795479.187398, 67
106795726.662928, 65
106795798.981806, 85
106796038.109159, 83
106796230.598296, 69
106796318.53519, 32
106798017.597421, 73
106798128.636063, 84
106798272.292023, 32
106798591.88641, 69
106798831.178829, 88
106798998.980474, 80
106799102.976209, 79
106799184.586498, 83
106799398.581653, 69
106799584.376323, 83
106799821.622201, 32
106799934.490718, 84
106800129.38316, 72
106800254.430773, 69
106800390.345831, 32
106800494.351275, 83
106800734.404385, 84
106800846.556598, 85
106800990.93968, 68
106801246.472928, 69
106801351.565311, 78
106801486.459734, 84
106801758.616375, 83
106802614.519592, 32
106802926.524273, 84
106802982.42921, 79
106804494.691949, 32
106804783.169039, 77
106805039.429409, 65
106805205.654467, 78
106805534.432626, 89
106805662.192314, 32
106805784.114493, 68
106805888.523031, 73
106805990.824272, 70
106806158.811791, 70
106806374.340533, 69
106806590.139762, 82
106806742.379152, 69
106806830.610114, 78
106806958.166452, 84
106807062.32531, 32
106807243.611322, 65
106807518.387935, 82
106808070.820522, 69
106808278.301812, 65
106808462.403932, 83
106808526.642899, 32
106808686.150741, 84
106808760.19546, 72
106808934.806424, 65
106809199.662987, 84
106809310.453615, 32
106809494.29801, 84
106809558.369136, 72
106809718.217376, 69
106809766.317882, 89
106809934.309562, 32
106810070.548648, 77
106810142.778473, 73
106810255.459453, 71
106810358.556618, 72
106810518.353534, 84
106810559.413075, 32
106810639.503093, 78
106810774.578395, 79
106810886.941171, 84
106810966.41448, 32
106811246.660742, 67
106811294.843366, 79
106811382.594665, 78
106811566.456538, 83
106811639.731133, 73
106811758.461851, 68
106811942.753173, 69
106812134.148435, 82
106812200.02752, 32
106812366.208744, 65
106812630.09128, 83
106812687.669071, 32
106812758.369747, 73
106812841.233705, 77
106813023.530642, 80
106813078.491513, 79
106813118.105131, 82
106813326.410364, 84
106813574.177465, 65
106813622.396985, 78
106813838.084135, 84
106813935.487217, 32
106813990.596787, 85
106814080.100559, 78
106814174.245045, 84
106814262.09788, 73
106814502.366269, 76
106814590.12922, 32
106814654.872817, 84
106814782.036881, 72
106814878.727266, 69
106814968.161683, 89
106815062.416582, 32
106815176.005009, 65
106815422.303161, 65
106815835.835632, 8
106815912.443451, 82
106816094.33868, 69
106816160.2333, 32
106816310.632274, 69
106816542.447343, 88
106816566.139722, 80
106816647.927284, 79
106816782.054636, 83
106817262.627201, 69
106817462.208904, 68
106817542.515034, 32
106817686.146302, 84
106817751.76461, 73
106817853.914657, 32
106817919.605372, 84
106818045.96519, 72
106818467.038541, 8
106818633.929411, 8
106818794.856543, 8
106818954.199042, 8
106819327.934519, 79
106819806.160373, 32
106819917.971913, 84
106820005.922123, 72
106820191.059582, 69
106820302.440563, 77
106820582.22464, 190
106820790.353155, 32
106821180.259272, 16
106821684.404926, 16
106821717.687222, 16
106821719.150623, 80
106821910.0063, 69
106821950.363686, 79
106822030.426516, 80
106822166.147934, 76
106822262.100099, 69
106822382.750021, 32
106822581.972463, 87
106822646.498007, 72
106822861.98902, 79
106823022.160733, 32
106823182.021178, 83
106823310.29271, 80
106823707.214548, 8
106824278.927953, 80
106824391.642223, 69
106824582.087316, 67
106824671.921775, 73
106824870.27339, 65
106824967.379908, 76
106825062.263723, 73
106825190.409305, 90
106825462.044948, 69
106825574.36084, 32
106825662.583479, 73
106825774.020777, 78
106826037.935493, 32
106826325.934585, 79
106826517.903556, 78
106826639.438176, 69
106826735.286863, 32
106826910.171643, 83
106826942.215529, 85
106827022.236191, 66
106827262.215507, 74
106827343.800828, 69
106827542.236225, 67
106827822.061638, 84
106827950.21693, 32
106828270.464922, 65
106828955.252413, 8
106830302.918838, 77
106830534.006784, 65
106831006.383476, 89
106831103.831223, 32
106831406.414658, 78
106831589.98607, 79
new stimulus
106841686.841244, 16
106841887.440253, 79
106842419.338631, 8
106842710.646256, 73
106842926.003275, 32
106843119.028945, 84
106843232.157406, 73
106843579.063973, 8
106843847.219359, 72
106843927.444204, 73
106844200.22116, 78
106844367.690177, 75
106844806.561248, 32
106846042.399765, 85
106846176.462755, 78
106846342.410668, 86
106846453.137765, 73
106846631.123289, 69
106846805.974778, 82
106847037.998468, 83
106847053.718576, 73
106847294.137327, 84
106847838.265569, 89
106848045.988771, 32
106848197.759041, 83
106848437.837119, 84
106848487.276186, 85
106848645.830252, 70
106848870.457044, 69
106848965.854643, 78
106849085.837643, 84
106849333.825572, 83
106849431.789601, 32
106849566.385795, 83
106849613.877916, 72
106849789.784163, 79
106849870.321384, 85
106850077.91725, 76
106850151.649869, 68
106850461.808307, 32
106850653.82444, 78
106850854.124111, 79
106850919.70469, 84
106851021.865833, 32
106851110.307913, 66
106851229.88976, 69
106851366.127737, 32
106851485.880199, 82
106851678.079708, 69
106851934.555357, 81
106852007.174683, 85
106852070.243207, 73
106852222.042884, 82
106852421.804079, 69
106852605.606306, 68
106852661.876331, 32
106852789.808576, 84
106852863.541472, 79
106852927.801523, 32
106853125.8538, 65
106853422.096204, 84
106853581.652318, 84
106853813.893507, 69
106853862.213731, 78
106854045.818157, 68
106854111.513311, 32
106854229.746056, 67
106854317.723454, 76
106854477.639939, 65
106854651.500477, 83
106855238.570567, 69
106855539.90172, 8
106855622.081002, 83
106855849.221235, 69
106856049.131128, 83
106856101.854037, 32
106856198.080573, 66
106856398.342792, 69
106856613.76445, 67
106856870.012336, 65
106856941.999972, 85
106857157.707374, 83
106857357.761527, 69
106857407.433628, 32
106857589.849301, 84
106857962.488684, 72
106858520.479695, 69
106858615.583505, 89
106858823.397701, 32
106858920.304476, 65
106859166.682803, 82
106859358.289738, 69
106859440.095333, 32
106859486.423669, 80
106859702.019547, 65
106859974.337371, 89
106860279.68476, 73
106860391.699372, 78
106860446.526526, 71
106860848.872516, 32
106860936.163849, 70
106861031.170561, 79
106861141.94815, 82
106861262.204965, 32
106861366.120247, 84
106861471.271721, 72
106861593.674116, 69
106861693.843371, 32
106861797.844099, 67
106861925.68424, 76
106862190.97691, 65
106862461.927321, 83
106862589.869276, 83
106862881.368599, 69
106863071.829782, 83
106863137.305773, 32
106863303.775516, 65
106863343.976159, 78
106863502.484451, 68
106863598.278486, 32
106863638.48329, 73
106863736.743051, 70
106863845.977896, 32
106863980.687834, 84
106863998.422302, 72
106864189.960436, 69
106864254.438263, 89
106864382.029557, 32
106864469.95147, 84
106864518.304431, 72
106864575.318778, 73
106864703.497928, 78
106864854.320803, 75
106864975.098339, 32
106865006.363224, 84
106865136.127008, 72
106865326.851464, 65
106865631.152973, 84
106865695.715691, 32
106865814.185077, 84
106865879.665784, 72
106866038.448446, 69
106866065.73538, 73
106866277.924241, 82
106866429.797157, 32
106866517.614205, 84
106866605.873464, 73
106866687.864376, 77
106866830.57932, 69
106866925.755537, 32
106866990.064969, 73
106867125.674031, 83
106867239.570118, 32
106867294.525995, 66
106867445.628789, 69
106867597.672042, 84
106867749.65454, 84
106867845.928238, 69
106868037.772369, 82
106868082.200365, 32
106868456.693481, 83
106869163.101287, 8
106869358.559115, 85
106869406.022661, 83
106869622.122338, 69
106869814.122102, 68
106869871.641357, 32
106869942.161987, 79
106870045.762672, 85
106870127.372962, 84
106870437.723931, 83
106870511.371659, 73
106870661.721252, 68
106870853.923257, 69
106870934.822237, 32
106871030.400161, 79
106871126.535148, 70
106871263.103534, 32
106871398.192152, 67
106871462.248298, 76
106871670.117146, 65
106871911.071322, 83
106872438.970387, 83
106872869.806767, 32
106873101.800495, 72
106873293.737285, 69
106873405.866472, 78
106873683.443659, 8
106873849.619613, 8
106873993.657027, 8
106874062.484273, 84
106874205.612021, 72
106874309.771157, 69
106874399.227213, 78
106874477.824147, 32
106874549.669188, 84
106874813.858274, 72
106874973.441575, 65
106875261.67925, 84
106875359.43771, 32
106875437.989146, 73
106875557.715253, 83
106875645.644657, 32
106875813.865765, 84
106875838.494165, 72
106876037.623671, 69
106876133.800548, 73
106876366.098885, 32
106876666.896002, 8
106876743.368716, 82
106876853.669416, 32
106876957.832714, 68
106877141.615799, 69
106877341.882179, 67
106877399.352053, 73
106877565.594865, 83
106877605.846831, 73
106877677.63611, 79
106878086.196904, 78
106878358.199854, 190
106878493.723747, 32
106878582.442693, 16
106878759.436711, 83
106878965.779462, 67
106879029.954622, 72
106879221.785991, 79
106879373.80289, 79
106879677.676614, 83
106880114.925599, 8
106880278.135359, 76
106880343.475413, 83
106880461.708713, 32
106880573.539394, 83
106880605.827411, 72
106880797.698453, 79
106880845.839463, 85
106881069.527181, 76
106881143.31584, 68
106881277.777484, 32
106882678.031714, 67
106882775.022824, 79
106882845.851669, 77
106882989.993672, 69
106883109.632113, 32
106883341.785359, 85
106883557.573213, 80
106883645.515101, 32
106883789.455418, 87
106883925.741666, 73
106884117.796083, 84
106884189.914384, 72
106884349.451911, 32
106884469.569738, 66
106884565.707221, 69
106884781.068678, 84
106884917.668136, 84
106885141.543114, 69
106885333.803655, 82
106885407.39368, 32
106885462.270214, 73
106885525.592857, 78
106885621.646282, 67
106885861.72214, 69
106885903.122909, 78
106886077.534407, 84
106886151.353027, 73
106886333.917953, 86
106886605.49395, 69
106886837.739023, 83
106886981.494299, 32
106887117.968917, 70
106887181.542071, 79
106887613.926464, 32
106887915.220998, 8
106888005.954859, 82
106888133.815806, 32
106888230.144156, 80
106888357.5751, 69
106888445.717009, 79
106888487.262037, 80
106888613.938948, 76
106888709.759616, 69
106888861.630313, 32
106888942.353408, 84
106889013.906601, 79
106889087.468328, 32
106889437.894823, 65
106889750.189409, 84
106889933.753608, 84
106890133.687638, 69
106890197.812861, 78
106890389.791819, 68
106890477.852999, 32
106890613.681501, 67
106890701.763487, 76
106890893.900298, 65
106891157.803917, 83
106891325.806694, 83
106891549.759905, 69
106891973.476531, 83
106892261.90313, 32
106892957.832436, 76
106893555.627931, 8
106895321.67727, 8
106895810.355546, 32
106895925.67342, 73
106896030.933643, 70
106896205.517698, 32
106896445.682331, 84
106896535.019928, 72
106896789.558341, 65
106897077.557156, 84
106897167.304228, 32
106897254.334508, 73
106897421.45536, 83
106897541.545999, 32
106897639.324156, 83
106897711.314288, 79
106897789.888473, 77
new stimulus
106908406.276502, 16
106908919.397584, 16
106908950.213878, 16
106908980.963314, 16
106909012.781101, 16
106909043.59795, 16
106909074.489148, 16
106909106.230644, 16
106909138.993053, 16
106909143.777747, 83
106909382.043705, 80
106909509.661908, 69
106909893.863678, 77
106910037.390082, 68
106910238.136679, 79
106910301.753111, 77
106910835.007805, 8
106911001.240907, 8
106911144.938202, 8
106911305.91749, 8
106911598.932369, 78
106911741.498616, 68
106911821.703763, 73
106911885.874207, 78
106912013.595334, 71
106912135.088063, 32
106912271.906961, 84
106912375.125082, 73
106912421.718356, 77
106912597.474795, 69
106912725.238367, 32
106912877.326563, 87
106912959.16739, 73
106913126.151473, 84
106913173.655523, 72
106913293.554187, 32
106913397.749387, 79
106913517.79342, 78
106913606.927944, 69
106913720.927787, 32
106913754.10716, 79
106913841.456753, 82
106913973.605254, 32
106914029.737955, 84
106914277.449849, 87
106914349.59617, 79
106914493.620823, 32
106914605.478137, 67
106914677.749853, 79
106915034.944608, 8
106915205.860314, 76
106915357.422518, 79
106915407.522403, 83
106915629.714541, 69
106915749.528868, 32
106915845.307922, 70
106916061.889481, 82
106916137.115462, 73
106916285.634071, 69
106916350.921414, 78
106916501.40528, 68
106916710.327499, 83
106916774.91574, 32
106916909.315797, 65
106917015.059844, 76
106917197.574001, 76
106917373.397021, 79
106917439.125189, 87
106917669.716272, 83
106917765.420977, 32
106917965.45793, 89
106918189.494923, 79
106918253.864832, 85
106918393.055965, 32
106918461.434897, 84
106918573.558814, 79
106918685.35787, 32
106918805.549768, 71
106919045.78875, 69
106919253.558836, 84
106919303.048949, 32
106919485.480434, 84
106919559.037446, 79
106919631.118573, 32
106919773.391861, 75
106919981.593616, 78
106920077.903933, 79
106920176.984585, 87
106920290.909524, 32
106920423.412848, 84
106920471.93892, 72
106920679.129472, 69
106920704.778785, 77
106920806.719933, 32
106920977.380411, 86
106921078.222968, 69
106921253.935575, 82
106921294.774565, 89
106921398.245695, 32
106921572.299596, 87
106921758.451586, 69
106921782.552608, 76
106921925.401824, 76
106923784.895435, 32
106923903.829225, 77
106924072.892031, 79
106924079.135409, 82
106924343.599975, 69
106924535.699889, 32
106924631.6257, 83
106924703.622213, 79
106924821.680183, 32
106924909.920854, 84
106925045.366791, 72
106925189.661653, 65
106925311.368829, 78
106925449.993189, 32
106925565.925552, 65
106925645.635502, 32
106925829.635254, 71
106926045.765724, 82
106926077.87092, 79
106926573.719719, 85
106926957.255399, 8
106927097.67551, 8
106927269.275892, 8
106927451.926542, 8
106927529.466498, 76
106927663.093381, 65
106927901.947473, 82
106927950.974569, 71
106928126.036621, 69
106928182.208716, 32
106928230.207131, 78
106928319.27008, 85
106928476.717234, 77
106928661.856911, 66
106928719.25632, 69
106928878.487019, 82
106928983.163269, 32
106929054.248451, 79
106929157.979803, 70
106929253.394602, 32
106929357.461357, 70
106929549.642555, 82
106929608.319492, 73
106929741.44757, 69
106929861.743779, 78
106930037.383146, 68
106930261.67287, 83
106930335.165796, 190
106930533.40561, 32
106930646.163436, 16
106930692.885711, 83
106930829.16114, 80
106930941.499226, 69
106931045.330449, 78
106931157.46463, 68
106931215.150616, 73
106931261.976369, 78
106931381.533804, 71
106931485.582526, 32
106931613.614365, 84
106931662.613996, 73
106931709.735758, 77
106931829.425523, 69
106931925.425405, 32
106932037.365946, 87
106932111.372935, 73
106932277.605205, 84
106932317.724563, 72
106932486.086601, 32
106932576.684526, 65
106932680.329321, 32
106932741.918077, 76
106932838.762987, 65
106933085.693383, 82
106933128.312035, 71
106933301.647136, 69
106933399.090167, 32
106933453.71397, 78
106933533.440843, 85
106933973.540892, 66
106934063.033291, 69
106934293.45376, 82
106934722.752113, 8
106934884.801417, 8
106935053.656433, 8
106935249.904913, 77
106935465.626464, 66
106935558.167451, 69
106935766.292359, 82
106935823.598555, 32
106935893.922214, 79
106935975.028983, 70
106936088.696197, 32
106936150.491633, 70
106936341.489072, 82
106936525.223054, 69
106936541.662516, 73
106936805.311462, 78
106936894.937301, 68
106937109.403518, 83
106937395.037034, 8
106937537.444317, 8
106937697.123052, 8
106937841.17184, 8
106938001.937514, 8
106938126.577593, 73
106938221.776836, 69
106938317.461568, 78
106938429.424579, 68
106938629.462642, 83
106938663.432945, 32
106938701.758216, 73
106938813.230746, 83
106938895.535145, 32
106938982.84035, 66
106939069.644808, 69
106939173.216642, 78
106939247.137076, 69
106939429.453431, 70
106939503.192431, 73
106939621.195471, 67
106939686.887296, 73
106939853.340672, 65
106939967.088616, 76
106940093.450653, 32
106940215.078764, 66
106940261.463694, 69
106940477.722888, 67
106940483.882207, 68
106940972.931952, 8
106941201.398538, 8
106941493.754541, 67
106941733.750501, 65
106941781.618528, 85
106941957.41991, 83
106942142.125422, 69
106942221.775727, 32
106942573.287495, 87
106942661.020207, 72
106942797.370262, 69
106942863.233534, 78
106942989.817786, 32
106943541.690536, 89
106943741.516925, 79
106943821.54591, 85
106943925.240087, 82
106944733.691965, 32
106944894.890139, 79
106945109.23651, 78
106945277.776375, 69
106945381.31797, 32
106945453.428503, 79
106945622.159789, 82
106945733.51497, 32
106946189.078512, 87
106946270.894649, 79
106946618.542209, 8
106946776.975319, 8
106946847.14501, 84
106947061.384573, 87
106947102.576444, 79
106947181.877751, 32
106947341.313464, 67
106947422.541744, 76
106947573.267244, 79
106947613.352201, 83
106947829.329812, 69
106947917.155183, 32
106948013.135091, 70
106948237.295259, 82
106948253.796032, 73
106948413.271971, 69
106948470.746006, 78
106948605.139683, 68
106948813.068177, 83
106948909.692258, 32
106949149.163892, 87
106949254.866603, 79
106949350.928073, 85
106949557.242249, 76
106949661.055162, 68
106949765.628212, 78
106950095.762964, 222
106950613.812721, 84
106950725.415085, 32
106950893.446158, 66
106951005.229401, 69
106951118.840576, 32
106951208.292471, 65
106951574.093961, 82
106951605.487292, 79
106951661.126737, 85
106951861.319601, 78
106951902.809423, 68
106952671.020709, 32
106952845.308755, 89
106953029.179505, 79
106953109.733095, 85
106953190.570764, 32
106953254.773111, 83
106953469.163037, 84
106953526.716138, 73
106953837.610576, 76
106953988.914501, 76
106954109.362737, 32
106954237.332156, 72
106954349.152573, 65
106954481.379585, 86
106954733.041134, 32
106955034.769832, 8
106955127.453969, 69
106955213.594557, 32
106955327.304217, 80
106955429.689795, 69
106955496.359809, 79
106955533.441953, 80
106955645.483475, 76
106955726.856014, 69
106955845.20056, 32
106955910.877959, 84
106955990.881976, 79
106956102.716542, 32
106956157.898795, 83
106956293.279261, 80
106956413.097472, 69
106956509.400854, 78
106956590.774503, 68
106956709.19756, 32
106956813.123106, 84
106956886.940894, 73
106956957.879875, 77
106957055.21166, 69
106957126.943513, 32
106957269.253421, 87
106957325.623318, 73
106957524.858521, 84
106957526.344115, 72
106957797.162751, 190
106957941.147732, 32
new stimulus
106972998.513573, 16
106973270.023267, 84
106973415.900543, 74
106973638.172023, 69
106973749.670908, 85
106974106.551899, 8
106974272.671258, 8
106974424.994153, 8
106974984.853877, 8
106975110.409449, 87
106975474.57526, 8
106975572.943492, 16
106975677.025505, 87
106975893.241976, 69
106975966.697451, 32
106976172.988324, 87
106976381.149852, 80
106976660.989413, 73
106977039.039632, 8
106977200.776281, 8
106977384.634825, 8
106977584.281445, 8
106977744.690909, 8
106977904.509186, 8
106978053.850628, 8
106978197.250805, 16
106978293.601348, 73
106978532.991975, 84
106978882.263284, 8
106979093.116914, 16
106979098.736648, 8
106979437.612685, 87
106979661.022427, 69
106979773.14773, 32
106979925.054492, 87
106979982.625348, 79
106980133.565294, 85
106981819.183664, 8
106981984.669947, 8
106982152.604477, 8
106982328.729333, 8
106982488.935446, 8
106982640.855801, 8
106982789.404372, 8
106982900.921012, 16
106983408.98192, 16
106983441.479113, 16
106983471.277269, 16
106983501.601972, 16
106983532.739521, 16
106983563.817701, 16
106983595.246265, 16
106983627.266848, 16
106983627.855537, 77
106984211.404312, 8
106984717.237799, 16
106985070.2138, 84
106985142.399238, 72
106985333.286818, 69
106985981.265148, 32
106986093.057823, 72
106986269.181846, 79
106986317.09759, 85
106986350.662303, 83
106986517.017193, 69
106986717.06441, 83
106986766.729299, 32
106987069.889494, 87
106987307.823378, 73
106987629.892091, 8
106987807.065323, 80
106987978.043171, 73
106988159.982233, 59
106988231.50602, 68
106988333.749835, 32
106988421.589077, 74
106988698.903268, 8
106988858.944038, 8
106989019.047228, 8
106989161.285284, 8
106989297.151515, 8
106989456.427711, 8
106989709.636996, 80
106990013.117336, 73
106990354.417207, 8
106990504.852246, 8
106990678.128534, 79
106991106.552731, 8
106991647.63183, 80
106991647.917852, 79
106992147.831435, 8
106992313.684192, 8
106992399.556236, 80
106992955.952071, 8
106993110.144511, 79
106993688.009467, 85
106993949.659866, 76
106994007.136954, 68
106994109.371614, 32
106994597.513912, 72
106994700.123924, 65
106994813.054306, 86
106994933.058944, 69
106995069.199546, 32
106995174.680597, 84
106995254.669911, 79
106995348.955326, 32
106995444.918311, 66
106995518.691989, 69
106995613.10918, 32
106995716.875764, 83
106995782.938779, 85
106995901.007568, 83
106996117.045379, 84
106996349.159508, 65
106996397.414539, 73
106996492.840436, 78
106996668.99664, 65
106996733.329098, 66
106996941.088919, 76
106996999.047888, 69
106997092.871673, 32
106997165.40694, 66
106997238.374707, 69
106997460.843157, 67
106997685.705202, 65
106997702.984143, 85
106997909.030052, 83
106998133.225175, 69
106998781.247893, 32
106999557.174835, 84
106999622.587851, 72
106999788.88698, 69
106999948.871156, 82
107000132.84483, 69
107000260.931321, 32
107000437.143842, 68
107000502.879222, 79
107000629.037077, 69
107000805.160822, 83
107000845.108179, 78
107001093.710597, 222
107001221.121289, 84
107001351.69237, 32
107001568.305554, 83
107001764.99458, 69
107001909.111892, 69
107001974.333764, 77
107002132.904476, 32
107002181.076002, 84
107002292.893923, 79
107002372.930398, 32
107002492.873449, 66
107002581.913372, 69
107002678.335768, 32
107002821.213837, 65
107002893.317712, 78
107002973.167205, 32
107003092.805647, 69
107003157.238254, 78
107003301.294256, 86
107003358.409307, 73
107003517.388384, 82
107003582.584456, 79
107003708.720117, 78
107003924.894975, 77
107003980.779383, 69
107004381.17593, 78
107004500.760829, 84
107004645.722335, 32
107004772.965464, 79
107004884.76341, 85
107004948.836201, 84
107005085.011481, 32
107005196.904582, 84
107005228.811699, 72
107005388.801423, 69
107005556.743445, 82
107005724.898803, 69
107005798.237483, 32
107005925.035073, 84
107005974.861143, 72
107006140.792688, 65
107006404.646649, 84
107006516.78194, 32
107006652.620984, 67
107006948.739103, 65
107007013.185859, 78
107007140.62457, 32
107007253.094432, 83
107007319.329449, 85
107007509.790632, 80
107007652.818508, 80
107007716.992558, 79
107007765.287538, 82
107007964.945532, 84
107008014.435367, 32
107008156.68563, 76
107008237.089412, 73
107008340.649871, 70
107008540.908761, 69
107008684.749483, 32
107008820.792988, 84
107008870.399617, 72
107009020.772236, 69
107009094.534817, 32
107009221.215889, 87
107009436.898324, 65
107009534.504201, 89
107009644.602661, 32
107009742.349468, 16
107009780.225316, 69
107010044.749528, 65
107010308.78298, 82
107010516.653771, 84
107010533.011671, 72
107010684.919266, 32
107010813.110622, 68
107010876.639112, 79
107011004.563589, 69
107011212.762291, 83
107011286.483814, 190
107011580.76013, 32
107012068.955692, 16
107012580.610322, 16
107012611.34117, 16
107012642.230427, 16
107012673.842367, 16
107012705.15053, 16
107012736.049219, 16
107012767.123515, 16
107012798.082127, 16
107012829.290418, 16
107012876.207443, 16
107012907.085603, 16
107012938.489754, 16
107012969.592902, 16
107013000.771787, 16
107013031.85829, 16
107013063.413914, 16
107013094.535927, 16
107013141.352803, 16
107013172.583288, 16
107013208.270277, 16
107013237.633436, 16
107013266.050586, 16
107013297.389543, 16
107013328.57037, 16
107013359.665751, 16
107013390.767512, 16
107013438.381421, 16
107013468.801834, 16
107013500.295038, 16
107013531.29554, 16
107013562.486354, 16
107013593.606148, 16
107013625.177862, 16
107013656.559264, 16
107013687.382771, 16
107013734.86435, 16
107013765.883994, 16
107013796.755496, 16
107013827.83645, 16
107013858.99758, 16
107013890.191446, 16
107013921.516254, 16
107013952.427427, 16
107013999.306168, 16
107014030.455091, 16
107014073.1062, 16
107014093.014546, 16
107014124.297741, 16
107014155.568175, 16
107014186.674375, 16
107014217.953964, 16
107014249.271559, 16
107014296.693215, 16
107014327.037614, 16
107014358.257003, 16
107014389.056929, 16
107014420.359821, 16
107014451.791715, 16
107014482.734236, 16
107014514.193316, 16
107014545.550583, 16
107014592.03483, 16
107014623.286954, 16
107014654.748809, 16
107014686.115231, 16
107014717.009758, 16
107014748.788984, 16
107014779.593349, 16
107014811.094043, 16
107014857.831576, 16
107014888.739142, 16
107014919.992099, 16
107014951.010079, 16
107014982.17204, 16
107015013.269363, 16
107015044.658256, 16
107015086.846071, 16
107015106.789094, 16
107015153.637874, 16
107015185.5633, 16
107015216.591822, 16
107015247.299922, 16
107015278.471871, 16
107015309.901545, 16
107015341.95847, 16
107015372.425213, 16
107015403.438477, 16
107015450.29225, 16
107015481.332978, 16
107015512.801769, 16
107015543.70989, 16
107015574.852154, 16
107015605.989981, 16
107015637.389416, 16
107015668.463157, 16
107015715.554958, 16
107015746.776566, 16
107015777.730461, 16
107015809.107425, 16
107015840.407543, 16
107015871.962334, 16
107015903.264672, 16
107015933.91812, 16
107015964.797389, 16
107016011.622587, 16
107016042.784549, 16
107016073.878543, 16
107016105.259113, 16
107016136.799756, 16
107016167.687347, 16
107016199.15586, 16
107016230.251796, 16
107016261.4157, 16
107016308.159891, 16
107016339.182032, 16
107016370.969303, 16
107016402.403416, 16
107016433.173658, 16
107016464.038224, 16
107016495.54835, 16
107016526.514175, 16
107016574.713444, 16
107016604.888893, 16
107016635.668568, 16
107016666.901827, 16
107016698.075164, 16
107016729.359191, 16
107016760.261764, 16
107016788.385679, 80
107017212.80335, 69
107017300.920846, 79
107017396.496828, 80
107017540.472654, 76
107017676.523649, 69
107017812.435378, 32
107017948.681122, 87
107017997.128684, 79
107018100.827854, 85
107018578.409535, 8
107018744.524455, 8
107018904.447599, 8
107019080.773862, 8
107019232.559113, 8
107019392.217041, 8
107019544.381528, 8
107019704.850637, 8
107019864.464732, 8
107020060.446055, 16
107020217.616341, 8
107020493.349227, 73
107020661.058214, 78
107020772.64199, 84
107020956.56767, 69
107021124.759926, 82
107021148.614042, 80
107021198.060876, 76
107021380.712913, 65
107021462.168678, 78
107021636.535511, 69
107021853.056037, 84
107022092.613116, 65
107022356.64324, 82
107022412.807844, 89
107022548.467951, 32
107022676.448467, 71
107022908.602545, 65
107023020.637409, 77
107023180.521991, 73
107023286.341496, 78
107023301.637149, 71
107023492.857636, 32
107023598.621102, 87
107023686.461731, 79
107023764.946309, 85
107023972.577129, 76
107024054.365523, 68
107024140.450072, 32
107024210.964875, 66
107024298.893447, 69
107024396.395846, 32
107024469.014062, 73
107024526.017035, 78
107024604.633111, 84
107024804.485023, 69
107024980.649827, 82
107025156.499757, 69
107025340.534464, 83
107025572.995648, 84
107025578.920268, 73
107025652.74943, 78
107025780.43144, 71
107025868.631331, 32
107025924.82118, 66
107026013.94544, 69
107026276.621745, 67
107026468.84206, 65
107026572.491572, 85
107026685.02746, 83
107026860.611343, 69
107026918.237128, 32
107027309.547, 73
new stimulus
107035173.123428, 16
107035350.693929, 79
107036066.752963, 8
107036596.659452, 16
107037103.667544, 16
107037134.428909, 16
107037165.653568, 16
107037196.86713, 16
107037227.962511, 16
107037258.69974, 16
107037289.759056, 16
107037321.423984, 16
107037352.611746, 16
107037399.167845, 16
107037430.149483, 16
107037461.571944, 16
107037492.809087, 16
107037523.872564, 16
107037555.348568, 16
107037587.494267, 16
107037617.918565, 16
107037664.916874, 16
107037696.289122, 16
107037727.035506, 16
107037758.358372, 16
107037789.186041, 16
107037820.654554, 16
107037851.978808, 16
107037882.887206, 16
107037913.918502, 16
107037960.570867, 16
107037991.880417, 16
107038022.913101, 16
107038054.115566, 16
107038085.845411, 16
107038116.917765, 16
107038148.609325, 16
107038179.380677, 16
107038210.936856, 16
107038258.175413, 16
107038288.310359, 16
107038319.951706, 16
107038350.778265, 16
107038382.240397, 16
107038413.098582, 16
107038444.429494, 16
107038475.744593, 16
107038522.350905, 16
107038553.492615, 16
107038584.838786, 16
107038615.986321, 16
107038647.490899, 16
107038678.698913, 16
107038709.901379, 16
107038741.396524, 16
107038772.545725, 16
107038818.841325, 16
107038849.913125, 16
107038882.39506, 16
107038912.896758, 16
107038945.140387, 16
107038975.627937, 16
107039006.951358, 16
107039037.426424, 16
107039068.545385, 16
107039115.015484, 16
107039146.437945, 16
107039177.719753, 16
107039197.023319, 73
107039803.002758, 8
107040709.366787, 80
107040860.804428, 76
107041124.36349, 65
107041228.312895, 78
107041380.464897, 78
107041484.60933, 73
107041661.849976, 71
107042092.595361, 32
107042433.908826, 8
107042591.873093, 8
107042796.882, 78
107042862.034239, 71
107042972.36823, 32
107043070.222955, 70
107043268.572906, 82
107043452.676413, 69
107043620.40038, 69
107043740.353696, 32
107043852.631581, 84
107043908.846676, 73
107043964.835673, 77
107044164.397402, 32
107044489.917797, 8
107044541.037485, 69
107044668.459274, 32
107044828.372152, 65
107045068.597818, 67
107045316.723071, 84
107045365.908574, 73
107045524.359162, 86
107045582.156116, 73
107045756.50242, 84
107045860.465696, 73
107045980.236468, 69
107046204.529244, 83
107046244.609763, 32
107046436.478862, 65
107046492.768861, 76
107046644.548286, 76
107046788.22311, 79
107046846.131588, 87
107047060.443281, 83
107047140.323845, 32
107047348.464844, 85
107047818.628265, 8
107048076.556495, 89
107048284.555732, 79
107048372.636053, 85
107048524.381911, 32
107048612.388715, 84
107048694.128006, 79
107048790.280748, 32
107048948.422843, 77
107049084.381733, 65
107049780.844244, 88
107049948.350713, 73
107050060.662721, 77
107050197.673041, 73
107050316.541637, 90
107050620.224495, 87
107050748.425006, 32
107050916.522939, 84
107050988.687292, 72
107051354.225786, 8
107051495.997496, 8
107051655.965304, 8
107051818.448773, 8
107051959.05115, 8
107052023.657146, 69
107052388.973425, 8
107052686.647049, 90
107053069.339089, 32
107053354.855811, 8
107053422.921257, 69
107053692.779736, 32
107053804.686154, 84
107053908.838909, 72
107054028.779463, 69
107054132.333542, 32
107054276.851728, 65
107054301.054841, 77
107054372.737035, 79
107054596.662226, 85
107054670.239489, 78
107054716.572819, 84
107054828.479514, 32
107054908.651649, 79
107054980.379895, 70
107055116.572653, 32
107055198.108316, 84
107055260.439452, 73
107055316.831543, 77
107055420.324866, 69
107055556.405822, 32
107055644.653984, 89
107055852.46707, 79
107055916.782328, 85
107055996.52113, 32
107056124.253076, 83
107056178.740388, 80
107056358.786601, 69
107056478.561534, 78
107056597.869566, 68
107056733.056947, 32
107057765.169078, 68
107057829.136172, 79
107058037.061059, 73
107058085.008429, 78
107058132.645919, 71
107058300.522745, 32
107058413.290836, 84
107058527.62192, 72
107058668.627669, 69
107058812.48143, 32
107058940.450294, 65
107059250.534383, 67
107059468.367114, 84
107059534.076694, 73
107059684.326693, 86
107059734.184112, 73
107059884.323142, 84
107060012.389936, 89
107060244.401141, 32
107060356.464303, 73
107060436.762387, 78
107060508.301986, 83
107060764.399788, 84
107061196.612734, 69
107061428.495771, 65
107061660.527783, 68
107061740.394199, 32
107061884.431059, 79
107061972.916138, 70
107062124.408432, 32
107063500.738635, 87
107063590.134213, 79
107063748.248289, 82
107063924.351505, 82
107063972.74164, 89
107064212.567819, 73
107064260.047733, 78
107064365.79705, 71
107064484.598233, 32
107064700.411333, 65
107065076.720452, 66
107065316.527211, 79
107065396.456879, 85
107066004.573576, 84
107066100.626446, 32
107066236.46438, 84
107066318.967136, 72
107066468.491399, 69
107066549.799854, 32
107066692.39079, 68
107066876.311199, 69
107067076.233022, 84
107067300.386254, 65
107067324.62127, 73
107067532.305633, 76
107067636.099959, 83
107067756.276044, 32
107067876.382497, 87
107067949.087268, 72
107068093.325258, 69
107068150.44669, 78
107068252.889972, 32
107068381.29106, 89
107068564.550372, 79
107068636.672835, 85
107068725.863676, 32
107068821.870494, 65
107069084.305165, 82
107069265.627795, 69
107069317.987005, 32
107069452.457249, 68
107069484.530265, 79
107069660.419589, 73
107069708.676561, 78
107069788.256955, 71
107069892.671319, 32
107069932.672773, 73
107070052.257395, 84
107070220.518451, 190
107070364.041803, 32
107070516.458466, 16
107070596.421979, 78
107070748.488813, 79
107070884.184985, 84
107070956.232822, 32
107071020.540034, 77
107071172.840735, 65
107071262.19692, 75
107071396.236328, 73
107071436.558759, 78
107071556.359215, 71
107071660.24842, 32
107071756.810081, 80
107071813.94372, 76
107071980.368799, 65
107072148.227038, 78
107072332.381036, 83
107073259.397456, 32
107073668.569965, 73
107073820.382126, 83
107074036.271517, 32
107074676.957259, 79
107074979.071851, 8
107075052.854684, 71
107075148.263658, 79
107075300.300531, 79
107075380.26016, 68
107075476.26143, 32
107075548.332015, 66
107075637.402732, 69
107075900.628887, 67
107076124.413981, 65
107076220.218835, 85
107076372.172204, 83
107076564.420816, 69
107076660.295581, 32
107076844.151906, 89
107077084.149531, 79
107077188.545308, 85
107077364.401619, 32
107077796.5183, 67
107078052.411086, 78
107078072.68008, 65
107078266.72805, 32
107078898.530746, 8
107079056.088313, 8
107079208.125186, 8
107079532.740353, 65
107079636.517756, 78
107079876.17443, 32
107080052.145039, 74
107080232.87149, 85
107080340.207106, 83
107080620.4112, 84
107080748.192249, 32
107081148.268651, 68
107081220.588084, 79
107081316.126059, 32
107081420.153419, 87
107081492.033693, 72
107081666.131427, 65
107082105.644452, 84
107082261.01538, 69
107082355.916672, 86
107082467.822812, 69
107082628.375148, 82
107082723.963891, 32
107082964.114931, 65
107083053.820112, 78
107083204.034046, 68
107083276.201174, 32
107083340.375778, 78
107083460.105769, 79
107083571.895393, 66
107083709.58817, 79
107083748.217217, 68
107083964.210641, 89
107084038.164366, 32
107084125.952562, 87
107084220.13866, 73
107084404.080708, 76
107084540.38166, 76
107084629.665992, 32
107084662.869779, 71
107084859.93055, 69
107085060.423861, 84
107085067.093359, 32
107085107.52454, 85
107085308.114671, 80
107085381.413403, 83
107085572.072943, 69
107085779.994501, 84
107085829.612505, 32
107085868.234063, 73
107086036.217419, 70
107086132.413439, 32
107086516.200741, 84
107086566.110038, 72
107086716.154744, 69
107086772.435866, 32
107086860.712602, 80
107086909.828195, 76
107087196.569734, 65
107087292.661998, 78
107087524.154147, 83
107087652.185432, 32
107087724.470186, 65
107088308.486971, 82
107088468.147951, 69
107088492.557188, 78
107088796.390686, 222
107088940.142633, 84
107089020.478447, 32
107089156.286142, 82
107089324.190157, 69
107089540.472654, 65
107089596.368437, 76
107089740.128429, 76
107089883.985519, 89
107089996.308902, 32
107090164.087799, 79
107090570.625633, 8
107090662.742164, 70
107090876.049313, 79
107091084.534592, 76
107091244.130933, 76
107091380.064855, 79
new stimulus
107102772.979335, 16
107103252.852243, 79
107103532.057618, 84
107103898.164826, 8
107104055.846124, 8
107104109.437086, 16
107104244.654428, 73
107104524.098663, 84
107104748.302663, 32
107104861.509635, 68
107105132.11743, 69
107105229.647294, 80
107105403.941442, 69
107105531.832074, 78
107105652.11136, 68
107105859.96384, 83
107105933.520851, 32
107106085.429278, 79
107106213.591783, 78
107106363.926395, 32
107106564.048516, 87
107106684.06869, 72
107106814.595106, 65
107107091.989194, 84
107107179.872269, 32
107107283.907675, 84
107107419.971153, 72
107107551.490185, 69
107107715.959994, 32
107107867.842898, 80
107107973.603867, 69
107108012.238464, 79
107108099.916523, 80
107108204.074827, 76
107108285.721459, 69
107108379.769401, 32
107108499.78264, 87
107108549.52687, 73
107108724.233823, 84
107108730.534627, 72
107108827.87196, 73
107108940.138472, 78
107109059.907579, 32
107109157.59918, 84
107109243.888743, 72
107109372.096191, 69
107109445.468716, 32
107109579.998329, 67
107109620.112971, 73
107109809.855077, 84
107109885.858117, 89
107109971.72045, 32
107110087.13459, 87
107110291.978985, 65
107110340.196287, 78
107110523.903358, 84
107110612.29356, 32
107110724.020763, 84
107110797.384966, 79
107110883.840705, 32
107111012.259548, 68
107111042.00749, 79
107111292.06776, 190
107111427.725648, 32
107111612.156513, 16
107111771.563929, 73
107112011.923312, 70
107112820.353829, 32
107113803.397807, 84
107113877.704689, 72
107114027.946642, 69
107114236.068777, 82
107114396.052953, 69
107114461.916502, 32
107114499.980441, 73
107114612.035835, 83
107114715.908949, 32
107114844.170493, 65
107114917.197351, 32
107114988.292521, 78
107115083.93869, 69
107115236.300701, 69
107115460.042795, 68
107115541.787356, 32
107115683.746049, 70
107115796.069986, 79
107115899.89261, 82
107115995.72271, 32
107116398.17301, 79
107116472.31344, 85
107116814.954645, 8
107116961.790413, 8
107117158.311599, 72
107117317.400535, 79
107117380.574479, 85
107117500.239553, 83
107120403.195178, 73
107120403.429322, 78
107120403.94921, 71
107120404.263252, 32
107120404.420827, 65
107120404.636939, 78
107120404.909922, 68
107120405.518586, 32
107120405.658961, 65
107120406.227953, 76
107120406.482904, 76
107120406.796113, 32
107120406.963953, 84
107120407.135677, 72
107120407.41088, 69
107120407.558468, 83
107120407.689689, 69
107120407.842548, 72
107120407.991524, 73
107120408.252855, 32
107120408.410153, 83
107120408.559684, 84
107120408.779679, 79
107120476.225365, 82
107120517.581192, 73
107120675.756023, 67
107120771.786421, 32
107120915.778338, 66
107120997.844432, 85
107121191.113679, 73
107121382.001537, 76
107121485.867993, 68
107121564.581166, 73
107121620.851746, 78
107121708.668516, 71
107122260.581215, 83
107122420.297124, 32
107122510.228404, 65
107122872.35017, 69
107123140.595718, 8
107123200.412581, 82
107123376.314944, 69
107123440.225721, 32
107123591.9197, 83
107123791.845962, 84
107124015.949813, 65
107124089.863588, 78
107124236.13841, 68
107124285.325023, 73
107124333.237437, 78
107124539.954153, 32
107124866.324013, 8
107124934.69601, 71
107125035.890339, 32
107125131.653858, 84
107125219.944465, 72
107125331.947981, 69
107125413.698923, 89
107125483.96155, 32
107125571.978619, 83
107125636.124372, 72
107125788.043618, 79
107125868.270682, 85
107126067.957528, 76
107126155.835054, 68
107126229.782676, 32
107126300.088025, 80
107126405.171808, 82
107126523.725808, 79
107126675.842023, 66
107126788.372918, 65
107126845.480756, 66
107127036.314517, 76
107127156.196258, 89
107127259.812202, 32
107127356.102822, 66
107127531.996585, 69
107127667.883901, 32
107128164.160761, 84
107128412.172548, 65
107128452.641458, 75
107128684.20213, 78
107128827.86336, 32
107129242.494421, 8
107129384.469204, 8
107129446.223026, 69
107129588.208628, 78
107129689.732534, 32
107129757.340234, 68
107129851.951898, 79
107129963.885226, 87
107130051.701719, 78
107130141.118936, 32
107130261.072252, 84
107130325.851359, 79
107130436.145401, 32
107130516.045385, 84
107130858.525131, 8
107131540.797515, 77
107131764.15316, 65
107131857.796898, 75
107132028.083966, 69
107132107.698206, 32
107132227.857645, 82
107132277.760007, 79
107132419.836049, 79
107132500.222076, 77
107132595.705121, 32
107132859.933601, 79
107133147.590078, 8
107133221.96798, 70
107133339.909432, 79
107133451.898522, 82
107133548.292343, 32
107133723.909239, 72
107134066.104628, 8
107134125.202136, 84
107134267.942048, 72
107134371.776878, 69
107134468.201771, 32
107134516.400762, 80
107134659.78457, 69
107134692.214073, 79
107134763.627723, 80
107134867.931118, 76
107134933.342747, 69
107135067.688984, 32
107135155.661388, 87
107135229.810973, 72
107135371.748304, 79
107135445.583291, 32
107135459.833619, 65
107135715.813515, 82
107135955.801986, 69
107136219.695063, 32
107136483.876936, 65
107136581.353812, 76
107136732.120925, 73
107136819.775959, 86
107137131.795066, 32
107137434.435927, 8
107137532.398569, 69
107137659.914681, 32
107137891.664833, 84
107138011.864776, 79
107138171.596221, 68
107138452.015317, 65
107138715.71725, 89
107139051.801868, 32
107139140.060572, 66
107139203.659526, 85
107139293.188822, 84
107139373.354299, 32
107139443.936515, 73
107139523.949965, 78
107139604.994314, 32
107139685.054093, 67
107139923.889043, 65
107140131.724601, 83
107140323.795108, 69
107140491.633651, 83
107140532.151941, 32
107140723.841548, 87
107140765.268395, 72
107140899.730595, 69
107141083.761973, 82
107141267.867144, 69
107141307.948218, 32
107141523.910293, 84
107141530.563979, 72
107141707.895896, 69
107141714.433064, 32
107141773.612967, 77
107141829.293747, 79
107141925.073634, 68
107142099.699025, 69
107142259.608019, 82
107142267.878241, 78
107142373.136245, 32
107142483.740445, 66
107142507.96159, 85
107142715.989401, 73
107142947.931528, 76
107143043.691996, 68
107143147.748208, 73
107143203.973568, 78
107143300.957188, 71
107143491.773749, 83
107143603.798071, 32
107143701.248315, 65
107143932.172581, 82
107144091.515358, 69
107144132.013397, 32
107144187.564899, 78
107144301.167751, 79
107144381.359583, 84
107144475.741264, 32
107144532.132522, 78
107144635.883847, 69
107144788.130451, 69
107144995.74962, 68
107145171.772939, 69
107145349.123444, 68
107145413.500844, 32
107145563.58328, 87
107145731.689812, 69
107145748.312928, 32
107145915.784164, 83
107145971.972349, 72
107146163.729925, 79
107146196.982815, 85
107146419.825229, 76
107146501.296253, 68
107146643.77955, 32
107146717.551286, 84
107146881.077029, 82
107147388.068475, 89
107147525.194202, 32
107147667.702744, 84
107147707.151574, 79
107147832.057701, 32
107147955.859967, 80
107148075.762514, 82
107148251.933699, 69
107148764.31989, 69
107149458.642924, 8
107149555.668157, 82
107149811.820056, 86
107150059.624331, 69
107150171.787087, 32
107150299.648034, 72
107150348.116957, 73
107150483.69689, 83
107150755.91068, 84
107151091.690689, 79
107151259.744511, 82
107151356.305895, 73
107151835.59372, 67
107152107.479042, 65
107152188.216563, 76
107152323.713269, 32
107152475.768174, 65
107152723.705612, 82
107152924.073251, 84
107152957.255399, 73
107153091.62383, 70
107153387.759704, 67
107153689.887891, 8
107153747.856569, 65
107153979.585082, 67
107154235.755013, 84
107154475.597004, 83
107154533.158428, 32
107154638.931049, 76
107154707.760792, 73
107154907.636008, 75
107154989.255729, 69
107155083.740056, 32
107155219.55552, 66
107155276.121276, 85
107155483.623373, 73
107155739.970576, 76
107155827.575119, 68
107155939.715404, 73
107156027.735802, 78
107156109.506441, 71
107156355.885878, 83
107156453.436271, 190
107158220.067086, 32
107158339.678063, 16
107158395.434025, 73
new stimulus
107165908.166993, 16
107165995.843943, 73
107166363.87202, 32
107166619.788943, 68
107166755.751994, 73
107166875.503624, 83
107167099.699857, 65
107167229.437008, 71
107167427.858811, 82
107167611.52843, 69
107167787.656892, 69
107167907.566652, 32
107168003.714678, 87
107168099.622456, 73
107168259.673768, 84
107168341.228573, 72
107168475.705199, 32
107168549.536025, 84
107168637.351409, 72
107168795.518472, 69
107168972.323843, 32
107169171.601214, 83
107169387.690904, 65
107169825.859265, 8
107169909.220919, 84
107170139.899667, 65
107170476.095531, 84
107170683.500808, 69
107170827.437518, 77
107171027.807654, 69
107171101.299194, 78
107171283.460471, 84
107171395.959739, 32
107171603.859381, 66
107171660.908684, 69
107171891.647355, 67
107172163.55293, 65
107172667.829526, 85
107173252.425013, 83
107173483.512404, 69
107173587.616055, 32
107173731.534178, 65
107173836.657078, 32
107174020.934528, 84
107174068.090968, 79
107174172.060348, 85
107174283.780615, 82
107174419.85852, 32
107174525.310441, 71
107174603.775045, 85
107174683.761862, 73
107174819.668874, 68
107175043.734441, 69
107175139.527644, 32
107175307.423059, 73
107175371.515269, 83
107175531.598485, 32
107177627.956519, 71
107177683.816514, 79
107177867.25088, 73
107177939.813056, 78
107177987.942969, 71
107178123.387242, 32
107178229.058882, 84
107178291.600859, 79
107178403.520316, 32
107178436.239447, 71
107178571.458731, 73
107178660.828786, 86
107178891.578277, 69
107179051.606563, 32
107179867.557431, 89
107180555.882605, 79
107180676.066458, 85
107180867.267247, 32
107181044.624965, 17
107181229.178451, 65
107181844.98972, 32
107182229.980477, 86
107182357.478002, 69
107182572.793407, 82
107182596.893596, 89
107182892.392788, 32
107186893.801536, 8
107187338.194411, 8
107187473.381791, 8
107187625.219197, 8
107187776.949796, 8
107187936.152752, 8
107188095.704428, 8
107188239.85614, 8
107188316.28086, 84
107188443.832205, 72
107188562.408121, 69
107188659.739905, 32
107188795.603363, 83
107189091.638256, 65
107189227.780245, 77
107189371.50223, 69
107189451.627758, 32
107189571.416008, 69
107189803.559544, 80
107189810.210454, 88
107190044.4943, 69
107190220.093163, 82
107190259.546154, 73
107190609.773182, 8
107190775.4925, 8
107190935.521895, 8
107191087.243339, 8
107191247.924121, 8
107191309.478477, 88
107191467.566475, 80
107191795.601143, 69
107192019.449212, 82
107192061.015047, 73
107192219.57272, 69
107192323.618945, 78
107192435.59028, 67
107192627.327326, 69
107192685.254391, 32
107192843.398705, 65
107193035.649537, 83
107193092.700781, 32
107193235.665405, 69
107193331.468041, 86
107193427.734526, 69
107193587.227665, 82
107193643.652768, 89
107193763.433527, 32
107193891.465367, 79
107193987.767361, 84
107194091.717876, 72
107194211.864554, 69
107194387.509747, 82
107194436.595656, 32
107194477.108121, 80
107194627.430249, 69
107194787.536213, 82
107194987.350119, 79
107195027.558529, 83
107195069.194552, 78
107195347.489429, 32
107195435.37722, 87
107195547.632079, 72
107195707.352704, 79
107195812.24784, 32
107195892.603906, 71
107196091.815806, 79
107196580.034117, 69
107196795.577563, 83
107196860.00906, 32
107196981.080663, 79
107197076.235796, 78
107197195.170141, 32
107197285.105582, 65
107197419.427129, 32
107197731.322783, 71
107198298.266474, 8
107198717.129327, 84
107198837.080146, 79
107198900.142289, 85
107199027.451999, 82
107199331.905813, 190
107199596.673601, 32
107199723.178233, 16
107199811.184483, 73
107200043.355206, 70
107200163.359844, 32
107200507.539631, 89
107200747.667922, 79
107200867.642877, 85
107201067.342484, 32
107201643.506567, 82
107201986.570286, 8
107202011.941622, 84
107202443.702094, 82
107202651.373695, 65
107202899.453728, 86
107203123.290145, 69
107203147.631691, 76
107203355.485836, 32
107203435.6527, 66
107203515.764079, 89
107203683.403155, 32
107203796.968278, 89
107203987.471075, 79
107204043.570485, 85
107204163.562362, 82
107204427.296477, 83
107204627.283216, 69
107204652.831547, 76
107204812.025903, 70
107204894.681795, 32
107204980.570762, 89
107205235.314189, 79
107205292.201755, 85
107205395.420431, 32
107205523.712769, 77
107205530.326783, 32
107205605.063114, 65
107205779.33174, 89
107205899.33943, 32
107205996.804932, 71
107206084.834485, 69
107206315.787327, 84
107206443.190251, 32
107206739.254828, 76
107206907.764731, 79
107206972.914751, 83
107207219.657611, 84
107207363.251428, 32
107207643.269371, 65
107207891.360779, 78
107208059.370213, 68
107209098.018403, 8
107209247.497169, 8
107209399.754315, 8
107209451.508467, 66
107209619.40721, 85
107209699.501667, 84
107209819.181999, 32
107209875.637896, 89
107210075.346381, 79
107210139.392263, 85
107210235.340267, 32
107210316.868717, 87
107210371.332171, 73
107210587.124741, 76
107210723.279769, 76
107210811.427504, 32
107210971.361189, 72
107211107.332009, 65
107211221.006713, 86
107211387.436785, 69
107211459.286265, 32
107211587.275104, 65
107211651.661382, 32
107211731.327776, 86
107212083.634636, 82
107212362.048249, 8
107212429.319159, 69
107212603.300653, 82
107212668.122761, 89
107212779.181932, 32
107212884.894908, 85
107213091.619946, 78
107213131.638045, 73
107213243.296448, 81
107213363.350745, 85
107213499.330164, 69
107213587.158587, 32
107213707.509725, 65
107213771.629678, 78
107213923.260405, 68
107214019.520232, 32
107214139.029672, 65
107214220.980358, 85
107214586.283598, 8
107214743.248592, 8
107214919.909149, 8
107215095.654769, 8
107215247.848385, 8
107215399.813128, 8
107215539.275856, 69
107215850.691848, 8
107215972.487799, 69
107216187.272219, 88
107216269.023439, 80
107216419.212682, 69
107216587.508416, 82
107216643.478825, 73
107216803.382826, 69
107216907.475935, 78
107217027.356289, 67
107217267.440192, 69
107217451.298736, 32
107218011.014478, 8
107218243.899285, 190
107218971.529307, 32
