new stimulus
105949089.668006, 86
105950183.882124, 8
105950338.991444, 86
105950741.629836, 8
105950806.009733, 67
105951278.809494, 76
105951749.744147, 79
105951908.984833, 84
105952191.713187, 74
105952826.945094, 8
105953327.441263, 72
105953421.549129, 69
105953692.988912, 83
new stimulus
105980253.422067, 219
105980874.950445, 8
105981117.767786, 80
105981573.792958, 84
105981781.413791, 79
105981990.250009, 68
105982406.543659, 8
105982650.927324, 8
105982902.878501, 8
105983007.315058, 84
105983494.089389, 8
105983806.093237, 82
105984325.272379, 79
105984916.774283, 68
105985324.676477, 67
105985767.43617, 8
105986046.95087, 85
105986158.877262, 67
105986380.744261, 69
new stimulus
106016645.580018, 67
106017076.353978, 80
106017689.399906, 8
106017980.479767, 79
106018580.524876, 78
106018731.832129, 78
106019554.492999, 8
106019727.725177, 8
106019973.669616, 77
106020131.881067, 77
106020428.068542, 85
106020660.834889, 84
106021044.089541, 69
new stimulus
106051489.858983, 70
106051941.883455, 80
106052458.536671, 8
106052708.806395, 79
106052852.669033, 82
106053060.426081, 67
106053300.766322, 69
new stimulus
106083189.056873, 84
106083980.108854, 74
106084195.92778, 69
106084891.535832, 8
106085040.001453, 8
106085533.037472, 72
106085675.187585, 69
106085869.384808, 32
106086100.197829, 81
106086238.479573, 85
106086438.735134, 65
106086603.082045, 76
106086749.868987, 73
106086939.481814, 84
106087619.936531, 89
new stimulus
106121341.333439, 70
106121571.634894, 79
106122184.494949, 8
106122383.366175, 8
106122563.725042, 70
106123128.7548, 8
106123429.081409, 71
106124168.472174, 8
106124563.745294, 68
106125235.361629, 79
106125539.065848, 78
106126051.260618, 65
106126396.146999, 84
106126651.398386, 69
106126842.931527, 68
new stimulus
106159533.730471, 89
106160128.0446, 8
106160228.410547, 84
106160851.713315, 83
106161263.401485, 8
106161411.483155, 65
106161595.236001, 75
106161730.959083, 69
new stimulus
106194053.604555, 37
106200862.19126, 83
106201213.231689, 84
106201536.728569, 69
106201741.051134, 69
106201869.904419, 80
new stimulus
106223108.427548, 79
106223369.105306, 84
106223860.025705, 70
106224328.761791, 8
106224547.562724, 82
106224765.710051, 8
106225022.883971, 8
106225131.978442, 82
106225483.654999, 68
106225717.227535, 69
106225915.992231, 82
new stimulus
106259315.436666, 67
106260044.079554, 72
106260746.754927, 78
106261351.295102, 8
106261514.51679, 65
106261730.138469, 78
106261929.869703, 71
106262178.049053, 69
new stimulus
106291867.402074, 68
106293166.642299, 8
106293330.297321, 83
106294012.555557, 69
106294347.250846, 80
106294498.502893, 65
106294849.958622, 82
106295116.264159, 65
106295450.435954, 84
106295684.05898, 73
106295787.426909, 79
106295993.683104, 78
new stimulus
106333450.981643, 68
106333753.380593, 69
106333961.855053, 76
106334209.463191, 73
106334356.81219, 86
106334761.462168, 69
106334961.867537, 82
106335153.456995, 69
106335345.381855, 68
new stimulus
106374118.838357, 8
106374202.04077, 84
106374966.27466, 8
106375051.992457, 82
106375481.63731, 69
106375785.048294, 67
106375961.087704, 79
106376126.130389, 82
106376298.378552, 68
106376497.601549, 69
106376689.144955, 68
new stimulus
106404962.68177, 78
106406117.890684, 8
106406617.594813, 86
106406760.873479, 79
106407285.83215, 8
106407412.536803, 8
106407521.368277, 86
106407656.783421, 80
106408134.446109, 8
106408261.015657, 8
106408473.380959, 86
106408974.013064, 8
106409075.091708, 67
106410870.022878, 8
106411001.26754, 86
106411342.001748, 8
106411445.478703, 66
106411672.87139, 79
106411920.875964, 76
106412064.639009, 76
106412393.07372, 82
106412784.848273, 86
106413048.949694, 89
106413120.950092, 73
106413210.177552, 79
106413418.719426, 78
new stimulus
106434026.343422, 84
106434320.841398, 82
106434669.319004, 8
106434868.834681, 8
106434954.823519, 84
106435285.73533, 8
106435481.170131, 82
106436144.533999, 82
106436656.70713, 8
106436723.354118, 69
106437129.035551, 219
106437686.242845, 8
106437929.570365, 80
106438010.889361, 76
106438128.623302, 65
106438368.863394, 67
106438600.683178, 69
new stimulus
106466506.284575, 80
106466632.823052, 84
106467294.379516, 8
106467425.142851, 84
106467790.057978, 8
106467914.409816, 82
106468745.193874, 79
106469168.889694, 72
106469877.934394, 8
106469913.274606, 71
106470392.923357, 82
106470649.544376, 69
106470898.499397, 83
106471056.382657, 83
106471312.738738, 69
106471512.501043, 83
new stimulus
106502641.802087, 83
106503373.931336, 8
106503504.888588, 83
106503933.353566, 8
106504176.934649, 76
106504384.51165, 65
106504985.035311, 89
106505408.444831, 69
106505608.323098, 82
