new stimulus
107319787.414148, 40
107320969.05942, 37
107321660.70894, 37
107323150.690544, 38
107323490.652687, 39
107323766.741505, 39
107323944.020713, 39
107329023.634952, 73
107329584.703404, 8
107330974.275505, 85
107331095.874765, 70
107331501.244375, 8
107331692.119472, 8
107331875.080833, 73
107331989.661043, 70
107333012.908715, 16
107333116.429503, 57
107337477.463776, 69
107337976.175845, 88
107338279.363505, 65
107338389.807355, 77
107338723.534997, 16
107338790.317922, 173
107339469.261245, 83
107339948.291899, 67
107340182.579629, 79
107340301.68542, 82
107340507.000046, 69
107340645.994763, 32
107340758.515948, 16
107340891.690633, 188
107341403.770273, 32
107341532.928445, 53
107341699.061398, 57
107343235.112504, 8
107343679.303693, 120
107344244.565098, 48
new stimulus
107363756.603402, 88
107364213.695261, 219
107364884.652719, 79
107365779.023247, 8
107366566.004063, 79
107367146.004334, 8
107367325.087339, 80
107367954.207088, 8
107368203.58379, 79
107368540.372782, 8
107368725.38762, 73
107369245.341047, 221
107370083.378298, 219
107370540.398028, 75
107371034.677451, 8
107371251.929538, 74
107371868.408561, 221
107373080.297529, 39
107373735.289915, 37
107374043.989115, 32
107374467.48519, 16
107374531.665898, 190
107376188.380242, 32
107376427.259857, 77
107376570.735215, 65
107376890.909691, 88
new stimulus
107391279.802386, 13
107391980.147971, 13
107392272.274545, 38
107392478.597599, 38
107392800.186371, 9
107394061.613446, 82
107394275.067905, 69
107394728.583797, 8
107394903.380634, 8
107395075.603829, 73
107395170.528147, 70
107395515.184267, 32
107397971.840574, 78
107398051.142436, 85
107398293.665155, 77
107398355.203975, 49
107398579.30422, 32
107398762.699192, 16
107398844.611871, 188
107399010.568939, 32
107399155.809254, 78
107399244.545956, 85
107399467.280175, 77
107399674.7082, 16
107400211.701985, 50
107402618.961948, 16
107403370.789256, 16
107403650.732573, 221
107404208.986858, 8
107404219.114142, 16
107404348.1791, 219
107404991.492582, 13
107405220.032963, 82
107405442.593239, 69
107405675.105191, 84
107405730.954089, 85
107405890.523797, 82
107405972.053079, 78
107406130.685101, 32
107406219.300014, 78
107406291.646357, 85
107406506.365305, 77
107406690.662175, 49
107407307.186418, 59
107408030.66926, 40
107408321.813484, 13
107408555.133011, 82
107409159.73616, 8
107409343.817474, 9
107409740.649427, 82
107409938.969139, 69
107410163.661124, 84
107410267.952868, 85
107410418.591534, 82
107410578.326031, 78
107410683.174282, 32
107410923.289812, 78
107410985.399289, 85
107411154.860749, 77
107411315.212231, 50
107411458.721157, 59
107412342.400403, 38
107412533.144002, 38
107412893.786, 38
107413205.940489, 37
107413713.411042, 37
107413747.13333, 37
107413775.534945, 37
107413807.801878, 37
107413838.396235, 37
107413869.633656, 37
107413901.380145, 37
107414164.383531, 37
107414868.911527, 16
107415083.338627, 57
new stimulus
107435636.314129, 85
107435763.092853, 66
107435882.177006, 84
107436074.083557, 32
107436322.121422, 65
107436655.038438, 8
107436846.229518, 8
107436998.623155, 8
107437150.428658, 8
107437318.068012, 8
107437538.770394, 73
107437851.151813, 78
107437996.44151, 84
107438189.45109, 32
107438373.565417, 65
107438483.848084, 66
107438665.988832, 83
107438755.571115, 79
107438954.372431, 76
107439138.890129, 85
107439186.598361, 84
107439386.009173, 69
107439658.028768, 16
107439762.725269, 86
107439970.129159, 65
107440052.497087, 76
107440242.293013, 85
107440330.335605, 69
107440690.036589, 32
107441230.843537, 222
107441456.735094, 8
107441622.528761, 8
107441907.363025, 59
new stimulus
107463704.039456, 40
107464064.729725, 38
107464734.999177, 39
107465093.966657, 37
107465599.493039, 37
107465629.311724, 37
107465660.359943, 37
107465691.402614, 37
107465722.684699, 37
107465753.932107, 37
107465784.915964, 37
107465817.515249, 37
107465848.303801, 37
107465896.530812, 37
107465927.596231, 37
107465958.055761, 37
107465987.751826, 37
107466018.98564, 37
107466050.393398, 37
107466081.840549, 37
107466112.921226, 37
107466159.541133, 37
107466190.570764, 37
107466493.955117, 37
107467162.936498, 73
107467330.166655, 78
107467435.777262, 84
107467698.534297, 32
107467873.978082, 75
107468702.686192, 32
107468779.240468, 61
107469243.179098, 32
107469330.438529, 48
107469657.972174, 59
107470081.982866, 32
107470258.46088, 75
107470505.997998, 32
107470641.795152, 16
107470723.490887, 188
107470898.211433, 32
107471210.172559, 57
107472138.660979, 56
107472906.134323, 59
107473290.215415, 32
107475204.682658, 8
107475368.665592, 8
107475526.095268, 8
107475858.577286, 56
107476407.247201, 8
107476650.934537, 55
107477330.332831, 59
107477946.261449, 32
107478233.704033, 75
107478761.958198, 16
107478874.236639, 61
107479042.054652, 61
107479415.398687, 8
107479746.677804, 61
107480137.7441, 59
new stimulus
107496838.213414, 38
107497169.148251, 13
107497444.116285, 38
107498074.588742, 86
107498598.651064, 8
107498699.158773, 67
107498977.810137, 65
107499225.760614, 83
107499417.984535, 69
107499499.800949, 32
107499689.521694, 16
107499977.830111, 222
107501498.081211, 16
107501722.513807, 77
107501905.881037, 79
107502081.522624, 79
107502273.783165, 16
107503462.814239, 8
107503645.715954, 8
107503829.853585, 8
107504033.922586, 67
107504147.185874, 79
107504570.344327, 87
107505140.826533, 39
107505442.05837, 16
107505498.01352, 59
107506321.471423, 13
107507482.313109, 67
107507649.673377, 79
107507819.424188, 85
107507985.696685, 84
107508137.727732, 32
107508329.744974, 16
107508393.290109, 188
107508569.77367, 188
107508689.569133, 32
107509137.941069, 222
107509762.447293, 77
107510177.976091, 79
107510337.869272, 79
107510468.824583, 16
107510908.515435, 49
107511274.284744, 13
107511927.585966, 8
107512403.656808, 39
107512817.909188, 16
107512970.068958, 32
107513185.738631, 77
107513570.004763, 77
107513830.511629, 8
107513989.633855, 8
107514178.014652, 188
107514329.588785, 188
107514506.851348, 32
107514633.569595, 69
107514745.725692, 78
107514902.964779, 68
107515225.66851, 76
107515433.502958, 59
107516037.442792, 13
107516378.238865, 66
107516945.941304, 82
107517161.888121, 69
107517433.513777, 65
107517505.960546, 75
107517817.5355, 59
107520493.602791, 38
107520843.374015, 37
new stimulus
107530478.381487, 40
107531223.720176, 38
107532614.633335, 8
107533127.701152, 8
107533147.521832, 8
107533174.000358, 8
107533211.17849, 8
107533240.064761, 8
107533273.468291, 8
107533304.978972, 8
107533334.054445, 8
107533735.263005, 8
107534182.012024, 8
107534342.25864, 8
107534499.424488, 8
107534645.789194, 8
107534790.301277, 8
107534946.002614, 8
107535104.823838, 8
107535454.569262, 8
107536139.819492, 88
107537194.656356, 32
107537562.264416, 16
107537889.554485, 190
107538928.229862, 8
107539086.036832, 8
107539245.901161, 8
107539545.546699, 16
107539690.563968, 89
107540158.842307, 8
107540401.93707, 89
107540588.144821, 32
107540706.021912, 16
107541036.411892, 188
107541544.647853, 8
107541737.990339, 190
107541906.081336, 32
107542082.604846, 90
107542265.323464, 32
107542481.2295, 16
107542705.722296, 56
107543370.383388, 8
107543393.360019, 16
107543657.861205, 55
107543889.36778, 55
107544297.920806, 32
107545810.015982, 89
107546161.343265, 32
107546353.40545, 16
107546448.939263, 188
107546806.02832, 8
107547196.111988, 190
107547929.539016, 32
107548402.0608, 88
107551289.941877, 40
new stimulus
107570676.099193, 84
107571028.133902, 69
107571075.247619, 77
107571210.93852, 80
107571577.627482, 32
107571795.370606, 61
107572145.625931, 32
107573730.08243, 88
107574129.557936, 59
107576184.959353, 13
107578834.229359, 88
107580441.645011, 61
107580985.417321, 32
107581431.680851, 90
107581901.979931, 59
107584849.808814, 13
107585363.771594, 90
107585737.298172, 32
107585906.663644, 61
107586097.252164, 32
107586273.044668, 84
107586553.372214, 69
107586561.946214, 77
107586627.722929, 80
107586913.284039, 59
new stimulus
107604291.063493, 90
107604769.143978, 32
107605849.609348, 61
107606302.557912, 32
107606645.757013, 8
107606804.604314, 8
107606915.786661, 16
107606917.800189, 61
107607090.385696, 61
107607209.046503, 32
107607520.88917, 59
107607602.272251, 49
107607845.799237, 8
107608018.304569, 8
107608169.415963, 49
107608473.457805, 59
107609088.17936, 13
107609203.158225, 82
107609489.941655, 69
107609810.704543, 84
107609929.456344, 85
107610056.996869, 82
107610161.109398, 78
107610425.14507, 59
107625308.942498, 38
new stimulus
107637666.582237, 88
107638967.103874, 8
107639393.718171, 88
107641017.625441, 49
107641177.236484, 219
107641801.593178, 73
107642144.725975, 221
107642537.243464, 219
107642993.624568, 74
107643385.053177, 221
107643745.244365, 32
107643936.565834, 61
107644136.600567, 32
107644304.841371, 88
107644600.870161, 50
107644864.957433, 59
107645582.441861, 8
107645777.242476, 221
107646104.889864, 79
107646495.667364, 8
107646677.687711, 8
107647129.204778, 80
107647525.989015, 8
107647577.174453, 219
107648233.467947, 73
107648584.472311, 221
107649048.872848, 219
107649521.271457, 74
107650040.867564, 75
107650522.052677, 8
107651173.599484, 39
107651545.458479, 76
107652150.584014, 8
107652609.263836, 76
107653110.129808, 8
107653289.033043, 59
107656238.049291, 37
107656746.09605, 37
107656774.425535, 37
107656809.952452, 37
107656837.89216, 37
107656869.70856, 37
107656901.348242, 37
107656932.842555, 37
107656962.799674, 37
107656993.543561, 37
107657040.428128, 37
107657073.204685, 37
107657104.538094, 37
107657136.053768, 37
107657412.625855, 37
107657716.954274, 37
107658069.602917, 37
new stimulus
107665165.049621, 38
107666059.084469, 39
107666450.943359, 39
107666642.092271, 39
107667012.27647, 39
107667188.277596, 39
107669969.474721, 70
107670422.262657, 8
107670772.878354, 73
107670874.465789, 78
107671000.696051, 84
107671176.64835, 32
107671408.594639, 88
107671881.907352, 32
107672153.620951, 61
107673777.987909, 32
107673914.103265, 48
107674512.856421, 76
107675085.976909, 8
107675232.975246, 59
107675472.692953, 32
107676113.338191, 88
107679312.988141, 32
107679536.337959, 16
107679688.505498, 188
107680464.713191, 32
107680654.730777, 52
107680656.771769, 48
107681349.879696, 8
107681901.08802, 8
107682161.041985, 61
107682790.13954, 8
107682964.951913, 8
107683177.521674, 173
107683584.570796, 32
107683965.942863, 8
107684140.843734, 8
107684274.916711, 61
107684776.51036, 32
107685127.328574, 8
107685335.143048, 8
107685497.131042, 173
107686244.016357, 32
107686595.126142, 52
107686659.598698, 48
107686976.720424, 59
107687184.345419, 32
107687480.456603, 16
107687535.979253, 61
107687720.342982, 61
107688545.457647, 88
107690188.169124, 37
107690554.136512, 37
107690890.754057, 40
107691698.531245, 37
107692203.137418, 37
107692233.441592, 37
107692264.658761, 37
107692295.903117, 37
107692327.366914, 37
107692358.433998, 37
107692389.618986, 37
new stimulus
107708865.693433, 88
107708865.955874, 32
107708867.544114, 53
107708867.960247, 8
107708868.388864, 16
107708868.948979, 16
107708960.826373, 53
107710019.401218, 8
107710171.787919, 16
107710244.789255, 52
107714857.170203, 8
107714857.843505, 16
107714858.40362, 53
107714858.942651, 8
107714859.592373, 53
107714860.217404, 8
107714860.62993, 53
107714861.279097, 32
107714861.987355, 51
107714862.454256, 59
107714862.805472, 8
107714863.890469, 16
107720674.682123, 37
107721193.923962, 37
107721426.097182, 37
107721656.404185, 16
107721694.03396, 37
107722250.924716, 37
107722538.025516, 37
107722695.989229, 16
107722785.00252, 49
107723712.562964, 16
107724213.284122, 16
107724239.792333, 48
107724888.159885, 8
107725060.564514, 57
107726201.496191, 39
107726665.622358, 8
107726936.317818, 39
107727170.38472, 39
107727337.827382, 39
107727521.771094, 39
107727657.801282, 39
107727857.760279, 39
107728356.37636, 8
107728624.12671, 16
107728680.382586, 173
107729285.38661, 8
new stimulus
107746849.566625, 70
107747417.112876, 69
107747647.974723, 86
107747863.78172, 69
107748079.807047, 82
107748167.915111, 32
107748337.652883, 61
107748559.911047, 32
107748719.905487, 16
107748751.828695, 84
107748992.523204, 82
107749318.251665, 8
107749484.597678, 8
107749546.247467, 84
107749743.797888, 85
107749776.106434, 82
107750072.10443, 69
107750175.994467, 59
107750509.196394, 8
107750667.843952, 8
107750836.307803, 8
107750955.660778, 8
107751116.002273, 8
107751192.559324, 82
107751717.063856, 8
107751777.581209, 84
107751954.262295, 82
107752033.706752, 85
107752192.154566, 69
107752338.186643, 59
new stimulus
107775065.5115, 73
107775224.352421, 70
107777016.160931, 16
107777119.941386, 57
107779560.638447, 65
107779872.04778, 71
107780103.656724, 69
107780255.852837, 32
107780479.777196, 16
107780711.859422, 190
107783029.372591, 8
107783767.972703, 16
107783831.855183, 190
107784087.57042, 173
107784673.305278, 8
107784883.285306, 61
107785703.896028, 61
107786047.65136, 61
107786341.117604, 8
107786516.005713, 8
107786728.028121, 53
107787039.77147, 8
107787225.35863, 54
107787408.231771, 32
107787844.940616, 8
107788087.980726, 53
107791333.368658, 39
107791823.755853, 16
107792079.942706, 219
107792567.831995, 13
107792687.932344, 82
107792919.674451, 69
107793207.806705, 84
107793295.559391, 85
107793450.594639, 82
107793527.743431, 78
107793679.498998, 32
107793711.651911, 84
107793912.275888, 82
107793983.240114, 85
107794142.532123, 69
107794247.598428, 76
107795229.66172, 8
107795471.81408, 59
107796366.395172, 40
107796815.113608, 13
107797400.414301, 82
107797623.397368, 69
107797839.737292, 84
107797959.932519, 85
new stimulus
107809673.490318, 73
107809927.302996, 70
107818184.104894, 16
107818335.430734, 57
107820000.085168, 83
107821391.578139, 80
107822169.037282, 8
107822688.220863, 80
107823222.397429, 8
107823295.818781, 219
107824056.110784, 190
107824826.906255, 8
107825240.388235, 48
107826236.85499, 39
107826631.860676, 32
107826977.530218, 61
107827168.722408, 61
107827647.524467, 32
107830535.753431, 66
107830988.293076, 37
107831496.561495, 37
107831526.869552, 37
107831557.182881, 37
107831591.025292, 37
107831622.085163, 37
107831652.972755, 37
107831684.320312, 37
107831722.561247, 37
107832123.28848, 39
107832547.674802, 8
107832736.443158, 65
107833293.233487, 39
107833805.775034, 39
107833836.938106, 39
107833868.163043, 39
107833897.586957, 39
107833928.766951, 39
107833959.83237, 39
107833993.150732, 39
107834024.38843, 39
new stimulus
107850160.669407, 65
107855135.614332, 219
107856376.51663, 75
107857205.521582, 8
107857511.962568, 75
107858257.036319, 8
107858544.42536, 75
107858911.181736, 16
107859015.134193, 61
107859376.385409, 49
new stimulus
107883104.074799, 79
107884260.786507, 8
107884511.522022, 73
107885608.757818, 16
107885742.940377, 61
107886006.884777, 61
107886375.128966, 50
107887095.026686, 222
107887628.627047, 8
107887855.421335, 59
