new stimulus
108019226.720493, 70
108019312.986476, 73
108019917.040608, 8
108020151.26453, 79
108020282.547753, 82
108020973.082037, 16
108020992.609759, 57
108025153.107166, 73
108025265.124275, 78
108025376.934427, 84
108025577.200253, 32
108025657.48613, 73
108025873.277314, 32
108028064.02008, 61
108028951.903932, 32
108029105.315152, 48
108030017.752777, 59
108031335.741169, 32
108031583.116551, 73
108031911.539055, 32
108033042.129001, 16
108033159.243459, 188
108033383.895496, 32
108033863.47933, 83
108034048.249204, 190
108034279.754947, 76
108034386.572062, 69
108034649.13934, 71
108034801.160677, 78
108035089.417494, 8
108035278.653583, 8
108035473.977138, 8
108035863.861062, 71
108036257.470761, 8
108036313.011721, 69
108036497.571588, 78
108036583.740195, 71
108036798.824785, 84
108036888.790465, 72
108037222.877924, 16
108037310.611468, 57
108037390.940901, 48
108037726.797201, 16
108038285.297558, 59
108038590.786155, 32
108039399.507409, 73
108039702.745838, 16
108039919.092142, 61
108040095.220327, 61
108040697.148297, 16
108040750.724556, 48
108041343.76088, 16
108041382.99443, 219
108042055.984557, 13
108042975.487007, 83
108043318.921639, 219
108044192.486362, 73
108046471.537491, 32
108047245.286949, 8
108048661.000233, 38
108048836.095298, 37
108049372.7559, 37
108049403.65875, 37
108049432.27065, 37
108049463.461186, 37
108049492.730577, 37
108049983.239005, 13
108050308.948046, 38
108050720.301646, 83
108051015.272626, 84
108051254.962036, 82
108051343.487064, 79
108051415.505771, 77
108051520.003639, 71
108051806.187283, 32
108052684.107807, 8
108052858.355903, 8
108053026.804497, 8
108053186.476573, 8
108053478.780697, 73
108053558.545299, 78
108053702.516965, 71
108053902.531723, 32
108054078.752844, 84
108054335.530884, 69
108054447.03615, 77
108054499.62007, 80
108054846.554656, 32
108055022.654821, 61
108055515.761859, 8
108055682.550638, 8
108055879.369775, 59
108056755.745891, 40
108057003.30659, 40
108057322.632433, 37
108057627.751226, 37
108057826.530626, 37
108057995.777362, 37
108058176.307121, 37
108058545.619939, 39
108058769.143424, 71
108059332.664561, 69
108059709.850333, 8
108059890.609243, 8
108060303.0692, 84
108060926.462685, 69
108061054.354981, 77
108061158.488872, 80
108061526.300283, 32
108061902.4288, 61
108062174.430362, 32
108062883.30861, 39
108063170.226867, 39
108063459.45466, 39
108063657.993812, 39
108067970.483981, 37
108068882.648346, 39
new stimulus
108086477.070114, 79
108086665.868154, 77
108086728.463951, 84
108086992.069064, 32
108087896.983564, 17
108087904.555516, 65
108088301.167474, 73
108088383.382265, 78
108088519.075108, 84
108088695.941512, 32
108088920.026776, 83
108089118.529309, 69
108089311.097233, 67
108089374.682872, 79
108089455.777989, 78
108089547.523885, 68
108089871.654951, 16
108090070.520351, 71
108090310.35624, 82
108090514.028805, 69
108090712.162922, 83
108091294.46524, 8
108091404.732372, 65
108091707.547732, 84
108091902.609679, 69
108092110.044639, 83
108092390.131106, 84
108092670.346852, 16
108092702.126355, 48
108093135.535267, 86
108093836.2845, 8
108094010.61943, 8
108094253.925588, 16
108094358.35632, 48
108094795.598924, 8
108095005.940988, 57
108095606.858588, 84
108095947.272652, 8
108096041.381349, 86
108096262.501529, 69
108096493.967601, 67
108096750.354753, 84
108096854.015916, 80
108096982.054968, 82
108097462.283253, 32
108097891.575503, 8
108098075.639061, 8
108098260.287703, 8
108098335.242365, 79
108098516.570822, 82
108098625.157332, 32
108099033.244845, 8
108099302.750165, 16
108099447.137963, 188
108099942.134522, 73
108099998.558516, 78
108100127.04061, 84
108100422.249064, 16
108100718.403526, 190
108101670.161256, 32
108101942.097902, 86
108102334.191768, 16
108102407.473022, 173
108103053.508567, 8
108103275.315921, 16
108103348.027073, 48
108104014.662575, 219
108104617.880003, 13
108107206.909523, 13
108107495.887914, 13
108107656.037989, 82
108107903.134561, 69
108108142.468593, 84
108108374.124422, 73
108108590.806407, 82
108109314.850196, 8
108109482.089507, 8
108109694.984684, 85
108109854.114401, 82
108109933.789951, 78
108110038.306406, 32
108110159.17771, 83
108110406.445729, 69
108110606.173079, 67
108110653.892131, 79
108110709.824256, 78
108110869.971001, 68
108112046.293103, 59
108112673.240639, 38
108112864.350157, 38
108113766.700169, 73
108114419.403826, 8
108114662.081346, 73
108114726.198802, 78
108114821.691279, 84
108115013.895782, 32
108115109.746134, 70
108115221.913605, 73
108115288.390257, 82
108115501.97982, 83
108115782.274908, 84
108115863.24796, 59
108116052.952059, 13
108116758.369469, 73
108116828.330539, 78
108117013.648321, 84
108117133.491778, 32
108117293.928706, 83
108117509.983163, 69
108117709.606757, 67
108117741.79185, 79
108117805.61302, 78
108117965.928715, 68
108118189.832267, 76
108118890.727979, 8
108119070.290091, 59
108119755.095614, 8
108119894.22072, 32
108120037.918015, 61
108120477.751462, 173
108120597.981922, 32
108120866.493241, 8
108121073.504855, 8
108121318.359859, 32
108121455.421779, 48
108121973.960909, 76
108123203.216484, 8
108123430.233542, 59
108124521.420155, 38
108124889.909862, 8
108125118.681613, 32
108125255.819269, 61
108125894.144429, 32
108125997.796993, 173
108126475.26604, 8
108126599.639795, 48
108126909.690039, 76
108127754.769921, 8
108127966.268002, 59
108128960.970632, 40
108129239.620054, 39
108129724.353114, 13
108130294.923263, 70
108130557.579594, 80
108130718.834917, 82
108131170.710968, 8
108131353.37632, 8
108131430.508189, 79
108131542.835733, 82
108131853.924367, 16
108131869.503545, 48
108132620.316321, 8
108132885.576256, 16
108132973.230457, 57
108133534.468413, 73
108133638.521019, 78
108133725.693062, 84
108133925.89619, 32
108134005.732089, 73
108134213.810114, 32
108134429.616001, 61
108134653.368081, 32
108134792.051809, 48
108135598.087897, 32
108136171.390929, 8
108136303.710045, 59
108136549.788757, 32
new stimulus
108146847.046525, 79
108147387.006504, 8
108147998.096608, 86
108148125.470403, 79
108148261.839878, 73
108148365.529893, 68
108150154.773361, 8
108150329.532191, 8
108150488.993427, 8
108150649.293032, 8
108150719.83419, 66
108150807.141614, 79
108150965.583047, 79
108151181.79397, 76
108151325.592801, 32
108151421.646781, 73
108151566.801096, 83
108151805.965346, 16
108151853.720462, 173
108152149.371403, 79
108152333.344522, 68
108152514.420802, 8
108153206.288376, 68
108153722.383697, 8
108153942.080147, 68
108154093.672868, 79
108154410.346003, 8
108154609.519064, 8
108154726.178827, 79
108154813.613311, 82
108155013.782871, 84
108155261.627095, 69
108155485.284297, 68
108155725.567112, 16
108155837.346471, 57
108156462.313492, 86
108156733.647855, 69
108156965.718152, 67
108157225.092305, 84
108157309.345592, 79
108157453.530872, 82
108157661.292913, 16
108157702.267285, 188
108157952.750346, 73
108158025.098352, 78
108158511.520357, 84
108158811.508789, 16
108158897.184972, 190
108159197.631705, 32
108159581.794913, 86
108160232.334956, 16
108160294.416968, 48
108160765.232885, 16
108160862.305003, 80
108161483.58065, 8
108161589.948341, 16
108161590.942621, 219
108161957.862953, 13
108162405.985486, 70
108162509.64665, 79
108162645.563095, 82
108163378.911335, 8
108163586.443116, 8
108163769.874985, 8
108164454.011089, 73
108164629.764754, 70
108167541.810105, 16
108167717.046101, 57
108169134.278269, 61
108169562.548496, 8
108169725.700829, 8
108169881.709828, 8
108170048.886997, 8
108170181.512387, 70
108170334.211465, 79
108170445.371341, 82
108170685.198629, 16
108170725.076076, 57
108171006.554368, 73
108171093.750268, 78
108171229.710823, 84
108171333.212192, 32
108171397.52634, 73
108171533.189776, 32
108171701.587324, 61
108171846.870085, 32
108171992.108736, 48
108172478.501056, 59
108172661.867731, 32
108172789.174667, 73
108172973.170257, 32
108173093.270883, 16
108173190.164064, 188
108173320.7701, 32
108174115.120072, 8
108174457.468597, 32
108174573.179578, 86
108174709.887508, 190
108174939.521486, 76
108175015.876573, 69
108175175.174685, 77
108175269.894266, 71
108175680.153159, 84
108175885.397596, 72
108176189.343173, 16
108176344.104328, 57
108176390.652104, 48
108176701.619505, 59
108176893.132949, 32
108177085.160456, 16
108177133.325047, 61
108177309.546723, 61
108177509.181969, 73
108177741.065838, 16
108177804.916691, 48
108178229.946909, 16
108178332.945035, 219
108179119.787972, 13
108179478.410062, 70
108179849.727807, 8
108180053.475277, 73
108180213.304374, 70
108180365.205587, 32
108180516.930638, 86
108180797.937868, 219
108181534.037577, 79
108182251.229325, 8
108182513.274218, 8
108182704.753539, 8
108182888.595715, 8
108182988.789106, 16
108183213.583737, 57
108183869.685534, 86
108184069.059448, 32
108184370.20667, 8
108184525.658051, 219
108184998.008666, 79
108185546.667484, 8
108185741.59072, 73
108186093.525279, 219
108186689.253427, 8
108186893.733013, 221
108187278.213592, 32
108187533.268564, 16
108187637.293705, 190
108189533.557638, 32
108190046.841843, 86
108190651.200862, 8
108190973.770875, 66
108191461.358884, 80
108191818.386353, 8
108192009.267831, 8
108192030.041177, 86
108192765.755548, 80
108193322.463761, 8
108193485.312039, 219
108193853.57648, 79
108194610.95056, 8
108194805.336153, 73
108195325.583092, 221
108196194.144512, 8
108196469.449059, 16
108196589.770791, 61
108197414.694035, 49
108197614.018846, 221
108198618.703946, 39
108199069.492781, 16
108199108.766002, 219
108200492.720312, 13
108201122.059779, 38
new stimulus
108215918.490969, 79
108216126.752647, 70
108216690.397792, 8
108216864.718018, 8
108217093.522505, 73
108217229.13656, 70
108217509.094026, 16
108217684.943679, 48
108218677.110118, 77
108218877.23862, 79
108219006.422037, 86
108219345.730575, 8
108219512.656677, 8
108219688.869752, 8
108219816.529569, 8
108220188.935918, 16
108220237.42537, 48
108220737.461018, 8
108220868.970063, 57
108221381.38788, 77
108221509.187794, 79
108221572.974841, 86
108222301.253197, 68
108222516.725346, 69
108222549.186196, 76
108222989.366976, 16
108223317.1073, 85
108223509.035212, 69
108223924.877774, 65
108224994.277065, 8
108225265.924914, 8
108225433.586739, 8
108225628.915843, 16
108225725.532989, 85
108225893.009219, 69
108226221.412859, 65
108226584.642371, 82
108228175.374984, 32
108228453.374129, 16
108228749.384054, 56
108229542.712003, 8
108229894.444045, 55
108230108.906378, 55
108231522.754832, 8
108231784.569464, 8
108232492.973321, 16
108232669.739853, 190
108233140.973567, 32
108233648.070711, 49
108233719.097912, 48
108233892.783675, 48
108234052.77007, 48
108234509.912698, 32
108235189.973753, 16
108235309.738699, 56
108235477.033772, 56
108236010.130612, 8
108236189.660821, 16
108236194.843615, 8
108236405.539947, 56
108237002.051257, 8
108237365.04385, 57
108237564.793949, 57
108237913.12036, 8
108238104.826612, 8
108238317.696544, 53
108238972.946655, 16
108239076.688826, 53
108240306.985287, 46
108241272.093666, 32
108241911.396461, 77
108242008.662219, 79
108242150.539349, 68
108242359.876869, 69
108242438.088741, 76
108243318.126548, 16
108243645.344764, 16
108243790.629189, 66
108244093.338852, 65
108244183.036542, 78
108244389.099375, 69
108244548.974246, 32
108245015.391085, 173
108245221.347942, 173
108247325.251018, 32
108251222.157737, 16
108251339.964917, 222
108251614.672729, 69
108251926.825553, 88
108252686.924193, 84
108253003.774601, 82
108253285.055369, 65
108253604.786247, 86
108254188.959498, 65
108254517.05409, 71
108254772.775153, 65
108254804.971621, 78
108255092.763201, 84
108255546.121795, 39
108255768.798588, 39
108256000.762632, 39
108256364.827461, 16
108256557.635911, 221
108257162.604147, 8
108257316.979131, 219
108257901.779355, 13
108259202.202229, 80
108259671.325873, 8
108260157.344784, 67
108260276.681946, 79
108260430.271271, 85
108260509.438584, 84
108260676.714515, 32
108260804.893665, 16
108260900.511538, 188
108261069.534394, 188
108261206.232614, 32
108261469.096179, 222
108262422.258219, 82
108262693.173397, 69
108263149.225479, 67
108263469.206592, 65
108263589.032571, 76
108263732.917958, 76
108264173.099847, 222
108264357.212509, 222
108265752.71367, 38
108266310.678881, 39
108266638.681369, 39
108266854.577141, 39
108267062.336962, 39
new stimulus
108280083.275097, 13
108280541.757117, 67
108280661.979254, 73
108280783.295266, 78
108281028.502318, 32
108281236.618349, 16
108281564.785903, 190
108281749.344105, 190
108283368.252234, 37
108283866.13287, 37
108283897.062352, 37
108283928.789145, 37
108283959.362418, 37
108283991.55944, 37
108284427.226289, 9
108284592.406576, 38
108285242.391498, 13
108285644.970245, 70
108285724.502922, 79
108285909.127705, 82
108286141.053187, 16
108286204.854105, 57
108286453.052597, 73
108286556.742057, 78
108286756.567615, 84
108286884.715693, 32
108286981.621081, 73
108293634.300601, 8
108293801.254168, 8
108293960.82554, 8
108294064.710306, 8
108294208.64979, 8
108294368.821781, 8
108294671.282596, 39
108294986.288703, 8
108295264.547237, 8
108295400.593238, 8
108295696.687222, 8
108295885.639508, 87
108296172.866258, 72
108296228.667162, 73
108296452.555179, 76
108296548.485706, 69
108296716.610271, 16
108296964.815144, 57
108297485.190251, 84
108297556.820013, 79
108297716.415521, 84
108298077.051139, 76
108298387.013717, 8
108298460.9913, 65
108298860.552807, 76
108299727.829487, 32
108299967.692285, 16
108300069.325773, 188
108300532.51148, 32
108300764.717158, 49
108300852.872938, 48
108301092.914119, 48
108301452.789601, 16
108301508.471769, 48
108302056.500284, 39
108302693.343457, 8
108303068.517366, 16
108303196.797775, 219
108303643.524877, 13
108305173.245771, 67
108305429.060879, 79
108305517.178653, 77
108305740.441916, 32
108306196.924834, 16
108306702.730302, 16
108306733.408718, 16
108306764.192276, 188
108306940.921356, 188
108307313.444499, 8
108307472.218839, 8
108307648.552315, 8
108307808.52151, 8
108307952.704848, 8
108308252.95045, 73
108308335.184661, 78
108308588.3171, 32
108308757.048387, 16
108308828.125801, 190
108308980.537194, 190
108309162.365564, 32
108310988.747215, 65
108311180.490365, 77
108311556.303453, 84
108311692.342796, 59
108312067.744191, 13
108312340.945048, 84
108312396.602248, 79
108312548.608882, 84
108312812.560495, 65
108312916.602559, 76
108313028.322272, 32
108313172.209878, 16
108313244.394483, 61
108313421.033401, 61
108313508.738648, 32
108313916.538752, 65
108313997.887432, 77
108314212.732052, 84
108314244.577582, 59
108315208.156534, 38
108315350.594334, 38
108315518.415677, 38
108316058.587606, 13
108316501.444119, 73
108316548.380286, 78
108316661.645516, 84
108316812.283073, 32
108316980.387108, 65
108317068.644702, 77
108317332.582444, 84
108317445.876249, 32
108317892.376697, 61
108318268.269683, 32
108318429.639859, 48
108318764.447504, 59
108323369.805241, 8
108323882.192819, 8
108323911.273285, 8
108323943.860363, 8
108323975.175739, 8
108324005.557314, 8
108324037.044691, 8
108324232.172665, 8
108324408.153538, 8
108324559.831149, 8
108324687.786975, 8
108324839.897642, 8
108325646.625343, 40
108325998.546864, 40
108326174.040585, 40
108326234.327123, 40
108326720.633997, 39
108327162.819149, 46
108327539.282792, 46
108327682.56978, 46
108327826.280391, 46
108327985.73913, 46
108328433.121225, 46
108329056.590446, 38
108329326.483048, 39
108329839.294249, 39
108329870.330817, 39
108329901.554644, 39
108329932.829239, 39
108329964.11077, 39
108329995.063555, 39
108330278.769545, 38
108330485.783934, 39
108330701.952966, 39
108330894.246798, 39
108331629.198814, 80
new stimulus
108342477.479866, 86
108342636.162934, 80
108342773.368558, 79
108342940.646709, 68
108343689.762218, 8
108343856.030554, 8
108344023.883522, 8
108344167.605508, 8
108344380.699041, 86
108344515.958829, 79
108344676.375783, 73
108344796.121587, 68
108345044.142251, 32
108346228.507922, 67
108346293.225164, 79
108346540.767276, 85
108346596.502709, 78
108346668.294485, 84
108346876.218818, 68
108347180.04427, 79
108347388.094553, 87
108347485.721237, 78
108347940.393423, 16
108348020.075908, 57
108350040.18261, 37
108350876.181366, 73
108351359.445755, 8
108351704.968541, 39
108352189.089054, 78
108352625.443077, 8
108352900.343143, 73
108352948.277751, 78
108353220.11508, 84
108353547.783829, 32
108356068.355074, 88
108357073.970647, 8
108357452.628974, 78
108358140.308587, 16
108358188.114749, 48
108358916.318479, 16
108359027.578781, 219
108359483.822562, 13
108360108.831751, 70
108360204.245719, 79
108360371.972738, 82
108360748.224153, 16
108360827.873625, 57
108361188.416029, 73
108361292.681972, 78
108361427.907637, 84
108361636.070275, 32
108361765.424029, 73
108361915.951727, 32
108363876.486807, 61
108364196.287596, 32
108364309.543671, 48
108364884.305109, 59
108365890.167032, 8
108366060.247144, 8
108366268.683319, 78
108366587.925658, 59
108366876.246837, 32
108366980.027015, 73
108367179.623144, 32
108367283.856074, 16
108367404.10207, 188
108367541.222803, 32
108367747.856014, 78
108369881.892926, 8
108370064.308877, 8
108370568.451755, 8
108370676.021238, 16
108370772.106011, 190
108370972.356579, 32
108371236.302089, 173
108371777.836437, 8
108371900.491008, 61
108372569.728728, 8
108372764.502989, 48
108374012.343884, 32
108374505.142429, 8
108374660.991633, 59
108374908.198619, 32
108375187.880327, 16
108375340.530857, 173
108375789.506186, 8
108376036.426873, 173
108376586.788784, 8
108376876.35087, 79
108377578.122126, 8
108377812.227866, 73
108378219.998008, 16
108378347.588469, 61
108378995.81953, 16
108379035.72888, 61
108379372.003809, 59
108379913.546757, 39
108380171.851726, 16
108380412.281852, 219
108380908.336498, 13
108381988.519729, 80
108382331.888335, 82
108382715.774954, 73
108382795.998412, 78
108382939.925412, 84
108383363.899485, 16
108383646.158165, 222
108384379.912828, 8
108384700.645477, 48
108385196.050123, 222
108385865.985281, 8
108386561.393589, 8
108387040.234765, 8
108387207.785621, 8
108387367.477672, 8
108387536.287191, 8
108387690.399456, 8
108387788.374305, 67
108387931.542556, 79
108388139.910487, 84
108388424.596053, 8
108388660.30751, 85
108388763.957577, 84
108388915.511459, 32
108389099.75007, 16
108389155.948797, 188
108389323.904412, 188
108389414.49124, 32
108390123.920447, 73
108390339.850619, 32
108390507.466392, 16
108390580.301829, 188
108390739.87875, 188
108390827.676101, 32
108391123.607793, 32
108391243.980293, 222
108391419.738396, 222
108391644.185418, 32
108392073.105645, 8
108392239.941863, 8
108392372.190514, 32
108392543.780632, 16
108392651.60451, 222
108392948.072736, 59
108394102.888266, 39
108394455.789641, 8
108395409.349226, 40
108395762.892555, 13
108396244.368683, 67
108396387.9969, 80
108396555.652899, 73
108396692.197427, 84
new stimulus
108406141.006858, 66
108406260.143998, 79
108406451.993678, 79
108406707.757185, 76
108406942.507654, 32
108408108.188687, 67
108408180.134433, 79
108408307.918257, 78
108408411.902617, 84
108408715.983575, 65
108408721.915409, 73
108408811.719074, 78
108409123.512637, 83
108409467.67245, 16
108409523.671711, 68
108409683.542144, 85
108409948.3263, 80
108409987.986802, 76
108410195.513312, 73
108410269.725593, 67
108410931.941212, 65
108411259.696794, 84
108411492.25674, 69
108411787.540097, 16
108412036.156109, 57
108412748.294896, 86
108413047.120097, 69
108413291.506536, 67
108413644.415956, 79
108413851.585701, 84
108414083.471235, 82
108414339.609539, 16
108414395.130525, 188
108414716.121731, 86
108415019.83566, 16
108415194.848054, 190
108416106.798527, 8
108416287.903659, 8
108416595.837174, 73
108416660.013166, 78
108416827.684146, 84
108417195.752172, 16
108417227.44068, 190
108417411.393825, 32
108417707.527758, 86
108418659.669163, 16
108418747.856569, 173
108419259.944532, 61
108419593.566476, 8
108419807.568289, 8
108420003.65198, 16
108420043.758022, 173
108420497.457012, 8
108420899.915358, 48
108421866.04992, 8
108422560.51333, 39
108422875.470056, 16
108422979.255782, 219
108423988.754706, 220
108425377.207688, 8
108425900.241884, 13
108426780.250839, 73
108426947.24158, 70
108430393.388593, 8
108430607.248921, 8
108435340.304758, 71
108435405.208983, 79
108435787.507639, 84
108436080.46953, 8
108436271.17318, 8
108436446.90049, 8
108436587.632701, 70
108436731.354686, 79
108436891.477296, 82
108437203.382659, 57
108437235.671231, 16
108437864.49081, 8
108438027.470864, 16
108438154.947305, 57
108438747.971977, 73
108438835.682495, 78
108438971.506281, 84
108439115.146427, 32
108439187.685855, 73
108439363.422597, 32
108439577.439113, 61
108439800.438825, 32
108439901.16015, 48
108440203.650094, 59
108440339.991272, 32
108440523.22201, 73
108440707.49419, 32
108440819.958225, 16
108440955.526506, 188
108441067.454285, 32
108442347.688895, 86
108442587.198258, 190
108443387.656226, 83
108443563.342755, 73
108443773.526688, 90
108444083.702604, 69
108444323.368988, 16
108444355.056387, 57
108444417.395846, 48
108444724.571168, 59
108444875.906718, 32
108445099.517313, 16
108445163.190617, 61
108445323.265232, 61
108445571.380775, 73
108446065.38666, 8
108446231.757364, 8
108446416.049241, 8
108446820.84764, 16
108447320.46244, 16
108447347.534094, 61
108447555.551918, 61
108448453.66126, 73
108448892.894644, 16
108448987.137336, 173
108449625.198668, 8
108449851.635637, 76
108450283.518174, 16
108450338.884081, 48
108451283.736505, 16
108451667.771267, 219
108452098.597382, 13
108452684.186595, 73
108452939.201341, 70
108455065.547288, 8
108455375.342303, 8
108456125.776677, 38
108456452.960215, 37
108457077.326341, 37
108457738.04083, 13
108457996.964727, 38
108458860.058441, 85
108458947.707926, 78
108459826.016008, 8
108460014.750241, 8
108460572.000258, 77
108460731.141072, 65
108460907.118061, 80
108461235.134698, 16
new stimulus
108477941.135248, 79
108478123.021323, 78
108478460.530502, 16
108478587.905129, 79
108478843.215607, 70
108478995.048297, 70
108479219.179058, 16
108479379.494753, 83
108479595.030709, 87
108479698.818377, 73
108479883.192648, 84
108480098.813771, 67
108480339.071618, 72
108483343.445174, 37
108483841.468127, 37
108483872.258898, 37
108483903.461087, 37
108483935.620657, 37
108483966.642799, 37
108483997.343963, 37
108484028.571674, 37
108484060.061826, 37
108484090.733861, 37
108484137.982127, 37
108484167.586921, 37
108484198.35106, 37
108484229.02892, 37
108484659.58344, 73
108484723.245369, 70
108485163.693583, 16
108485315.381736, 57
108487062.9312, 39
108487423.403139, 8
108487611.021026, 16
108487722.894153, 49
108487926.091772, 39
108488427.889604, 39
108488458.581614, 39
108488490.119205, 39
108488521.076984, 39
108488552.377935, 39
108488583.227797, 39
108488614.772324, 39
108488646.285224, 39
108488677.1509, 39
108488723.969162, 39
108489179.045829, 16
108489363.820142, 48
108490619.187769, 16
108490810.912609, 219
108496609.53349, 13
108497819.791495, 79
108498011.101866, 78
108498178.82084, 16
108498274.679515, 79
108498475.214994, 70
108498602.761345, 70
108498786.929214, 16
108498912.774692, 83
108499134.774576, 87
108499205.659738, 73
108499402.865601, 84
108499618.899251, 67
108499643.425837, 72
108499904.403488, 32
108500107.574198, 61
108500266.809335, 32
108500467.511545, 16
108500747.20435, 84
108500986.81303, 82
108501076.393094, 85
108501268.446124, 69
108501347.561281, 59
108502409.327032, 40
108502712.309678, 13
108502975.49089, 69
108503162.976725, 76
108503739.173543, 83
108504002.884909, 69
108504771.081492, 16
108505273.948786, 16
108506579.221271, 16
108506658.882949, 219
108508141.175253, 13
108508523.669491, 73
108508883.599903, 66
108509360.338499, 8
108509526.17794, 8
108509763.278449, 79
108510042.875821, 78
108510530.717948, 16
108510659.038306, 79
108511251.086175, 70
108511498.672952, 70
108511978.974754, 16
108512042.924924, 83
108512291.005235, 87
108512426.610412, 73
108512620.043616, 84
108512875.07473, 72
108513920.847667, 8
108514044.64272, 67
108514210.885533, 72
108514402.707748, 32
108514556.121465, 61
108514698.837241, 32
108515066.759898, 70
108515363.469204, 65
108515618.73474, 59
108515746.782947, 83
108515954.809093, 69
108516232.220381, 8
108516398.669873, 8
108516550.667906, 8
108516867.263364, 83
108517171.499123, 8
108517387.371591, 76
108517506.750089, 83
108517914.572941, 69
108518042.791207, 59
108519312.938482, 38
108519767.982136, 38
new stimulus
108536531.684763, 66
108536628.328264, 79
108536786.561631, 79
108537018.687966, 76
108537163.122649, 32
108537394.60592, 73
108537634.518932, 83
108538114.729462, 16
108538218.770971, 80
108538331.822863, 79
108538842.716803, 83
108539395.707562, 73
108539714.918553, 84
108539850.698229, 73
108539938.444257, 86
108540234.844237, 69
108540602.744978, 16
108540779.172778, 48
108541657.491124, 8
108541971.05547, 57
108542010.603339, 16
108542138.128884, 16
108542496.116233, 8
108542642.429616, 16
108542803.276851, 48
108543256.523088, 8
108543339.332395, 173
108543887.86776, 8
108544122.596868, 57
108545555.787449, 73
108545610.825721, 78
108545810.643233, 84
108546018.50681, 32
108547818.78695, 88
108548242.596235, 16
108548298.447075, 48
108548594.524136, 16
108548634.539184, 219
108548929.777599, 13
108551580.071569, 73
108551715.26644, 70
108551906.494694, 32
108552824.056023, 8
108552970.344161, 16
108553058.315178, 57
108553331.164819, 88
108553842.728732, 32
108553970.36358, 16
108554146.597185, 190
108554339.787922, 32
108554754.417873, 49
108555144.462424, 8
108555298.984719, 48
108555698.632504, 16
108555842.802249, 48
108556194.393082, 219
108556550.517266, 13
108556691.076643, 82
108556906.81262, 69
108557194.433586, 84
108557276.04665, 85
108557458.266185, 82
108557530.266582, 78
108557682.592251, 32
108558098.500562, 84
108558330.433535, 82
108558388.21856, 85
108558589.214005, 69
108558666.396365, 59
108559729.055137, 40
108559992.524868, 13
108560194.900209, 82
108560386.451106, 69
108560650.717038, 84
108560731.784135, 85
108560890.416157, 82
108560963.752895, 78
108561066.260539, 32
108561163.765157, 70
108561410.463075, 65
108561546.355662, 76
108561706.688834, 83
108561874.228039, 69
108561938.822383, 59
