new stimulus
367272977.769689, 69
367273530.441421, 68
367274135.064145, 65
367274335.306444, 77
367274973.211105, 83
367275272.163452, 67
367275803.728984, 75
367277323.48442, 76
367278087.404026, 8
367278256.493874, 8
367278461.439571, 84
367278733.300912, 82
367279980.336667, 32
367280353.813763, 16
367280626.267398, 77
367281472.48121, 8
367281833.438291, 16
367282007.746707, 188
new stimulus
367305219.528062, 188
367305585.73395, 65
367305938.865813, 8
367306071.223715, 8
367307178.921375, 78
367307614.023971, 65
367308023.176871, 67
367308648.965718, 8
367308838.410232, 88
367309645.1079, 32
367311170.779342, 16
367312265.472054, 16
367312775.935269, 16
367312807.267768, 16
367313249.512848, 16
367313758.603384, 16
367313790.714881, 16
367313793.138432, 77
367314384.119803, 8
367314817.653028, 78
367315040.980373, 16
367315383.492277, 8
367315696.921013, 16
367315811.120315, 78
367316456.038459, 8
367317089.075211, 16
367317266.086264, 78
367318032.236891, 8
367318337.782428, 16
367318545.72788, 188
new stimulus
367334085.161631, 16
367335790.982314, 219
367336252.279014, 8
367337380.813221, 79
367337976.727695, 8
367338714.473726, 219
367339190.771142, 8
367339561.964507, 79
367340111.824021, 8
367340398.20281, 73
367341016.590338, 32
367341168.950305, 16
367341314.512898, 61
367341822.486536, 48
367342355.964887, 8
367342658.751471, 173
367343256.706101, 8
367343593.430722, 61
367344392.800033, 32
367344857.864389, 50
new stimulus
367362057.86672, 79
367362709.983942, 8
367363080.964526, 73
367363529.165006, 71
367364253.814263, 8
367364561.535059, 68
367365221.632579, 8
367365361.492226, 70
367365961.306964, 32
367366168.204042, 16
367366344.094869, 79
367366869.075532, 8
367367376.552864, 16
367367448.812471, 57
367368071.636518, 65
367368600.893351, 72
367369198.561682, 8
367369641.466747, 71
367369824.054798, 82
367370274.963186, 32
367370650.517334, 16
367370896.653135, 190
367371561.913462, 32
367372281.910366, 85
367372862.905409, 8
367373336.939068, 85
367373853.560478, 8
367374320.878603, 85
367374590.508646, 8
367374788.906927, 8
367374965.39088, 8
367375148.318217, 8
367375308.781377, 8
367375484.357609, 8
367375636.169391, 8
367375796.491621, 8
367375939.873962, 8
367376100.090217, 8
367376395.691316, 8
367376768.99336, 82
367377153.858595, 69
367377611.775473, 85
367378056.580873, 84
367378561.017946, 77
367379376.765924, 32
367379576.097727, 16
367380080.800016, 79
367380621.728788, 8
367380904.645084, 16
367381045.200225, 57
367381985.308886, 65
367382360.007745, 70
367383173.716677, 8
367383336.386722, 71
367383424.16277, 82
367383768.493725, 32
367384064.104257, 16
367384453.592714, 190
367385473.637779, 32
367386136.173829, 70
367386501.461177, 8
new stimulus
367405195.920633, 59
367405742.524332, 8
367406146.003693, 79
367406630.632897, 8
367408249.119742, 75
367409271.904618, 16
367409423.919749, 61
367410104.149443, 192
367410741.726746, 8
367410968.065498, 49
new stimulus
367428824.161605, 16
367429048.102605, 192
367429635.225049, 8
367436260.435473, 88
367437575.742628, 16
367437943.674076, 73
367438420.885872, 8
367438871.807576, 16
367439064.20829, 84
367439534.642132, 8
367439759.47837, 16
367439888.041983, 89
367440394.018744, 8
367440664.267158, 16
367440768.08869, 53
367441824.535846, 52
367442324.450401, 8
367442448.126686, 51
367442888.795737, 32
367443255.11731, 173
367443463.031414, 173
367443812.471911, 8
367443995.832579, 8
367444336.246625, 61
367444535.506576, 61
367444887.139255, 32
367445762.888708, 49
367446231.409732, 8
367446441.416978, 50
367446756.729404, 8
367447031.749184, 173
367447525.994915, 8
367447839.761273, 48
367450787.755352, 37
367451049.256122, 37
367451288.972953, 37
367451529.276807, 37
367451713.08024, 37
367451904.906692, 37
367452081.640324, 37
367452274.143961, 37
367452433.414765, 37
367453201.915426, 39
367453486.998381, 16
367453615.998655, 49
new stimulus
367464888.683104, 79
367465486.378899, 8
367465839.866693, 73
367466287.110625, 71
367467134.999228, 8
367467213.857851, 68
367467498.70472, 32
367467543.240523, 16
367468095.842067, 57
367469279.990889, 188
367469685.096492, 8
367470055.513634, 77
367470062.114037, 78
367470216.235073, 85
367470609.019848, 77
367471060.341316, 8
367471211.660676, 8
367471355.14483, 8
367472003.64032, 8
367472287.384995, 77
367472791.442556, 73
367473030.899998, 77
367473463.377635, 32
367474103.35907, 49
367474318.405116, 8
367474492.723798, 8
367474703.393526, 49
367474998.904463, 32
367475142.855518, 16
367475286.897011, 77
367475623.198843, 32
367475894.892898, 78
367476118.839447, 73
367476350.829544, 77
367477271.432724, 50
367478516.458009, 39
367478796.279116, 39
367479460.805386, 37
367480031.568306, 16
367480207.323474, 32
367481343.362754, 84
367481654.92306, 82
367481886.897621, 89
367482150.884085, 69
367482366.87697, 78
367482887.390876, 32
367483103.038649, 84
367483719.272002, 82
367484230.950877, 73
367484543.418627, 69
367485312.74739, 222
367485578.905507, 13
367486293.995385, 8
367487076.838997, 9
367487615.69904, 69
367487846.907087, 76
367488031.00847, 83
new stimulus
367502310.342149, 79
367502310.620125, 8
367502311.05734, 73
367502723.871367, 71
367503250.795089, 32
367503391.022319, 16
367503570.708544, 79
367504090.950023, 8
367508296.04636, 16
367508296.785132, 73
367508297.822687, 77
367508299.744384, 73
367508300.626306, 188
367508301.467446, 8
367508305.358, 8
367508308.688441, 8
367508309.38671, 8
367508309.997592, 73
367508310.524969, 8
367508312.749054, 16
367508574.925068, 16
367508759.015909, 57
367509535.649171, 78
367509750.877483, 85
367509967.228795, 77
367510591.280431, 32
367511239.433306, 8
367511535.189484, 50
367511948.608289, 8
367512056.649673, 49
367512414.752645, 32
367512614.851796, 16
367512814.760635, 77
367513397.435463, 8
367513767.330221, 16
367513903.231345, 78
367514642.843311, 8
367514967.070665, 16
367515055.180173, 188
367515582.999688, 32
367516150.882976, 48
367517068.659234, 39
367517335.38329, 32
367517590.895926, 16
367517975.247376, 222
367518806.569221, 13
367519919.483231, 77
367520134.758149, 73
367520359.482587, 188
367520928.197028, 32
367521485.001503, 80
367521566.785255, 80
367521979.968529, 8
367522170.741613, 8
367522366.786808, 219
367522903.783691, 32
367523820.834216, 8
367523986.593623, 8
367524170.886427, 8
367524370.203249, 8
367524548.371981, 8
new stimulus
367537088.098411, 61
367537524.046309, 8
367538119.336031, 73
367538263.170568, 78
367538470.645514, 84
367538743.705591, 32
367539319.02765, 79
367540032.016896, 32
367540479.144033, 219
367541052.937778, 8
367541243.813231, 8
367541486.75314, 79
367541971.666147, 8
367542254.602694, 219
367543067.742912, 8
367543359.256211, 80
367543851.740595, 8
367544081.364568, 221
367544572.156683, 8
367544958.758296, 61
367545926.956956, 48
367546766.750965, 76
367547308.539466, 8
367547607.188314, 59
367547975.06511, 32
367548318.38542, 79
367548846.602756, 16
367549278.542196, 16
367549478.750373, 188
367550654.959402, 173
367551206.417971, 8
367551487.794857, 57
367551967.239337, 52
367552403.999525, 8
367552519.472744, 53
367552860.90548, 8
367553192.021479, 55
367554030.685274, 59
367554422.224429, 32
367554670.557683, 16
367555016.043819, 61
367555198.13806, 61
367555742.589804, 79
new stimulus
367575210.103234, 86
367575803.412723, 8
367575990.670604, 68
367576483.668495, 8
367576767.003696, 70
367577258.885244, 8
367577478.607778, 71
367577922.930188, 8
367578406.791768, 88
367578950.631798, 51
367579478.519003, 8
367579582.469536, 50
367580214.966426, 80
367580836.979294, 8
367581199.979859, 76
367581643.294953, 8
367581902.499231, 79
367582306.843036, 8
367582534.123632, 219
367584687.085879, 79
367585127.073861, 8
367585390.165365, 73
367586651.351262, 39
367587055.047566, 59
367587532.234116, 8
367587782.222742, 48
367588227.811302, 8
367588478.34506, 173
367588947.223957, 8
367589206.463746, 48
367589683.192273, 8
367590158.608877, 79
367590587.623466, 8
367590861.713053, 219
367591927.388901, 74
367592993.154356, 40
new stimulus
367604768.684591, 52
367605110.241889, 51
367605414.371191, 8
367605587.728331, 8
367605998.384299, 84
367606458.895064, 8
367606646.580451, 82
367607159.328785, 87
367607710.64254, 85
367608318.097179, 69
367609030.139864, 82
367609213.518288, 77
367609518.08009, 32
367610967.803889, 20
367611950.162957, 83
367612518.859643, 8
367612879.716575, 16
367613007.432944, 48
367613764.585693, 8
367614101.679008, 16
367614230.00709, 57
367615214.353603, 20
367615750.694385, 20
367616021.887418, 65
367616805.056166, 8
367617302.346594, 20
367617734.760979, 65
367618215.374235, 191
367618851.790254, 8
367619238.443745, 190
367621006.033077, 78
367621684.324152, 8
367622014.651165, 66
367622293.58508, 82
367623283.586544, 8
367624494.490971, 71
367625363.281037, 8
367625582.227347, 69
367625821.580201, 71
367626213.622875, 73
367626312.345129, 78
new stimulus
367643814.866333, 67
367643821.740273, 88
367644306.449653, 8
367644481.84556, 8
367644677.980085, 67
367644910.537231, 16
367645346.176082, 8
367645990.05029, 88
367646661.898537, 16
367647119.916396, 219
367647335.964487, 219
367647721.744102, 8
367647921.39494, 8
367648205.716096, 16
367648358.221985, 80
367648365.511226, 173
367648946.996194, 8
367649253.217252, 16
367649569.616892, 8
367649829.337729, 16
367649966.200395, 80
367650522.174826, 8
367650878.087558, 16
367651110.822808, 61
367651461.221796, 61
367652333.712937, 76
367653059.288781, 8
367653357.35976, 59
new stimulus
367680294.785758, 71
367680898.550419, 8
367681157.476721, 70
367681637.305708, 69
367682245.192291, 66
367682882.84644, 8
367683421.511456, 78
367683709.128653, 69
367683909.216152, 82
367684149.224552, 32
367684638.545225, 79
367685099.285418, 8
367685333.433852, 80
367685851.482316, 8
367686182.125867, 219
367686969.490887, 8
367687329.542466, 73
367687754.042026, 8
367688253.835069, 48
367688650.809182, 8
367688949.310719, 219
367689601.279799, 8
367689885.717194, 80
367689909.223087, 59
367690355.337638, 8
367690589.156495, 219
367690920.80542, 8
367691160.70091, 8
367691613.672201, 79
367692037.173877, 32
367692356.872054, 84
367692677.003285, 69
367693148.943247, 85
367693396.879789, 87
367695429.2135, 222
367695969.961394, 8
367696229.249453, 59
new stimulus
367719007.022638, 67
367719586.894681, 8
367719789.377988, 83
367720267.098296, 8
367720429.112796, 88
367722765.238743, 32
367722988.809386, 16
367723108.938287, 190
367723836.932132, 32
367724204.681592, 85
367724714.203241, 8
367725093.019307, 85
367725613.319876, 8
367726033.293033, 84
367726714.872935, 8
367727012.966941, 89
367733259.40735, 8
367733489.852212, 8
367733632.995138, 8
367733801.634177, 8
367733945.289222, 8
367734245.052748, 85
367734699.786219, 8
367735053.88212, 85
new stimulus
367750525.689752, 67
367751173.025898, 20
367751781.437085, 20
367752052.338271, 65
367752596.696524, 68
367752892.410811, 69
367753332.416271, 16
367753551.052424, 32
367753852.533742, 222
367754981.018291, 86
367755180.473824, 80
367755764.464738, 69
367756744.209388, 39
367757868.914073, 222
367758577.192154, 8
367758964.433777, 16
367759156.968208, 59
367759996.888999, 13
367760765.395486, 67
367761196.291545, 79
367761260.588055, 73
367761693.13477, 84
367762868.687698, 32
367763092.307722, 16
367763131.908757, 188
367763396.237281, 16
367763557.683622, 188
367764068.417323, 32
367764412.480011, 16
367764595.572136, 222
367765348.345515, 16
367765468.534894, 188
367766540.687693, 80
367766716.95609, 80
367767068.32189, 16
367767356.491155, 192
367769896.185958, 39
367770364.70615, 32
new stimulus
367783047.343304, 79
367783285.270213, 77
367783508.515996, 84
367783883.987196, 32
367784228.208569, 80
367784765.869598, 32
367785164.955718, 219
367785664.85862, 8
367785972.523933, 61
367786684.497817, 32
367787051.794249, 173
367787530.985721, 8
367787740.48168, 48
367788700.936962, 59
367789356.205966, 32
367789788.99376, 79
367790284.626874, 32
367790515.927579, 16
367790668.040641, 77
367791298.048508, 8
367791588.290109, 16
367791708.285848, 190
367792401.977402, 8
367792724.567694, 16
367792844.398645, 77
367793396.166261, 8
367793755.863573, 16
367794076.694183, 188
367794652.465663, 32
367796508.060471, 51
367797106.052552, 8
367797268.10589, 50
367797966.022846, 8
367798132.513812, 51
367798708.957762, 8
367798836.607272, 52
367798972.197685, 173
367799601.963364, 8
367799860.272682, 48
367800589.988758, 59
367800955.761038, 32
367801251.842908, 16
367801759.861211, 16
367801789.94254, 16
367801811.583331, 61
367802054.986534, 61
367802695.637941, 79
new stimulus
367823984.344292, 9
367824527.712984, 8
367824837.122721, 81
367825433.147886, 8
367825775.359066, 9
367826138.124655, 8
367826343.086998, 81
367826825.435246, 8
367826949.590637, 65
367827723.962084, 32
367828096.570297, 8
367828468.170918, 80
367828913.52145, 8
367829211.541662, 219
367829719.385467, 8
367829947.975491, 173
367830377.053887, 8
367830612.178288, 61
367831716.260596, 71
367831727.969987, 72
367832184.704774, 8
367832384.271275, 8
367832508.102361, 70
367833000.699378, 8
367833093.519497, 68
367833808.744758, 8
367834028.164071, 67
367834520.856521, 8
367834731.77565, 88
367835256.316879, 8
367835404.005905, 66
367836628.059816, 59
367837138.891724, 13
367838852.246057, 78
367839391.984693, 8
367839811.968391, 188
367840304.044966, 8
367840596.242663, 78
367841304.584273, 8
367841644.304766, 66
367842179.483153, 69
