new stimulus
365918976.247479, 67
365919441.412262, 59
365919744.452132, 59
365920257.995277, 8
365920419.191384, 8
365920848.507529, 76
365921239.105394, 79
365921582.636543, 84
365922048.148102, 72
365922435.23548, 73
365922543.465234, 78
365922822.302883, 71
new stimulus
365957918.893433, 70
365958321.230096, 80
365959003.320176, 8
365959279.074012, 73
365959924.91264, 8
365960206.786386, 79
365960671.517282, 82
365961045.305368, 77
365961624.228075, 73
365962071.479498, 76
365962369.471135, 65
365963029.976186, 84
365963438.438585, 69
new stimulus
365994586.914932, 78
365994776.014334, 65
365995389.313959, 8
365995571.321645, 8
365995895.6694, 66
365996237.768224, 65
365996599.591969, 84
365996781.43764, 84
365997283.213413, 8
365997458.427332, 8
365997645.310417, 82
365998069.251528, 79
365998442.030079, 8
365998662.468082, 82
365999029.605551, 73
365999340.710608, 69
365999589.005301, 82
new stimulus
366023185.471566, 86
366023945.943381, 8
366024445.372171, 67
366026141.624877, 79
366026622.228146, 59
366026788.604261, 59
366026996.601036, 69
366027362.035139, 8
366027641.239817, 8
366028098.52251, 8
366028638.272798, 76
366028876.184449, 76
366029203.305029, 82
366029492.564558, 67
366029853.522749, 89
366030284.543647, 79
366030924.818316, 80
366031284.294523, 78
366033059.731545, 37
366033262.508086, 37
366033879.401979, 39
366034672.995105, 36
366034877.590974, 36
366035628.391334, 8
366043574.819925, 39
366044062.230554, 39
366044577.299238, 39
366044607.797531, 39
366044643.228094, 39
366044674.252932, 39
366045526.131406, 37
366045752.101187, 37
366045942.40321, 37
366046086.365916, 37
366046277.856688, 37
366046470.160305, 37
new stimulus
366058381.78475, 83
366058739.988426, 59
366059385.386508, 8
366059692.781335, 79
366060218.250815, 8
366060574.128315, 79
366061177.2169, 8
366061484.749882, 73
366062121.198082, 8
366062419.67798, 219
366062764.876431, 84
366063076.155708, 8
366063265.437099, 8
366063596.276231, 79
366064153.041867, 8
366064524.788965, 73
366065040.717377, 8
366065596.968674, 80
366066003.975444, 84
366066692.150757, 69
366067068.897262, 65
366067463.017543, 68
366067903.299036, 83
new stimulus
366094149.589916, 83
366094834.949126, 8
366095300.402149, 68
366095764.371524, 79
366096384.706272, 8
366096700.351881, 73
366097172.714632, 83
366097323.815938, 83
366097723.653314, 69
366097932.274564, 188
366098656.631141, 8
366098864.406535, 8
366099039.122206, 8
366099200.516114, 8
366099636.621865, 66
366100232.956909, 8
366100645.140913, 78
366101146.133248, 8
366101447.585714, 66
366102007.998606, 73
366102375.436522, 76
366103255.476015, 71
366103839.985429, 82
366104488.693424, 8
366104700.026188, 69
366105180.677451, 68
366106254.705894, 37
366106461.506152, 37
366106646.067222, 37
366106845.212321, 37
366107135.282198, 37
366107696.946536, 39
366108623.781427, 8
366108847.789286, 8
366109364.384341, 86
366110011.78152, 79
366110560.644815, 8
366111006.697778, 79
366111433.029982, 8
366111755.946244, 80
366112216.123272, 8
366112524.455505, 219
366112992.260505, 8
366113267.894218, 73
new stimulus
366129597.151772, 84
366129995.376221, 82
366130378.771956, 8
366130569.606905, 8
366131212.122027, 82
366131691.597857, 69
366132245.287447, 85
366132928.859233, 8
366133307.678906, 89
366133945.469823, 8
366134267.711675, 85
366135019.437512, 80
366135779.6455, 84
366136504.388525, 8
366136635.63702, 82
366136902.124435, 84
366137300.402704, 68
366137976.428913, 8
366138083.581995, 83
new stimulus
366162169.67049, 71
366162826.975488, 8
366162996.853766, 68
366163522.683339, 8
366163820.107927, 219
366164409.332669, 8
366164739.756224, 79
366165272.362085, 8
366165691.671373, 73
366166202.241396, 8
366166529.89185, 80
366167243.527487, 85
366167707.218054, 76
366167902.037602, 76
new stimulus
366198006.837598, 86
366198547.69008, 65
366198907.023415, 59
366199657.018699, 8
366199750.603945, 8
366200547.475079, 65
366200914.438605, 76
366201362.71815, 73
366201754.873734, 70
366202439.893381, 8
366202739.28544, 68
366203042.37802, 73
366203578.878042, 89
366204399.643458, 8
366204554.795113, 84
366204834.617885, 89
new stimulus
366229147.611071, 86
366229832.076153, 8
366230595.024784, 67
366231047.337478, 74
366231712.041298, 8
366232074.867087, 72
366232602.918525, 65
366232842.286915, 77
366233567.262974, 8
366233923.348539, 78
366234450.490869, 71
366235010.557816, 82
366235727.047007, 8
366235810.641763, 69
new stimulus
366263203.737251, 84
366263895.197507, 8
366264314.645783, 82
366264770.510022, 69
366265194.227809, 83
366265583.569788, 8
366265866.509664, 80
366266310.921127, 76
366266787.623022, 20
366267466.694482, 20
366267779.001328, 65
366268155.278991, 70
366268164.371469, 86
366268744.503732, 8
366268957.867774, 8
366269179.097537, 70
366269686.901394, 8
366269810.887559, 68
366270687.246783, 8
366271138.778259, 71
366271831.761002, 8
366272219.746115, 88
366272847.463039, 8
366273050.257058, 67
366273514.099651, 69
new stimulus
366298675.594541, 80
366299270.57799, 8
366299690.966446, 73
366299700.495585, 79
366300167.237784, 8
366300669.268507, 8
366301002.021845, 73
366301575.984817, 8
366301849.980636, 80
366302438.603095, 8
366302716.179866, 79
366303121.926589, 84
366303489.895489, 82
366304214.675689, 8
366304413.448211, 8
366304674.376385, 82
366305401.737987, 70
366306079.016752, 8
366306410.747794, 68
366307107.363644, 87
366307739.423319, 8
366307849.887977, 69
366308113.480503, 82
new stimulus
366337746.771372, 82
366337929.249287, 69
366338473.636391, 68
366339383.898976, 8
366339594.318748, 67
366340098.204863, 79
366340889.408837, 66
366341542.449595, 8
366341913.754762, 78
366342494.778934, 8
366342865.487367, 66
366343542.917882, 8
366344017.954973, 86
366344369.20814, 69
366344658.424392, 82
366345217.369725, 69
366345601.81328, 83
366346158.573367, 8
366346265.80052, 68
new stimulus
366372290.696848, 85
366372998.675036, 8
366373231.216092, 84
366373857.26516, 65
366374304.149831, 76
366374942.215673, 8
366375362.098946, 74
366375926.502263, 8
366376219.769418, 75
366376737.491913, 69
new stimulus
366406954.515417, 70
366407614.591575, 8
366407961.212363, 68
366408352.71046, 79
366408760.923179, 78
366409136.658207, 65
366409577.361381, 89
366409936.716632, 82
366410279.733165, 8
366410452.408681, 8
366410705.069427, 84
366411128.875434, 82
366411742.057987, 8
366411913.20741, 68
366412253.484409, 8
366412625.016229, 69
366413009.410125, 68
new stimulus
366445378.067029, 69
366449800.760022, 78
366450472.312815, 67
366450920.662548, 79
366451058.451524, 85
366451497.142562, 78
366451968.088524, 84
366452344.144527, 69
366452640.032757, 82
366453385.195365, 16
366453537.406911, 191
new stimulus
366485658.467669, 67
366486312.115702, 76
366486744.145859, 85
366487443.001607, 61
366487694.535746, 8
366487911.36034, 8
366488256.571551, 85
366489398.329869, 8
366489752.379995, 73
366490191.884433, 71
366490376.114539, 71
366490980.831863, 8
366491163.552244, 8
366491328.953778, 68
366491520.078632, 68
366492197.288319, 8
366492372.827931, 8
366492608.970468, 70
366492823.803177, 70
366493368.630272, 83
366493751.813779, 85
366494413.080906, 8
366494736.63912, 73
366495041.2786, 68
366495120.839931, 69
