new stimulus
366600613.624762, 83
366601177.491824, 84
366601669.007176, 69
366601965.744592, 73
366602082.170753, 78
366602430.2419, 71
366602951.16306, 32
366603354.236553, 73
366603730.806063, 80
366604077.957559, 8
366604260.757559, 8
366604835.863506, 85
366605218.533507, 80
366605578.127618, 70
366605904.883666, 65
366606360.412225, 84
366606710.595656, 69
366607079.972191, 16
366607248.236433, 79
366607973.401693, 8
366608504.732249, 16
366608616.222256, 57
366609304.228064, 83
366609648.365101, 89
366610015.044825, 84
366610167.292991, 73
366610288.869198, 78
366610511.561248, 71
366610767.922237, 32
366611279.869379, 68
366612086.16645, 8
366612223.66025, 83
366613357.007158, 39
366614011.076593, 39
366614786.174329, 32
366615487.73105, 16
366615665.619586, 222
366616352.484916, 8
366616720.541481, 16
366616897.141119, 59
366617493.834592, 8
366617839.200328, 16
366618112.078694, 59
366618649.214287, 8
366618942.994395, 16
366619153.346198, 79
366619669.900472, 8
366619935.256564, 16
366620056.551189, 76
366620566.601047, 8
366620935.047111, 16
366621087.835416, 59
366621572.114237, 8
366621839.711615, 16
366621935.765355, 79
366622525.000915, 8
366622791.27971, 16
366622960.24666, 80
366623476.874173, 8
366623991.621049, 16
366624105.74406, 219
366624894.698149, 13
366625679.471501, 13
366628592.349057, 87
366628815.706086, 74
366629436.432552, 8
366630355.305734, 8
366630602.83946, 70
366630878.776395, 79
366631296.016121, 84
366631792.414085, 32
366632093.039836, 8
366632276.097006, 8
366633300.541137, 38
366633513.751488, 38
366633969.371319, 39
366634476.454713, 39
366634507.043445, 39
366634536.951663, 39
366634568.809874, 39
366634599.529549, 39
366634630.582684, 39
366634661.841665, 39
366634695.802729, 39
366634726.875006, 39
366634772.646164, 39
366634801.971243, 39
366634992.959051, 39
366635216.420945, 39
366635424.960634, 39
366635616.794298, 39
366635809.165328, 39
366636122.619033, 39
366636616.510497, 191
366636752.630784, 18
366637501.349931, 8
366638112.29314, 77
366638215.86749, 32
366638750.769566, 8
366638934.103324, 8
366639259.086097, 188
366639391.6074, 32
366639966.887567, 74
366640206.615218, 32
366640886.025132, 8
366641067.390587, 8
366641383.415986, 74
366641558.744758, 32
new stimulus
366652177.494043, 65
366653037.117561, 8
366656320.203083, 73
366656471.110472, 78
366656793.627248, 84
366657369.374315, 32
366658390.932989, 83
366658720.590585, 69
366659055.933094, 67
366659295.905153, 73
366659425.167035, 78
366659838.849945, 71
366660919.400282, 16
366661182.776142, 71
366661735.131614, 82
366662156.853911, 69
366662479.139595, 65
366662815.250838, 84
366663124.923015, 69
366663368.616123, 83
366663776.429634, 84
366664176.266177, 16
366664675.205042, 16
366664710.542669, 16
366664722.329738, 79
366665181.066395, 8
366665511.058006, 16
366665751.548287, 79
366666300.044553, 8
366666766.950986, 16
366666999.321427, 73
366667574.511433, 8
366667887.723781, 16
366668232.304692, 48
366669124.488574, 8
366669550.748371, 16
366669662.837052, 57
366672039.503105, 73
366672135.995725, 78
366672614.698382, 89
366673188.851942, 8
366673379.019416, 8
366673540.069322, 8
366673799.977417, 86
366674366.443361, 69
366674766.290169, 86
366675118.227179, 84
366675459.993375, 8
366675643.260552, 8
366676168.529734, 67
366676566.271193, 84
366676902.565257, 89
366677118.209424, 79
366677775.647861, 82
366678142.161687, 16
366678368.848325, 79
366678836.894681, 8
366679153.518754, 16
366679297.657067, 76
366679981.262976, 8
366680304.438072, 16
366680439.391804, 75
366680942.493372, 73
366681055.272832, 78
366681350.178714, 89
366681742.776508, 16
366681934.858465, 76
366683619.767976, 39
366684014.750759, 32
366684278.614325, 16
366684531.160774, 80
366685091.712099, 13
366685864.909499, 220
366686740.224511, 8
366687100.336289, 13
366691702.995704, 68
366692022.091045, 73
366692270.502809, 69
366692752.281788, 32
366692775.122148, 16
366693216.244505, 73
366693917.229461, 8
366694263.583926, 16
366694463.808193, 57
366695127.301069, 79
366695310.619292, 77
366695319.643524, 78
366695566.312529, 84
366696022.226704, 8
366696210.753231, 8
366696362.32976, 8
366696931.23479, 8
366697335.108366, 73
366697422.200016, 78
366697702.357635, 84
366698029.947056, 32
366698349.880487, 73
366698718.11904, 32
366699023.756959, 173
366699660.262584, 8
366700054.952411, 48
366700499.928702, 8
366700879.145365, 80
366701396.262804, 8
366701999.026806, 173
366702475.838006, 8
366703278.757475, 61
366703814.329245, 32
366704245.45168, 48
366704778.057541, 32
366705208.078059, 8
366705681.616244, 188
366706251.845405, 8
366706581.050527, 76
366706931.691425, 32
366707302.524698, 8
366707498.693901, 8
366707839.096572, 75
366708478.026026, 32
new stimulus
366724495.078826, 79
366724701.732883, 77
366725434.802981, 8
366725601.510891, 8
366726542.745048, 84
366726986.769786, 8
366727134.660497, 82
366727421.467901, 69
366728022.28302, 89
366728422.209725, 69
366728810.439801, 8
366728993.415964, 8
366729318.342697, 89
366729701.626353, 73
366730134.002177, 82
366730389.517032, 78
366731117.882344, 32
366733054.624499, 16
366733374.700246, 192
366733906.837265, 8
366734221.872548, 16
366734430.77649, 49
366735789.867359, 79
366735925.972111, 77
366736405.771413, 16
366736788.332665, 8
366737551.343994, 80
366737981.827528, 77
366738266.608926, 8
366738449.345119, 8
366738742.935193, 77
366739206.046504, 16
366739549.974643, 80
366740169.437456, 71
366740621.681904, 71
366740922.275197, 8
366741121.129004, 8
366741294.339665, 70
366741485.600733, 70
366742005.621107, 83
366742685.689341, 87
366742941.429184, 79
366743173.428714, 84
366743606.134114, 72
366744597.947139, 59
366748385.20563, 37
366748884.226333, 37
366748914.855569, 37
366748946.102344, 37
366748977.70283, 37
366749008.590068, 37
366749039.740023, 37
366749071.390168, 37
366749102.138972, 37
366749133.571619, 37
366749180.297384, 37
366749211.258138, 37
366749242.622262, 37
366749273.708965, 37
366749305.063657, 37
366749336.03301, 37
366749367.42016, 37
366749398.677477, 37
366749775.706952, 39
366750015.158845, 39
366750287.518989, 39
366751353.987429, 8
366751560.104676, 8
366752174.10257, 84
366752917.629503, 73
366753434.865955, 8
366753958.118008, 85
366755768.811372, 39
366755967.065949, 39
366756175.563192, 39
366756383.250365, 39
366756575.369774, 39
366756767.232291, 39
366757185.623038, 8
366757662.138229, 77
366758808.309761, 39
366760025.523854, 8
366760349.507632, 16
366760518.006018, 79
366761928.433946, 37
366762689.925284, 8
366762894.080609, 78
366763944.506617, 39
366764191.266338, 39
366764367.290327, 39
366764534.746997, 39
366764711.40101, 39
366764887.045487, 39
366765329.355206, 8
366765774.082374, 79
366766314.705428, 8
366766582.772757, 73
366767337.30249, 39
366767870.335857, 67
new stimulus
366787000.137323, 73
366787534.182445, 71
366788522.382892, 8
366788645.629729, 68
366789089.620898, 8
366789245.499951, 70
366789645.786194, 32
366789839.530181, 16
366789934.2609, 73
366790546.649473, 8
366790885.007274, 16
366790997.889102, 73
366791634.591142, 8
366792061.290929, 16
366792509.813217, 57
366797589.989591, 73
366797693.390274, 78
366798229.30688, 80
366798628.918157, 85
366799149.459528, 84
366799605.296857, 32
366799772.884747, 16
366799941.521288, 190
366800437.44403, 32
366800885.012545, 48
366801645.869698, 39
366801909.700529, 32
366802132.779027, 16
366802300.79581, 222
366802969.181563, 8
366803301.451633, 16
366803452.985717, 219
366804195.687876, 13
366805197.924723, 84
366805204.271286, 82
366805714.378293, 8
366805912.932485, 8
366806077.382465, 82
366806645.851388, 69
366807077.485665, 89
366807779.176658, 8
366807996.988593, 84
366808712.910735, 73
366809373.043764, 82
366809588.849667, 78
366809909.304926, 32
366810934.281151, 84
366811388.913918, 82
366811877.365986, 85
366812100.921925, 69
366812445.102518, 59
366813916.566425, 40
366814779.905721, 13
366815250.305995, 13
366815421.300894, 69
366815692.757754, 59
366815909.674451, 83
366816164.677464, 69
366816893.68362, 32
366817900.983125, 84
366818610.906312, 8
366818861.657014, 82
366819245.176201, 69
366819725.762547, 89
366820261.249149, 85
366820652.956144, 82
366820852.662188, 78
366821101.737266, 32
366821380.511387, 71
366821756.795153, 65
366821948.778903, 76
366822428.843697, 83
366822684.855968, 69
366823220.919884, 59
366824920.181222, 37
366825142.79504, 37
366825366.524645, 37
366825486.384725, 37
366825750.610326, 37
366826193.264603, 8
366826445.354694, 71
366826986.853567, 8
366827117.159939, 68
366828067.191122, 8
366828174.811103, 70
366828968.190614, 37
366829480.429048, 37
366829504.191278, 37
366829535.004444, 37
366829567.090973, 37
366829791.930817, 37
366830377.134616, 39
366830929.65987, 8
366831104.270676, 89
366831639.707897, 8
366831733.628269, 84
366833419.331481, 37
366833622.791311, 37
366833822.624137, 37
366834047.532782, 37
366834270.44455, 37
366834486.790315, 37
366835050.617428, 8
366835165.194855, 72
366835681.793516, 8
366835773.259265, 74
366836236.432164, 8
366836469.628211, 75
366837010.207433, 8
new stimulus
366853806.232154, 71
366854489.489345, 8
366854797.220684, 70
366855341.149211, 80
366855893.307159, 84
366856426.831839, 8
366856592.734395, 8
366856926.319997, 79
366857284.663216, 89
366857620.841041, 32
366857742.193369, 16
366858420.914169, 16
366858572.285129, 79
366859185.47323, 8
366859549.212013, 16
366859701.595282, 73
366860361.32827, 8
366860660.306694, 16
366861069.551421, 48
366861682.614683, 8
366862028.515841, 16
366862276.81192, 57
366863229.312705, 73
366864092.628698, 78
366864557.21367, 89
366864757.428505, 32
366865661.858588, 79
366866218.655572, 8
366866501.335505, 73
366866941.06604, 32
366867380.874808, 219
366867896.681432, 8
366868333.182508, 48
366868809.501285, 8
366869637.152016, 61
366870052.452569, 32
366870428.486934, 57
366871002.214098, 8
366871260.784469, 173
366871913.70011, 8
366872228.876044, 48
366873164.599231, 59
366873564.447149, 32
366877364.971919, 79
366877887.925744, 8
366878197.464759, 73
366878741.287866, 32
366878988.822147, 16
366879156.415863, 77
366879162.916117, 188
366879682.129196, 8
366879880.327456, 8
366880157.274481, 16
366880261.852263, 188
366880660.364675, 32
366895994.170827, 8
366896608.69915, 8
366897116.253882, 8
366897147.634651, 8
366897179.016253, 8
366897209.714289, 8
366897241.051503, 8
366897272.809565, 8
366897304.196161, 8
366897334.687241, 8
366897368.31956, 8
366897414.27881, 8
366897443.46934, 8
366897474.980497, 8
366897505.953735, 8
366897536.909772, 8
366897568.066663, 8
366897599.21745, 8
366897631.93206, 8
366897678.435056, 8
366897705.554637, 8
366897736.039336, 8
366897766.958476, 8
366897798.185277, 8
366898161.603083, 50
366898696.770929, 8
366898852.81588, 87
366899116.513271, 72
366899500.37757, 73
366899828.162573, 76
366900059.984553, 69
366900492.261337, 32
366900597.646137, 16
366900964.328635, 73
366901513.433841, 8
366901788.436421, 16
new stimulus
366908027.124296, 67
366908523.918418, 80
366908628.604394, 77
366909513.042399, 8
366909679.803019, 8
366909863.459142, 8
366913165.101919, 70
366913596.258476, 80
366914256.722746, 8
366914644.661807, 73
366915220.190544, 8
366915476.383138, 80
366915820.013049, 84
366916412.093564, 32
366916533.494718, 16
366916667.976834, 73
366917180.800626, 79
366917456.770019, 8
366917631.464051, 8
366917940.038472, 16
366918091.640801, 57
366918964.661263, 79
366919100.461684, 77
366919556.076244, 89
366919995.912199, 32
366920443.953994, 79
366920884.059048, 32
366921301.835029, 221
366922138.058906, 8
366922523.845179, 219
366922595.62762, 219
366923026.831062, 8
366923457.29379, 8
366923795.784197, 219
366924304.025824, 8
366924572.12145, 80
366925308.297277, 32
366925683.758767, 173
366926353.295263, 8
366926740.612623, 48
366927843.982791, 59
366928299.659493, 32
366928812.752106, 73
366929380.006203, 32
366929579.870932, 16
366929707.648889, 77
366930355.419754, 8
366930676.531115, 16
366930852.732653, 77
366931513.452151, 8
366931843.778886, 16
366931972.411577, 78
366932561.007404, 8
366932947.873123, 16
366933332.566356, 76
366933829.21067, 8
366934379.930744, 16
366934628.745878, 79
366935113.008887, 8
366935443.889078, 16
366935613.248579, 188
366936259.811276, 32
366939644.902053, 86
366940363.978751, 191
366940924.125041, 8
366941188.521811, 188
366941611.963009, 83
366941883.458154, 79
366942564.10065, 67
366943116.00559, 69
366943982.432861, 59
366944372.065023, 32
366945083.818357, 80
366945459.806393, 16
366945569.439897, 8
366945827.589421, 16
366946284.304788, 219
366946547.523905, 219
366946967.671005, 8
366947175.537392, 8
366947508.287401, 13
366947699.879432, 16
366948441.232215, 8
366949128.358044, 8
366949328.366477, 8
366949543.80452, 8
366949809.333168, 8
366950168.255642, 8
366950391.904795, 8
366950924.404127, 32
366951324.017624, 16
366951444.121002, 173
366952105.413651, 8
366952311.927333, 8
366952659.884182, 222
366953171.863504, 32
366953811.931494, 16
366954019.811753, 61
366954243.640397, 61
366954667.875575, 32
366955104.846602, 8
366955388.160997, 79
366956400.826104, 39
366956986.232976, 13
366957924.117273, 79
366958331.785693, 70
366959131.783917, 32
366959315.382336, 16
366959798.694067, 48
366960548.855804, 8
366960875.338869, 16
366960979.664475, 57
366962564.621092, 87
366964028.039786, 191
366964681.056408, 8
366965051.614757, 219
new stimulus
366976996.742521, 70
366977371.93186, 219
366977956.038182, 82
366978417.799839, 8
366978624.161217, 8
366978883.936428, 79
366979323.208941, 82
366979771.64301, 16
366979773.868205, 32
366980170.951343, 48
366980792.320317, 8
366981099.130895, 16
366981267.352414, 57
366981867.964461, 80
366982456.629643, 8
366982732.195111, 79
366983467.666566, 221
366984491.496764, 173
366985843.757247, 222
366985855.615336, 13
366986631.490128, 8
366986823.138476, 8
366987009.192626, 8
366987182.768097, 8
366987374.753511, 8
366987543.837533, 8
366987727.301957, 8
366987951.455462, 8
366988215.475771, 8
366988807.483879, 8
366989387.804788, 48
366989841.234934, 8
366990075.705731, 79
366990536.690887, 8
366990827.804422, 73
366991627.45587, 32
366991834.91639, 61
366992267.329111, 32
366992611.349631, 48
366993315.465007, 59
366993819.364716, 32
366994219.475074, 80
366994888.477812, 8
366995340.316115, 79
366995960.735754, 8
366996219.043684, 219
366996927.203306, 8
366997203.539172, 73
366997715.378674, 32
366997878.785272, 16
366997963.144324, 190
366998379.24052, 32
366998672.721568, 8
366998839.236947, 8
366999163.256791, 16
366999347.51991, 75
367000009.032832, 8
367000379.118178, 16
367000515.401589, 76
367001040.267678, 8
367001386.864331, 16
367001804.011398, 75
367002435.270158, 32
367008107.530097, 67
367008648.625322, 8
367008835.48011, 86
367009603.123262, 80
367010047.927275, 8
367010371.181159, 191
367010920.591805, 8
367011179.426559, 188
367012195.300319, 83
367012418.793007, 80
367012674.877962, 67
367013098.997732, 69
367013898.2189, 13
367014371.676356, 32
367014958.342164, 8
367015127.843705, 8
367015612.207695, 76
367015620.403825, 59
367016103.12354, 8
367016471.331022, 8
367016811.477356, 222
367017456.69567, 8
367017811.412717, 59
367018427.551747, 32
367019155.07037, 16
367019555.166302, 61
367019755.086516, 61
367020507.278698, 48
367021016.581461, 8
367021307.517169, 73
367022064.598344, 39
367022349.273212, 32
367022724.162382, 16
367022996.12082, 221
367024330.151682, 8
367025044.217045, 16
367025203.043143, 219
367025887.234965, 37
367026391.885376, 37
367026423.482256, 37
367026454.479352, 37
367026483.496771, 37
367026514.69361, 37
367026545.930675, 37
367026577.389123, 37
367026608.273863, 37
367026639.436857, 37
367026686.173164, 37
367026717.436584, 37
367026748.640636, 37
367026780.807617, 37
367026811.664338, 37
367026842.297735, 37
367026873.609149, 37
367026904.608741, 37
367026951.431604, 37
367026982.816812, 37
367027013.626648, 37
367027300.826049, 37
367027468.521578, 39
367027844.556497, 39
367028407.354378, 8
367028491.5639, 49
367029029.908772, 39
367029541.60346, 39
367029572.594731, 39
367029603.278063, 39
367029631.480973, 39
367029665.885633, 39
367029696.973446, 39
367029730.622688, 39
367029759.89367, 39
367029790.765926, 39
new stimulus
367044004.1308, 73
367045282.808378, 71
367045992.063813, 8
367046131.012132, 70
367046579.04172, 32
367046684.257571, 16
367046882.879176, 79
367047399.477837, 8
367047923.019518, 16
367048051.24329, 57
367058204.044356, 77
367058490.617339, 79
367058994.677952, 68
367059170.625651, 69
367059650.753975, 76
367060388.050583, 16
367060714.807186, 78
367061450.795754, 65
367061642.49598, 77
367061978.610552, 69
367062338.757009, 32
367062698.562237, 61
367062866.301044, 61
367063186.39843, 32
367066219.158537, 82
367066610.608084, 69
367066930.342604, 67
367067658.787259, 65
367067826.327987, 76
367068162.437011, 190
367068690.434352, 78
367069034.407434, 65
367069186.363475, 77
367069402.286172, 69
367069810.772429, 32
367070034.45515, 16
367070130.379612, 48
367070378.994448, 48
367071152.699529, 8
367071350.490536, 8
367071698.324764, 16
367072146.611245, 57
367072426.37021, 57
367072802.928901, 61
367072986.118401, 61
367073295.893223, 8
367073486.366138, 8
367073670.347675, 8
367074258.697152, 16
367074590.552478, 8
367075042.455421, 16
367075113.985687, 57
367075402.346372, 57
367075785.200303, 8
367075974.499726, 8
367076426.629044, 16
367076667.634496, 56
367076938.224693, 56
367077431.694477, 8
367078126.620833, 8
367078386.366637, 16
367078683.615341, 52
367079536.384614, 8
367079770.05949, 16
367079891.755265, 53
367080066.155786, 53
367080527.418918, 8
367080702.072724, 8
367081034.266781, 16
367081154.69169, 49
367081783.934153, 8
367082066.059521, 16
367082162.751329, 50
367082410.04037, 50
367082824.027333, 8
367083014.53659, 8
367083354.309792, 16
367083596.053462, 54
367084231.684933, 8
367084482.28666, 16
367084602.549555, 53
367085272.781546, 8
367085650.223823, 16
367086084.631756, 55
367086090.472304, 56
367086426.344133, 16
367087058.234303, 16
367087208.766341, 8
367087475.28455, 16
367087699.563727, 56
367088191.605069, 8
367088394.019299, 16
367088482.474751, 55
367088858.315199, 32
367089962.472965, 77
367090354.188005, 79
367090738.182969, 68
367090913.939247, 69
367091322.361142, 76
367092858.797912, 16
367093260.010186, 89
367093794.282239, 69
367094234.500203, 65
367094546.101289, 84
367094914.794813, 32
367095471.65283, 8
367095638.454231, 8
367095938.857491, 69
367096368.041306, 8
367096482.305247, 82
new stimulus
367106755.217459, 87
367106945.828529, 74
367107274.249659, 79
367107684.385739, 59
367108271.508183, 8
367108453.479526, 8
367108886.107526, 8
367109234.468022, 74
367109680.709632, 8
367109980.074504, 72
367110346.497058, 73
367110705.97271, 76
367110873.84357, 69
367111466.304151, 32
367111649.979692, 16
367111802.142135, 57
367113858.612317, 78
367114378.093384, 32
367114642.063203, 16
367114858.128217, 188
367115450.253119, 32
367116663.604954, 8
367116837.917532, 8
367117169.856639, 16
367117306.699332, 76
367117435.625812, 190
367118023.436537, 8
367118197.96911, 8
367118490.167917, 16
367118594.935177, 190
367119001.693101, 32
367119690.103944, 80
367120223.319022, 8
367120538.551828, 79
367121351.691769, 8
367121979.550733, 73
367122576.203425, 8
367122938.190848, 173
367123367.646259, 8
367123779.154187, 48
367125119.214798, 39
367125490.165698, 32
367125713.986852, 16
367126001.927799, 219
367126738.337215, 13
367127866.608149, 67
367128969.917561, 79
367129042.071192, 73
367129489.864973, 84
367129879.388108, 8
367130061.241825, 8
367130274.395027, 82
367130726.811476, 8
367131026.794443, 85
367131369.545484, 84
367131841.972597, 32
367132329.971359, 16
367132425.911356, 190
367132705.698895, 190
367133046.789016, 8
367133229.36819, 8
367133553.59277, 16
367133946.700741, 77
367134177.623044, 77
367134591.025759, 8
367134784.788888, 8
367135081.589001, 16
367135242.834212, 188
367135537.916534, 188
367136017.849276, 32
367138026.053451, 77
367138495.154839, 8
367138827.101437, 78
367139249.819676, 32
367139665.846239, 16
367139889.775865, 188
367140321.685344, 188
367140761.632545, 32
367142106.063649, 16
367142241.711488, 222
367143082.400735, 32
367143928.445598, 39
367144290.354788, 32
367144481.548165, 16
367144625.664007, 77
367145247.283492, 8
367145579.920036, 8
367145958.653708, 59
367150962.514578, 40
367151537.90405, 16
367151864.419574, 13
367153230.268144, 38
367154054.582608, 37
367154453.719773, 39
367154889.630219, 13
367155430.977898, 38
367156138.514986, 61
367156345.607369, 61
367156694.536856, 8
367156893.202294, 8
367157138.014796, 48
367157361.768814, 48
367157665.758852, 8
367157844.964861, 8
367158121.813402, 79
367158417.132364, 79
367158694.620915, 8
367158884.902963, 8
367159137.33234, 219
367159421.633522, 219
367159662.408714, 8
367160045.346149, 8
367160329.743596, 79
367160649.577154, 79
367160934.375752, 8
367161167.126538, 8
