273.039461932
