new stimulus
345642513.525562, 84
345642685.35565, 65
345643042.135937, 75
345643172.874581, 69
new stimulus
345684512.562354, 77
345684629.454596, 79
345684892.181392, 85
345685156.14216, 78
345685254.686001, 84
new stimulus
345713053.773228, 80
345713690.355346, 82
345713767.696669, 69
345713938.30721, 83
345714116.119345, 69
345714565.789338, 78
345714742.072324, 84
345714789.508683, 69
345715004.234566, 68
new stimulus
345746924.824509, 82
345747051.657609, 69
345747221.194805, 80
345747445.18852, 76
345747794.79773, 65
345747946.878158, 67
345748211.760244, 69
new stimulus
345780835.661411, 67
345780970.683725, 72
345781186.010227, 65
345781298.129705, 78
345781452.014484, 71
345781474.214057, 69
new stimulus
345817683.513014, 80
345818058.119596, 82
345818188.93564, 79
345818508.834359, 71
345818835.35375, 82
345818977.818182, 69
345819113.705775, 83
345819369.30172, 83
345819507.064408, 69
345819594.262528, 83
new stimulus
345850683.780172, 70
345850961.155117, 79
345851289.502996, 82
345851969.673355, 67
345852546.018317, 69
new stimulus
345884593.733484, 67
345884684.78971, 79
345884979.236085, 76
345885161.114392, 76
345885441.236924, 69
345885777.272715, 67
345886290.102227, 84
345886367.987018, 69
345886577.369203, 68
new stimulus
345937668.128864, 67
345937969.339339, 76
345938233.368075, 79
new stimulus
345956951.286668, 87
345957090.084139, 73
345957177.213181, 78
345957338.081222, 68
345957544.938036, 73
345957600.744489, 78
345957672.368147, 71
new stimulus
346004658.217137, 67
346004753.718492, 79
346005064.986341, 76
346005207.973158, 76
346005384.867027, 69
346005704.827888, 67
346006112.329486, 84
346006232.517223, 73
346006312.088462, 79
346006408.543871, 78
new stimulus
346030033.76834, 85
346030255.950212, 82
346030504.390894, 71
346030584.38964, 69
new stimulus
346058963.598649, 77
346059104.112806, 69
346059344.261071, 69
346059496.475771, 84
346059696.801797, 73
346059752.234008, 78
346059849.353842, 71
new stimulus
346093201.226259, 87
346093327.527264, 79
346093623.453685, 82
346093847.500942, 75
new stimulus
346141576.986361, 72
346141695.915712, 79
346141907.448193, 65
346142016.102117, 82
346142288.069834, 68
346142376.305789, 83
new stimulus
346166473.186763, 68
346166591.483316, 79
346166719.482697, 78
346166832.360368, 65
346166959.301385, 84
346167022.954159, 69
346167238.93926, 68
new stimulus
346203873.368031, 76
346204047.0832, 65
346204383.825031, 89
346204567.013601, 69
346204663.086445, 82
