new stimulus
344297945.790664, 40
344298464.178044, 37
new stimulus
344317751.362904, 38
344318568.688951, 40
344332550.111953, 37
344333151.582733, 37
344333656.73404, 39
new stimulus
344359454.378396, 40
344360147.797312, 38
344360702.716431, 37
344361097.33761, 37
344361262.065144, 39
344367171.512717, 8
344368809.496371, 8
344369280.921229, 8
344369595.419654, 8
344369768.349165, 8
344370121.389528, 8
344370304.130062, 8
344370479.591046, 8
344371204.179137, 8
344372592.952542, 8
344372969.048046, 8
344373383.412227, 8
344375040.930539, 8
new stimulus
344396534.39129, 38
344397028.971439, 39
344397277.248441, 39
344397484.433445, 39
344397995.426701, 39
344398025.445685, 39
344398056.450903, 39
344398087.83619, 39
344398119.008971, 39
344398150.683886, 39
344398182.307478, 39
344398213.107127, 39
344398244.401974, 39
344398290.824911, 39
344398322.031537, 39
344398354.412768, 39
344398573.404013, 39
344398788.522448, 39
344399052.450203, 39
344399268.737694, 39
344404351.26403, 8
344405025.282561, 8
344405607.05001, 8
344406109.159109, 8
344406139.419173, 8
344406170.960648, 8
344406201.807181, 8
344406231.654718, 8
344406265.48631, 8
344406293.558903, 8
344406323.614506, 8
344406355.234214, 8
344406404.559538, 8
344406439.654509, 8
344406823.908157, 8
344407086.554223, 8
344407655.264259, 8
344407927.016697, 8
344410534.833778, 8
new stimulus
344437717.888908, 38
344438144.756214, 38
344438399.645011, 38
344438644.876476, 38
344438939.407188, 38
344439832.575648, 40
344440351.409677, 40
new stimulus
new stimulus
344497605.202658, 38
344498172.755012, 39
344498677.995372, 39
344498707.205393, 39
344498738.557389, 39
344499892.090675, 39
344500417.481847, 39
344500422.322303, 39
344500451.366149, 39
344500482.369426, 39
344500512.29159, 39
344500551.936279, 39
344500580.154795, 39
344500605.333878, 39
344500642.253175, 39
344500689.136355, 39
344500726.854627, 39
344500750.890177, 39
344500781.997487, 39
344500963.975665, 39
344501172.0892, 39
344502810.344172, 36
344504436.401738, 40
344505236.271295, 38
344505582.183304, 39
344506087.806783, 39
344506119.187908, 39
344506149.870485, 39
344506181.148687, 39
344506211.173219, 39
344506241.686846, 39
344506272.7076, 39
344506304.024919, 39
344506336.601177, 39
344506383.077934, 39
344506413.835137, 39
344506570.513554, 39
344506749.200955, 39
344506932.876401, 39
344507107.572256, 39
344507283.732899, 39
344507452.023639, 39
344511128.381945, 8
344511393.228798, 8
344511623.503898, 8
344511806.028598, 8
344511968.591132, 8
344512125.694837, 8
344512277.615748, 8
344512780.421176, 8
344512812.471997, 8
344512846.300538, 8
344512967.479225, 8
344513143.141341, 8
344513310.53157, 8
344513446.239394, 8
344513886.232913, 8
new stimulus
344535726.448204, 70
344535861.578158, 69
344536162.048194, 86
344536346.957611, 69
344536516.455691, 82
344536586.604853, 32
344537315.345116, 61
344537897.996986, 32
344538761.207217, 84
344538985.626497, 82
344539092.190603, 85
344539321.497778, 69
344540418.07664, 59
new stimulus
344570392.766336, 40
344571520.605922, 38
344573198.05838, 38
344573924.246917, 40
344574740.660524, 39
344575705.95006, 40
344576174.218967, 38
344576571.519763, 39
344577283.157526, 37
344577677.27241, 37
344578915.293128, 37
344579323.384246, 39
344581773.978609, 8
344582254.040718, 8
344582761.452736, 8
344582792.666021, 8
344582825.704741, 8
344582856.097135, 8
344582886.331398, 8
344582917.933074, 8
344582949.363857, 8
344582980.925584, 8
344583011.728007, 8
344583060.211911, 8
new stimulus
344603266.495571, 40
344603624.630508, 38
344603909.438417, 38
344604324.614889, 39
344604833.894511, 39
344604864.448919, 39
344604895.601449, 39
344604927.031123, 39
344604958.180601, 39
344604989.335904, 39
344605443.258496, 40
344613298.958364, 88
344613417.231335, 32
344614649.461427, 61
new stimulus
344635075.189916, 73
344635737.238249, 70
344635874.389221, 32
344636129.069119, 65
344636257.461329, 71
344636320.826972, 69
344636641.265276, 16
344637008.955176, 32
344637574.234059, 8
344637733.223955, 8
344637869.647249, 8
344638036.908755, 8
344638408.794937, 16
344638601.820053, 57
344639393.637163, 65
344639457.202272, 71
344639618.637087, 32
344639881.177178, 16
344640406.513698, 8
344640561.22242, 69
344640769.078229, 32
344641032.997662, 16
344641300.681153, 190
344641881.619943, 191
344642208.607622, 32
344642568.253954, 8
344642719.011357, 8
344643428.157871, 173
344644158.797365, 8
344644690.981487, 48
344645306.205177, 61
344645623.183476, 8
344645792.111177, 8
344646145.183721, 61
344646889.079539, 32
344647658.61607, 52
344648355.209801, 8
344649075.016249, 53
344650775.245594, 40
new stimulus
344675673.637352, 16
344680457.534624, 88
344680856.62174, 32
344681017.043132, 16
344681177.831277, 61
344681649.324658, 61
344682345.596857, 32
344682459.31484, 49
344682880.777136, 59
344684540.567532, 13
344685365.322659, 8
344685765.293641, 8
344686245.858161, 8
new stimulus
new stimulus
344742790.300167, 38
344743138.109464, 39
344743476.81128, 40
344744044.901, 38
344744646.861984, 40
344745174.339091, 38
344745605.085031, 40
344745997.111206, 39
344746290.692858, 38
344746666.364184, 38
344747193.887897, 39
344747697.486197, 39
344747728.370737, 39
344747759.562661, 39
344747890.150387, 39
344748399.21362, 39
344748430.312052, 39
344748461.734513, 39
344748493.666875, 39
344748524.932316, 39
344748555.306399, 39
344748586.482232, 39
344748618.247587, 39
344748649.45033, 39
344748696.864495, 39
344748727.600059, 39
344748758.033234, 39
344748797.766698, 39
344748820.534708, 39
344748851.461139, 39
344748882.735734, 39
344748913.861908, 39
344748963.620843, 39
344748997.166968, 39
344749717.144031, 37
344750140.751352, 37
344750353.948087, 37
344753305.79487, 220
344753989.917935, 8
344754726.372745, 13
344756673.100818, 73
344756801.614816, 70
344757656.70713, 32
new stimulus
new stimulus
344816195.918348, 67
344816833.298331, 65
344817064.930301, 83
344817183.895995, 69
344817407.892762, 32
344817927.807349, 16
344818105.909945, 222
344818912.360779, 67
344819184.097403, 79
344819368.237253, 87
344819859.85731, 40
344821081.796716, 37
344823623.916702, 16
344824135.493654, 16
344824161.567699, 222
344824800.630246, 8
344825255.723004, 16
344825400.866499, 13
344825919.102684, 8
344828287.777154, 16
344828503.737565, 59
new stimulus
344848029.250248, 38
344848762.608475, 40
344849688.261921, 40
344850182.028669, 38
344850437.099454, 39
344851124.733016, 37
344852305.524661, 37
344857154.249034, 38
344857722.188669, 40
344858041.5847, 37
344858551.112336, 37
344858581.35409, 37
344858612.333786, 37
344858643.959597, 37
344858674.790595, 37
344858706.321805, 37
344858737.876596, 37
344858769.46551, 37
344858805.386366, 37
344858857.807995, 37
344858905.509569, 37
344859321.257253, 39
344859649.380974, 39
344860081.193324, 37
344860281.293806, 37
344860481.503038, 37
344860689.160213, 37
344861297.370956, 37
344862153.408168, 37
344862857.692588, 39
344863098.346593, 38
344863585.286267, 40
344863980.66675, 40
344864427.620228, 38
344864681.739179, 38
344865081.45632, 39
344865345.54276, 39
344865537.490924, 39
344865697.511442, 39
344865856.845896, 39
344866025.15245, 39
344866176.8517, 39
344866345.506973, 39
344866520.690258, 39
344866681.078915, 39
