new stimulus
346320219.908955, 13
346320465.902499, 13
346325126.9707, 16
346329446.279343, 16
346329907.664027, 219
346330649.28249, 8
346331608.877387, 16
346331890.412273, 79
346332498.118663, 8
346332848.250536, 16
346332980.228146, 80
346334497.33134, 76
346334655.727831, 65
346334783.539397, 78
346334960.148354, 83
346335088.584674, 32
346335282.321654, 73
346335367.142546, 78
346335462.751264, 32
346335592.221258, 65
346335895.505738, 68
346336142.719383, 86
346336207.537051, 65
346336278.300425, 78
346336510.523303, 67
346336726.616322, 32
346336902.803597, 72
346337000.056316, 69
346337166.692235, 76
346337240.635972, 80
346337387.953622, 32
346338216.892548, 8
346338371.039491, 8
346338490.425756, 8
346338681.735018, 8
346338850.288199, 8
346339003.545173, 8
346339170.872427, 8
346339278.558427, 69
346339477.905431, 32
346339843.098258, 8
346339962.311966, 8
346340123.677426, 8
346340222.457075, 67
346340546.810078, 8
346341759.609545, 78
346341880.008955, 67
346342118.359249, 69
346342248.752503, 32
346343063.821446, 72
346343205.684151, 69
346343302.808424, 76
346343430.229935, 80
346343513.243979, 32
346343758.460741, 80
346343846.849556, 82
346343902.356115, 69
346344190.016198, 86
346344206.692857, 69
346344474.018474, 78
346344744.116091, 84
346344953.915795, 32
346347994.282336, 67
346348346.767023, 72
346348536.992952, 82
346348666.391371, 79
346348819.541815, 78
346348890.952691, 73
346349059.146334, 67
346349282.55774, 32
346349541.501889, 66
346349617.784292, 79
346349906.410913, 82
346350001.518607, 69
346350202.765396, 68
346350393.200224, 79
346350497.387657, 77
346350753.039641, 32
346351402.961866, 70
346351539.007035, 79
346351834.388877, 82
346351972.000924, 32
346352146.391893, 80
346352277.255654, 69
346352426.367946, 79
346352536.919435, 80
346352713.765587, 76
346352805.400515, 69
346352947.258781, 32
346353140.028113, 87
346353241.581981, 72
346353256.955312, 79
346353377.513407, 32
346353858.277393, 65
346353937.291569, 82
346354010.55479, 69
346354108.073557, 32
346354297.494409, 82
346354345.077246, 69
346354580.777885, 83
346354682.825286, 84
346354890.563191, 76
346355010.299008, 69
346355089.794233, 83
346355265.676067, 83
346355605.375214, 190
346355681.829896, 32
346357874.232477, 16
346358017.602415, 78
346358249.140893, 79
346358425.775928, 32
346358577.884098, 80
346358713.094504, 76
346358873.118351, 65
346358969.553231, 78
346359090.099952, 83
346359177.426518, 32
346359346.485994, 80
346359666.641883, 82
346359778.599069, 79
346359929.062683, 84
346360081.63165, 69
346360217.136679, 83
346360555.84654, 8
346360866.208328, 67
346361714.544865, 84
346361905.515395, 83
346362076.571476, 32
new stimulus
346373622.034117, 13
346373844.794137, 13
346374011.728562, 13
346374219.721973, 13
346375829.449104, 8
346379106.510563, 16
346379612.799854, 16
346379641.698886, 16
346379675.712745, 16
346379706.026628, 16
346379735.667209, 16
346379768.582754, 16
346379800.084835, 16
346379828.551367, 16
346379849.468973, 73
346379963.12287, 32
346381072.817404, 66
346381345.889537, 69
346381465.32768, 76
346381544.941088, 73
346382104.703992, 69
346382208.664494, 86
346382312.936263, 69
346382534.746668, 8
346382700.233505, 8
346382869.243601, 8
346383010.958717, 8
346383429.936145, 8
346384522.629992, 76
346384657.201218, 73
346384890.389525, 69
346385001.279469, 86
346385098.868978, 69
346385193.614914, 32
346385339.078277, 69
346385523.259184, 86
346385745.593639, 69
346385828.96417, 82
346385961.337938, 89
346386186.582271, 79
346386314.751989, 78
346386408.732517, 69
346386624.890175, 32
346388099.26375, 69
346388186.205809, 78
346388409.402769, 74
346388525.135388, 79
346389075.113902, 89
346389201.51561, 83
346389314.512851, 32
346389517.789813, 67
346389618.440118, 72
346389713.636309, 65
346389979.100981, 78
346390107.900446, 71
346390145.115198, 69
346390353.560528, 188
346390441.468848, 32
346391690.214139, 87
346391811.544021, 72
346392081.865794, 65
346392136.851633, 84
346392249.041854, 32
346392313.347679, 73
346392435.09092, 83
346392514.156697, 32
346392804.142407, 66
346393026.562585, 69
346393074.288017, 73
346393154.025709, 78
346393234.781817, 71
346393329.915866, 32
346393457.439746, 79
346393921.114547, 66
346394145.590699, 83
346394201.497855, 69
346394299.369503, 82
346394596.036363, 86
346394715.471732, 69
346394937.798419, 68
346395080.633487, 32
346395344.979871, 73
346395698.235513, 83
346395873.243469, 32
346396019.288585, 65
346396129.282734, 32
346396233.48487, 68
346396331.264691, 73
346396433.166445, 70
346396803.055745, 70
346397050.146492, 69
346397137.266379, 82
346397216.961626, 69
346397306.499799, 78
346397506.316756, 67
346397765.442061, 69
346397878.074215, 32
346398021.208621, 73
346398086.611927, 78
346398175.152491, 32
346398509.226633, 68
346398701.402838, 69
346398925.244526, 71
346399117.216826, 82
346399213.433652, 69
346399405.186234, 69
346399672.006666, 188
346399734.723974, 32
346399878.207377, 78
346399950.133426, 79
346400038.851262, 84
346400143.174354, 32
346400397.547424, 83
346400493.823341, 85
346400629.563623, 66
346400869.177019, 83
346401013.064626, 84
346401405.155995, 65
346401653.386668, 78
346401861.511022, 67
346402085.593512, 69
346402221.059146, 190
346402277.663187, 32
346402685.785377, 16
346402789.645174, 83
346403021.176163, 79
346403109.372169, 77
346403261.385461, 69
346403341.88634, 32
346403590.335622, 80
346403677.946268, 69
346403829.251024, 79
346403973.368059, 80
346404045.388708, 76
346404101.87207, 69
346404246.409953, 32
346404325.420245, 76
346404429.11137, 73
346404653.806407, 75
346404742.780304, 69
346404877.122658, 32
346405109.033159, 67
346405181.53791, 72
346405324.962499, 65
346405414.81832, 78
346405503.37553, 71
346405549.612039, 69
346405639.04285, 32
346405821.413858, 65
346405909.705297, 84
346406030.705325, 32
346406293.260397, 83
346406431.025858, 72
346406485.503738, 79
346406565.042519, 82
346406734.74173, 84
346406909.519702, 69
346406997.527061, 82
346407133.077032, 32
346407301.151661, 73
346407373.393692, 78
346407445.272301, 84
346407534.718371, 69
346407645.8014, 82
346407893.252518, 86
346408006.874512, 65
346408045.399805, 76
346408437.237056, 83
346408551.267692, 32
346408654.448916, 84
346408750.050976, 72
346408869.122922, 65
346408998.850363, 78
346409037.160376, 32
346409182.56437, 79
346409279.064999, 84
346409382.65542, 72
346409471.128571, 69
346409526.375741, 82
346409654.033616, 83
346410325.759809, 188
346410397.561295, 32
346411029.747665, 80
346411127.551067, 79
346411301.167474, 84
346411373.431144, 69
346411526.86123, 78
346411653.235473, 84
346411791.056696, 73
346411901.18706, 65
346411981.506228, 76
346412149.011587, 76
346412390.052041, 89
346412485.47128, 32
346412653.820001, 68
346412781.202118, 85
346412854.814336, 69
346412989.04905, 32
346413102.992854, 84
346413190.851515, 79
346413277.656806, 32
346414350.441752, 80
346414499.29188, 69
346414535.647734, 82
346414622.916041, 83
346414717.186476, 79
346414813.23352, 78
346414962.54722, 65
346414992.009419, 76
346415071.825066, 73
346415277.084485, 84
346415524.940916, 32
346416110.996196, 8
346416271.976039, 89
346416365.827567, 32
346416549.817054, 83
346416813.879358, 8
346416941.786912, 84
346417165.204422, 82
346417318.777102, 65
346417461.700113, 73
346417558.767792, 84
346417613.714792, 83
346417805.18801, 32
346419581.580466, 83
346419669.412218, 85
346419925.517232, 67
346420381.321576, 72
346420485.468228, 32
346420636.834572, 65
346420716.119512, 83
346420869.172858, 32
346421229.573222, 79
346421341.883844, 80
346421554.924112, 80
346421730.001423, 69
346421868.969508, 78
346422606.051568, 69
346422701.826462, 83
346422861.095721, 83
346423146.087284, 8
346424193.115832, 8
346424352.707456, 8
346425305.391499, 8
346425465.008091, 8
new stimulus
346440147.80286, 13
346440377.489826, 13
346440813.267643, 16
346440902.619666, 73
346441060.947079, 83
346441125.309221, 32
346441213.268586, 73
346441404.982607, 84
346441501.299582, 32
346441628.575724, 77
346441671.700948, 79
346441791.678676, 82
346441829.649125, 69
346441916.738495, 32
346442021.315706, 73
346442167.383293, 77
346442197.286315, 80
346442295.280028, 79
346442382.647375, 82
346442564.787013, 84
346442654.663363, 65
346442774.482129, 78
346442876.826371, 84
346442996.888159, 32
346443077.047532, 84
346443180.518939, 79
346443252.810629, 32
346443853.227761, 66
346444079.714943, 82
346444141.533959, 69
346444262.433283, 65
346444309.084538, 84
346444493.596688, 72
346444541.461108, 32
346444716.621923, 79
346444828.923112, 82
346445277.471211, 32
346445484.719466, 84
346445581.19374, 79
346445636.896992, 32
346445820.963879, 69
346445910.886837, 65
346445973.373885, 84
346446100.853932, 16
346446277.507276, 191
346446725.375414, 32
346446863.050158, 16
346446956.655335, 69
346447447.900041, 88
346447646.539343, 80
346447790.497691, 76
346447966.161194, 65
346448054.041217, 73
346448111.461433, 78
346449349.704365, 190
346449405.565747, 32
346451357.416137, 16
346451509.362293, 66
346451750.155009, 79
346451893.833162, 84
346451966.654173, 72
346452103.065261, 32
346452318.782373, 65
346452398.821623, 82
346452470.146775, 69
346452543.01689, 32
346452669.470754, 78
346452749.70836, 69
346452997.215239, 67
346453277.01402, 69
346453381.50412, 83
346453548.707921, 83
346453685.200849, 65
346453757.200414, 82
346453949.092261, 89
346456581.644828, 32
346456901.055284, 84
346456989.229929, 79
346457076.829479, 32
346457188.600515, 65
346457293.157196, 32
346457367.285696, 80
346457461.145546, 79
346457741.010076, 78
346458041.372472, 8
346458229.557686, 73
346458276.994877, 78
346458420.683295, 84
346458500.748345, 32
346458638.734912, 79
346458764.672216, 70
346458853.174773, 32
346463170.102859, 8
346463336.502137, 8
346463480.783405, 8
346464541.490515, 87
346464646.297708, 72
346464726.496198, 69
346464836.760001, 82
346464901.261131, 69
346465007.677649, 32
346465356.816628, 67
346465454.311537, 72
346465509.051858, 79
346465684.61105, 79
346465774.343141, 83
346465860.840493, 73
346465948.622586, 78
346466037.98959, 71
346466116.853681, 32
346466189.960159, 79
346466252.345393, 78
346466349.497131, 69
346466446.229407, 32
346466532.942316, 73
346466596.621168, 83
346466757.169065, 32
346466973.154166, 65
346467108.920526, 66
346467778.220388, 8
346467881.5062, 82
346468142.972391, 66
346468286.528479, 73
346468997.266285, 84
346469310.18618, 82
346469558.066469, 65
346469605.369665, 82
346469956.872557, 89
346470949.129991, 190
new stimulus
346506186.289868, 13
346506435.550053, 13
346506611.30788, 13
346506793.37844, 13
346509037.088801, 16
346509547.744158, 16
346509548.387776, 87
346510380.534808, 69
346510524.095056, 76
346510708.283455, 76
346510838.068322, 32
346511964.665891, 84
346512238.786678, 72
346513306.896789, 8
346513915.956443, 8
346515323.348459, 8
346515626.182683, 8
346515848.279943, 8
346516056.854829, 8
346516216.642313, 8
346516725.580706, 16
346516789.576096, 84
346516988.564117, 72
346517102.174737, 69
346517164.677875, 73
346517292.773522, 82
346517396.750946, 32
346517500.3852, 72
346517636.421214, 79
346517740.540955, 85
346517885.623695, 83
346517964.402895, 69
346518140.445078, 83
346518372.578904, 32
346518900.497112, 87
346519046.049527, 79
346519156.527222, 85
346519261.372699, 76
346519388.338684, 68
346519740.458561, 32
346520540.77116, 78
346520700.177466, 69
346520908.489912, 69
346521100.145396, 68
346521244.114565, 32
346521388.342568, 65
346521476.684775, 32
346521740.45551, 87
346521796.750225, 65
346522044.162781, 89
346522132.505821, 32
346522812.607657, 84
346522910.566137, 79
346522988.485606, 32
346523332.707562, 75
346523460.571561, 69
346523628.488059, 69
346523708.697368, 80
346523804.492791, 32
346523940.153175, 84
346524020.995561, 72
346524132.525795, 69
346524292.667546, 77
346524380.631351, 32
346524461.06232, 79
346524988.821287, 88
346525109.792463, 89
346525436.452229, 71
346525508.312251, 69
346525645.575302, 78
346525804.406512, 65
346525868.389974, 84
346525940.637831, 69
346526164.006792, 68
346527876.563098, 190
346528029.88055, 32
346529429.611007, 16
346529837.724597, 84
346531276.786534, 72
346531404.747353, 69
346531526.025912, 73
346531638.10877, 82
346531788.458918, 32
346533980.706143, 67
346534140.331058, 76
346534364.150829, 79
346534580.034672, 84
346534668.658185, 72
346534813.582517, 69
346534876.345599, 83
346534988.219559, 32
346535356.292024, 87
346535494.267771, 79
346535644.640113, 85
346535836.755285, 68
346535892.822237, 76
346536160.709356, 8
346536368.000057, 8
346536752.016509, 8
346537493.085677, 85
346537596.383418, 76
346537716.358927, 68
346537837.949863, 32
346537965.748946, 66
346538108.820099, 69
346538164.444009, 32
346538268.243606, 79
346538349.46384, 70
346538604.063841, 32
346538772.241671, 76
346538925.851802, 69
346539028.296194, 83
346539188.11031, 83
346539276.228084, 32
346539363.943873, 73
346539541.90748, 77
346539572.773988, 80
346539683.954115, 79
346539829.508194, 82
346540027.969668, 84
346540076.401139, 65
346540204.177195, 78
346540372.310083, 67
346540628.078862, 69
346540733.680868, 32
346540837.747345, 83
346540963.939045, 73
346541020.484273, 78
346541100.12237, 67
346541308.183194, 69
346541381.647269, 32
346541468.515812, 84
346541581.351316, 72
346541732.185565, 69
346541877.759064, 32
346542156.341072, 72
346542268.156773, 79
346542380.507343, 85
346542727.161178, 83
346542799.14493, 69
346542891.971661, 32
346543124.146823, 87
346543229.649236, 79
346543396.319832, 85
346543525.898298, 76
346543724.138945, 68
346543813.843016, 32
346544345.303068, 67
346544452.311603, 65
346544580.654155, 82
346544724.318159, 82
346544838.05778, 89
346544892.506253, 32
346545014.034215, 84
346545100.255255, 72
346545197.274663, 69
346545292.334918, 32
346545620.065255, 80
346545758.583362, 82
346545852.68984, 73
346545972.213706, 77
346546148.076121, 65
346546196.527289, 82
346546331.96851, 89
346546420.575655, 32
346546564.160872, 82
346546636.613467, 69
346546780.079115, 83
346546940.349035, 80
346547005.127865, 79
346547188.290912, 78
346547396.016333, 83
346547501.788677, 73
346547668.217639, 66
346547805.85299, 76
346547876.191075, 73
346548460.257242, 73
346549145.584318, 8
346549312.916566, 8
346549464.258774, 8
346549631.701713, 8
346549861.474957, 73
346550194.954307, 8
346550359.443813, 66
346550423.223924, 73
346550927.989615, 76
346551061.635917, 73
346551319.613529, 84
346551455.289726, 89
346551557.25723, 32
346551661.504586, 79
346551796.599307, 70
346551892.807256, 32
346552014.67284, 75
346552101.720043, 69
346552292.323821, 69
346552373.908587, 80
346552492.38269, 73
346552572.26908, 78
346552646.007525, 71
346552742.720659, 32
346552958.799251, 84
346553332.51836, 72
346553476.082215, 69
346554282.466468, 8
346554717.230031, 69
346554804.576017, 73
346554908.084599, 82
346554980.417347, 32
346555140.246722, 76
346555205.019171, 73
346555309.381379, 86
346555438.444118, 73
346555542.347471, 78
346555572.731819, 71
346556156.749992, 32
346556252.640015, 83
346556364.605246, 80
346556460.050562, 65
346556524.77585, 67
346556780.155961, 69
346556877.986827, 32
346557068.020226, 72
346557124.432845, 79
346557261.949459, 83
346557628.299135, 80
346557819.796766, 73
346558044.161671, 84
new stimulus
346567697.481203, 13
346567945.020264, 13
346568394.301034, 13
346572662.233095, 16
346572806.234722, 72
346572988.100822, 65
346573060.567288, 86
346573157.816679, 73
346573215.061286, 78
346573365.099335, 71
346573459.901587, 32
346573676.062851, 67
346573748.388942, 76
346574092.022763, 79
346574608.915116, 8
346574760.245396, 8
346574920.990817, 8
346575245.224529, 65
346575332.297532, 32
346575539.987166, 70
346575661.313165, 69
346575732.711002, 87
346575806.979322, 32
346576027.830125, 67
346576092.117641, 76
346576300.008683, 79
346576395.757776, 83
346576460.346849, 69
346576541.731872, 32
346577237.091909, 70
346577460.151267, 82
346577506.208839, 73
346577698.131758, 69
346577803.823094, 78
346577916.071296, 68
346578012.580247, 83
346578107.931795, 32
346579110.514592, 73
346579180.532255, 83
346579317.357257, 32
346579836.335823, 71
346580912.840996, 82
346581017.485897, 69
346581091.755883, 65
346581196.031258, 84
346581349.339, 32
346582044.14669, 70
346582164.024824, 79
346582275.965088, 82
346582372.291218, 32
346582550.376059, 70
346582748.469117, 69
346582915.739499, 69
346583099.702076, 76
346583164.515584, 73
346583253.711141, 78
346583309.818596, 71
346583414.892669, 32
346583603.661302, 69
346584314.526722, 8
346584480.263517, 8
346584733.579887, 8
346584967.377412, 8
346585475.693825, 8
346585507.10186, 8
346585537.99278, 8
346585569.869658, 8
346585600.115573, 8
346585631.451479, 8
346585662.481943, 8
346585693.796764, 8
346586437.727537, 79
346586509.440526, 82
346586622.040221, 32
346586795.934605, 70
346586860.717595, 79
346587004.399077, 82
346587101.674545, 77
346587221.840366, 73
346587324.032581, 78
346587411.915655, 71
346587517.229976, 32
346587604.177861, 76
346587788.136832, 79
346587836.462327, 78
346587955.727082, 71
346588164.072541, 173
346588708.743143, 76
346588907.845461, 65
346588956.212848, 83
346589052.462132, 84
346589197.133455, 73
346589285.52005, 78
346589397.290531, 71
346589461.428517, 32
346589636.022281, 66
346589741.495564, 79
346589828.18517, 78
346589939.812501, 68
346590012.014584, 83
346590149.410242, 32
346590285.584135, 87
346590397.424249, 72
346590428.139007, 73
346590587.837993, 67
346590677.440805, 72
346590717.924418, 32
346590899.735034, 72
346591091.814696, 69
346591116.400928, 76
346591283.792822, 80
346591437.307798, 32
346591804.260588, 70
346591893.412868, 73
346592051.668983, 71
346592116.588188, 72
346592227.688418, 84
346592348.602168, 32
346592420.286027, 76
346592627.952357, 79
346592765.376313, 78
346592837.256586, 69
346592980.020634, 76
346593059.950302, 73
346593108.013357, 78
346593196.015445, 69
346593300.296369, 83
346593491.735187, 83
346593699.89089, 190
346593756.243586, 32
346594780.109908, 16
346594900.223296, 72
346595091.902916, 65
346595172.124155, 86
346595261.455926, 73
346595317.262934, 78
346595469.16276, 71
346595572.018013, 32
346595803.606428, 76
346596012.404084, 79
346596085.367968, 84
346596148.031456, 83
346596262.276262, 32
346596276.220593, 79
346596373.197833, 70
346596500.053126, 32
346596699.877296, 70
346596980.042828, 82
346597099.914027, 73
346597188.942576, 69
346597315.674416, 78
346597429.679253, 68
346597523.890597, 83
346597619.788943, 32
346597891.744176, 73
346597995.728258, 83
346598117.49508, 32
346598307.966528, 71
346598507.611206, 82
346598604.099351, 69
346598659.60702, 65
346598742.195222, 84
346598813.321463, 32
346599099.61885, 70
346599204.154447, 79
346599379.789375, 82
346599477.523699, 32
346599795.651079, 75
346599907.979733, 69
346600067.803004, 69
346600132.157379, 80
346600219.639579, 73
346600307.613647, 78
346600365.804818, 71
346600470.595366, 32
346600686.035334, 89
346600814.792631, 79
346600883.965545, 85
346600965.63437, 82
346601115.695445, 83
346601172.048696, 69
346601251.897079, 76
346601365.709108, 70
346601477.47737, 32
346601699.954419, 79
346601891.867351, 67
346602036.055128, 67
346602123.978983, 85
346602227.774142, 80
346602755.872673, 73
346602867.692535, 69
346603067.869586, 68
346604349.545402, 32
346604507.828982, 65
346604707.989388, 78
346604780.254445, 68
346604907.762789, 32
346606644.092205, 69
346606716.188035, 78
346606828.964448, 71
346606939.57586, 65
346607036.158329, 71
346607147.964875, 69
346607323.491054, 68
346607396.279051, 32
346607787.716538, 73
346607828.108324, 78
346607901.740239, 32
346608061.156532, 77
346608173.210816, 65
346608292.041128, 78
346608580.089879, 78
346608891.599361, 89
346608995.835066, 32
346609344.870844, 8
346609695.718743, 8
346609855.408851, 8
346610084.211951, 89
346610228.281269, 32
346610333.375871, 68
346610437.288379, 73
346610539.487529, 70
346610715.813515, 70
346610851.551578, 69
346610907.970578, 82
346611043.990224, 69
346611283.469071, 78
346611419.424632, 84
346611507.959925, 32
346611619.490991, 84
346611684.060368, 72
346611755.715652, 73
346611892.169463, 71
346611898.085761, 78
346611963.977885, 83
346612339.733547, 190
346615105.648613, 8
346615279.395686, 8
346615423.322131, 8
346615575.373708, 8
346615820.157414, 78
346616027.602917, 71
346616093.291413, 83
346616259.769756, 190
new stimulus
346636729.740091, 13
346636928.453464, 13
346637119.900327, 13
346656580.499908, 16
346656780.719404, 73
346656987.309338, 70
346657083.79027, 32
346657640.851085, 8
346657742.996693, 8
346657940.608424, 8
346658472.098992, 16
346658565.344908, 73
346659067.443743, 70
346659139.659697, 32
346659355.085239, 84
346659419.476787, 72
346659511.063998, 69
346659571.445414, 32
346659707.647326, 83
346659923.384967, 67
346660028.369711, 72
346660084.038285, 79
346660259.835228, 79
346660443.300665, 76
346660568.624034, 32
346660644.768836, 73
346660763.374159, 83
346660899.65902, 32
346661243.623806, 69
346661539.465613, 88
346661780.685004, 84
346661995.913021, 82
346662051.552466, 69
346662243.398262, 77
346662275.671298, 69
346662412.901058, 76
346662611.463513, 89
346662717.763791, 32
346662853.703817, 80
346662940.161775, 82
346662997.034638, 69
346663099.270963, 83
346663308.21593, 84
346663379.812956, 73
346663771.634117, 71
346663835.396195, 73
346663939.499015, 79
346663985.976326, 85
346664157.031575, 83
346664443.303716, 188
346664531.631775, 32
346664963.512648, 73
346665107.556443, 84
346665651.789273, 32
346666051.386013, 67
346666099.8308, 65
346666211.627914, 78
346666291.439955, 32
346666483.549301, 65
346666547.227043, 68
346666731.224021, 68
346666828.765259, 32
346666939.279296, 83
346667035.361296, 79
346667083.304782, 77
346667156.832663, 69
346667282.986357, 32
346667475.261324, 83
346667635.124544, 65
346667724.787002, 85
346667899.432922, 67
346668154.985311, 69
346668283.216339, 32
346668515.292462, 84
346668629.402441, 72
346668953.483294, 8
346669195.069437, 79
346669317.075396, 32
346669379.612658, 84
346669483.557624, 72
346669595.282053, 69
346669716.868273, 73
346669781.059523, 82
346669925.045615, 32
346672059.50726, 80
346672188.824117, 82
346672243.594121, 69
346672331.41866, 83
346672491.28826, 84
346672611.213279, 73
346672739.197679, 71
346672827.392576, 69
346672940.814826, 32
346673083.086451, 84
346673147.454973, 79
346673211.073625, 32
346673988.262837, 67
346674083.620488, 76
346674211.123283, 65
346674291.671879, 73
346674411.695937, 77
346674555.262289, 32
346674668.305304, 84
346674739.463449, 72
346674819.009165, 65
346674883.120795, 84
346674963.042418, 32
346675100.613684, 84
346675163.419212, 72
346675299.303199, 69
346675405.091911, 73
346675499.042201, 82
346675587.976149, 32
346675732.597814, 83
346675771.286507, 84
346675875.315532, 85
346676003.277184, 68
346676203.04365, 69
346676259.340862, 78
346676356.380799, 84
346676523.10799, 32
346676888.382933, 8
346676965.238489, 83
346677107.245731, 32
346677196.940092, 65
346677300.890052, 82
346677379.666477, 69
346677486.254441, 32
346677587.082018, 87
346677651.463025, 69
346677732.789789, 76
346677907.052035, 76
346678115.19664, 173
346678787.648569, 82
346678867.681161, 79
346678939.050423, 85
346679187.127405, 78
346679251.330584, 68
346679435.014074, 69
346679619.284867, 68
346680427.47153, 32
346680581.145191, 16
346680996.624331, 57
346681432.438213, 8
346682122.149386, 8
346682956.635361, 190
346683051.598518, 32
346683267.2349, 16
346683767.117689, 16
346683787.007725, 73
346685787.687408, 70
346685876.521762, 32
346686115.405261, 78
346686163.562362, 79
346686339.454183, 84
346686826.940378, 188
346686987.388403, 32
346687187.102159, 84
346687354.887992, 72
346687827.339588, 69
new stimulus
346699816.916295, 13
346700047.934053, 13
346700231.735725, 13
346702707.486699, 16
346702795.084861, 73
346702898.924962, 70
346703068.336487, 32
346703274.882033, 89
346703396.59337, 79
346703507.472218, 85
346703586.916398, 32
346703706.885526, 65
346703771.270694, 82
346703854.884524, 69
346703932.255808, 32
346704098.811552, 65
346704379.004549, 78
346704531.231733, 32
346704634.971962, 65
346704772.140689, 68
346704867.102459, 85
346704970.826042, 76
346705138.733386, 84
346705330.91181, 188
346705451.179722, 32
346705867.327448, 89
346705994.723714, 79
346706131.387811, 85
346706179.062475, 32
346706314.937861, 83
346706403.32723, 72
346706476.159061, 79
346706595.035425, 85
346706675.603718, 76
346706788.496093, 68
346706876.660196, 32
346706982.239177, 66
346707139.33983, 69
346707195.243935, 32
346707322.950636, 65
346707373.094909, 66
346707483.615882, 76
346707571.19407, 69
346707692.813026, 32
346707772.590667, 84
346707843.156794, 79
346707947.006049, 32
346708060.619998, 77
346708156.476454, 65
346708235.344706, 75
346708308.904214, 69
346708442.924758, 32
346708580.421953, 89
346708683.002558, 79
346708803.257709, 85
346708877.622295, 82
346708980.401812, 32
346709011.003104, 79
346709155.157868, 87
346709227.421816, 78
346709338.613872, 32
346709619.174731, 68
346709829.154759, 69
346710018.698508, 67
346710059.341916, 73
346710227.034812, 83
346710299.392529, 73
346710365.102941, 79
346710451.48017, 78
346710580.296835, 83
346711043.049487, 32
346711528.328514, 8
346712323.588429, 190
346712411.183539, 32
346712683.044171, 16
346712754.674488, 73
346712871.250193, 70
346713028.418814, 32
346713108.773215, 83
346713204.557263, 84
346713300.31995, 85
346713427.013784, 68
346713610.714474, 69
346713692.501482, 78
346713755.110318, 84
346713885.21755, 83
346713922.740239, 32
346714424.78248, 8
346714582.740644, 8
346714759.158734, 8
346715266.904213, 8
346715298.042317, 8
346715329.085542, 8
346715360.879194, 8
346715392.036994, 8
346715423.045542, 8
346715454.358976, 8
346715485.576977, 8
346715516.741436, 8
346715563.310574, 8
346716339.555997, 32
346716578.963546, 16
346716650.977259, 73
346716746.685849, 70
346716876.361135, 32
346717154.672934, 83
346717276.687771, 84
346717388.462691, 85
346717578.902236, 68
346717754.856199, 69
346717795.037977, 78
346717892.191102, 84
346717987.120691, 83
346718091.136955, 32
346718242.874212, 68
346718315.610054, 79
346718402.814278, 78
346718516.166063, 222
346718629.078135, 84
346718733.184283, 32
346718892.731242, 87
346719020.515066, 65
346719068.336764, 78
346719187.890037, 84
346719322.758105, 32
346719387.07586, 84
346719498.929013, 79
346719594.643983, 32
346719714.812855, 65
346720026.72349, 84
346720210.657492, 84
346720307.350929, 69
346720442.970255, 78
346720556.443829, 68
346720682.920441, 32
346720835.039431, 65
346720948.418959, 32
346721250.905574, 65
346721560.834029, 8
346721891.250365, 80
346721987.209743, 65
346722060.404719, 82
346722250.838438, 84
346722346.629976, 73
346722506.5337, 67
346722619.530108, 85
346722682.727911, 76
346722819.998452, 65
346722861.649733, 82
346722959.792144, 32
346723259.010175, 67
346723363.179298, 76
346723482.608009, 65
346723555.174901, 83
346723731.722548, 83
346723900.30042, 188
346724002.890735, 32
346728315.105424, 84
346728371.384049, 72
346728468.093854, 65
346728514.839987, 84
346729099.064838, 222
346729651.14288, 83
346729810.81357, 32
346729986.697623, 84
346730043.093042, 72
346730154.848542, 69
346730235.071168, 73
346730315.952393, 82
346730426.515812, 32
346730594.686428, 67
346730658.938156, 72
346730730.602318, 79
346731190.801579, 73
346731298.753349, 67
346731538.50934, 69
346731730.713287, 191
346732392.725278, 8
346733131.714613, 190
new stimulus
346763720.941103, 13
346763935.812633, 13
346764103.453652, 13
346764522.587269, 16
346764651.315437, 84
346764906.532146, 72
346765066.665298, 73
346765242.537976, 83
346765372.205772, 32
346765435.709848, 73
346765570.294114, 83
346765682.796989, 32
346766440.400497, 8
346766606.597257, 8
346766790.296283, 8
346766950.216375, 8
346767118.45496, 8
346767294.113469, 8
346767454.210001, 8
346767674.039059, 8
346768850.922385, 16
346768962.606866, 84
346769154.341415, 72
346769322.330598, 69
346769458.611575, 82
346769751.769604, 8
346769878.145235, 8
346770022.103861, 8
346770190.605997, 8
346771027.847048, 16
346771139.232468, 65
346771542.683706, 8
346771874.585635, 16
346772010.60112, 84
346772370.279632, 72
346772484.120513, 69
346772610.780223, 32
346772882.651398, 66
346773098.543563, 69
346773154.664889, 83
346773218.67526, 84
346773346.473233, 32
346773418.474185, 73
346773831.763634, 8
346773900.479357, 87
346774010.68934, 65
346774154.346686, 89
346774258.830683, 32
346774434.331339, 84
346774506.765347, 79
346774602.410407, 32
346774778.387396, 84
346774978.398549, 82
346775090.200656, 65
346775228.024099, 86
346775322.678208, 69
346775460.170686, 76
346775554.610625, 32
346775707.983007, 73
346775818.802486, 83
346775922.677542, 32
346776034.461062, 65
346776106.705868, 32
346776370.441647, 83
346776514.350892, 85
346776604.614523, 66
346776768.376075, 74
346776859.951634, 69
346777058.392579, 67
346777338.250172, 84
346777514.312053, 73
346777714.539594, 86
346777834.38638, 69
346777906.603721, 32
346778443.460737, 81
346778579.932303, 85
346778714.822565, 69
346778818.441005, 83
346778898.734096, 84
346778979.815897, 73
346779068.094852, 79
346779154.665167, 78
346780264.593844, 8
346780771.16888, 8
346780802.095311, 8
346780833.142143, 8
346780864.471668, 8
346780895.523493, 8
346780924.78567, 8
346781054.231806, 8
346787651.632252, 81
346787754.868683, 85
346788066.458618, 69
346788194.936274, 83
346788300.100509, 84
346788340.076718, 73
346788450.33636, 79
346788538.534308, 78
346790372.449349, 190
346790427.732584, 32
346790714.351225, 16
346791130.709792, 16
346791354.608905, 89
346791690.352295, 79
346791962.386593, 85
346792338.268205, 222
346792418.429243, 76
346792658.183569, 76
346792754.649243, 32
346792923.538937, 71
346793028.018217, 69
346793154.461816, 84
346793187.93276, 32
346793410.072187, 68
346793498.409124, 73
346793626.145231, 70
346793826.261804, 70
346794002.449357, 69
346794082.480561, 82
346794194.237726, 69
346794274.912827, 78
346794387.669265, 84
346794514.242143, 32
346794802.460953, 65
346795002.167219, 78
346795139.920474, 83
346795394.627837, 87
346795466.406851, 69
346795594.191508, 82
346795784.64853, 83
346795842.358928, 32
346796026.080981, 70
346796298.401301, 82
346796386.425583, 79
346796418.421197, 77
346796514.215233, 32
346796626.447899, 68
346796770.654263, 73
346796844.398534, 70
346797002.185806, 70
346797138.365802, 69
346797218.800932, 82
346797363.490288, 78
346797506.138096, 84
346797635.854441, 32
346797786.293364, 80
346798203.172374, 8
346798355.203143, 8
346798489.891719, 8
346798639.291142, 8
346798795.201101, 69
346798946.339127, 78
346799036.475699, 84
346799179.898901, 32
346799346.224385, 80
346799468.060563, 69
346799554.518799, 79
346799778.528604, 80
346799826.585278, 76
346799955.585042, 69
346801002.530364, 190
346801043.024796, 32
346802408.16519, 8
346802638.714937, 8
346803530.874414, 190
346803650.569449, 32
346804210.656105, 16
346804713.135008, 16
346804743.937708, 16
346804785.86225, 16
346804805.678491, 16
346804836.980829, 16
346804868.239056, 16
346804899.44707, 16
346804930.698084, 16
346804961.926073, 16
346805008.419197, 16
346805039.838607, 16
346805071.797324, 16
346805103.916669, 16
346805954.513916, 16
346806090.16792, 83
346806378.21251, 79
346806466.44791, 32
346806649.91085, 84
346806758.413579, 72
346806830.75576, 69
346806986.21047, 32
346807104.244581, 83
346807239.623938, 84
346807340.690652, 65
346807434.488638, 84
346807492.781622, 69
346807604.058847, 77
346807738.044714, 69
346807845.551499, 78
346807932.435022, 84
346808058.356236, 32
346808858.845276, 73
346808955.714598, 83
346809058.629219, 32
346809210.090997, 84
346809450.269778, 82
346809506.348659, 85
346809642.341118, 69
346809714.320431, 32
346809810.126396, 73
346809906.784877, 78
346810018.053225, 32
346810114.083346, 65
346810202.329011, 32
346810354.084301, 83
346810426.417049, 85
346810571.343878, 66
346810770.032838, 83
346810826.563084, 69
346810914.782949, 84
346811018.273221, 32
346811114.604622, 79
346811220.292907, 70
346811331.861425, 32
346811394.32295, 80
346811570.206726, 69
346811658.716496, 79
346811827.423647, 80
346811938.418734, 76
346812017.99136, 69
346813170.621638, 190
346813418.326319, 32
346814184.519917, 8
new stimulus
346831569.17111, 13
346831718.754464, 13
346831878.555819, 13
346832054.697597, 13
346832474.258721, 16
346832626.931168, 84
346832849.944474, 72
346832954.122197, 73
346833052.746767, 83
346833195.677823, 32
346833298.280345, 73
346833433.855838, 83
346833490.285935, 32
346833641.976308, 65
346833706.170333, 32
346833897.903495, 67
346834073.785884, 65
346834154.268176, 83
346834233.779214, 69
346834307.511834, 32
346834521.859591, 66
346834643.677736, 89
346834657.861205, 32
346835050.036078, 67
346835169.994387, 65
346835306.203235, 83
346835369.863222, 69
346835465.770446, 32
346835753.982875, 66
346835921.877457, 65
346835994.174696, 83
346836097.855834, 73
346836209.847143, 83
346838666.266254, 32
346838804.118826, 81
346838923.645744, 85
346839074.112132, 69
346839138.101974, 83
346839211.631243, 84
346839274.16462, 73
346839363.200382, 79
346839410.288299, 78
346839810.087834, 190
346839850.384465, 32
346840218.252747, 16
346840321.997692, 73
346840435.199947, 84
346840531.632608, 32
346840634.247891, 83
346841111.713332, 8
346841370.522931, 87
346841450.354669, 79
346841601.724343, 85
346842154.306738, 76
346842273.810075, 68
346842362.270187, 32
346842762.202052, 66
346842953.778194, 69
346843018.11731, 32
346843137.918875, 65
346843314.22239, 66
346843521.932831, 83
346843609.855299, 85
346843849.787453, 82
346844073.722631, 68
346844162.201608, 32
346844392.806285, 70
346844531.378212, 79
346844641.906675, 82
346844730.332942, 32
346844843.08189, 65
346844985.807654, 32
346845105.759859, 67
346845249.696847, 73
346845401.852179, 84
346845537.611048, 89
346845642.074793, 32
346845785.765152, 84
346845866.499899, 79
346845937.758747, 32
346846185.805212, 76
346846258.149335, 69
346846529.767223, 86
346846705.828272, 69
346846802.137202, 76
346846874.107915, 32
346846985.753834, 73
346847099.149729, 84
346847203.895612, 83
346847298.313081, 69
346847419.288418, 76
346847522.030483, 70
346847635.662465, 32
346847747.505908, 79
346847843.723289, 70
346847956.144879, 32
346848059.622944, 65
346848114.110811, 76
346848274.026464, 76
346848347.369028, 32
346848474.159127, 79
346848666.151124, 76
346848794.142182, 68
346848899.698414, 32
346849167.802477, 8
346849730.871695, 69
346849818.323656, 82
346849890.341253, 32
346850153.944147, 66
346850249.992024, 85
346850353.898151, 73
346850441.803419, 76
346850634.34915, 68
346850722.498827, 73
346850785.849211, 78
346850851.471958, 71
346851001.751364, 83
346851241.69073, 190
346851330.194397, 32
346851531.334379, 16
346851569.424396, 73
346851682.109537, 84
346851785.899702, 32
346851874.069076, 87
346851969.237525, 79
346852095.672247, 85
346852171.765726, 76
346852321.716386, 68
346852411.77417, 32
346852537.913993, 65
346852610.390446, 76
346852761.760674, 83
346852969.513282, 79
346853107.189414, 32
346853243.482598, 66
346853401.647164, 85
346853695.561999, 8
346853762.286943, 69
346853867.203163, 32
346854066.123215, 65
346854195.551319, 66
346854655.214046, 8
346855226.397574, 66
346855433.616978, 83
346855521.965012, 85
346855617.469973, 82
346855809.852858, 68
346855906.284686, 32
346856042.973473, 70
346856139.236906, 79
346856241.496812, 82
346856339.275523, 32
346856401.974799, 65
346856569.617482, 32
346856665.562435, 67
346857041.569164, 73
346857169.512228, 84
346857353.566632, 89
346857467.2, 32
346857570.122112, 84
346857665.60599, 79
346857817.580443, 32
346858081.793387, 78
346858203.148793, 69
346858409.729571, 86
346858621.377182, 69
346858681.92422, 82
346858795.274895, 32
346858945.837271, 68
346859105.985126, 69
346859235.273963, 77
346859379.294732, 79
346859635.287668, 76
346859754.519964, 73
346859866.944051, 83
346859969.972415, 72
346860041.859902, 32
346860227.569959, 79
346860441.756535, 76
346860522.293479, 68
346860619.528998, 32
346860753.65413, 66
346860817.962175, 85
346860867.458114, 73
346861001.634291, 76
346861161.584344, 68
346861218.009725, 73
346861305.671972, 78
346861347.344615, 71
346861433.644443, 83
346861587.40355, 190
