new stimulus
127155379.939178, 73
127155594.128469, 70
127156264.099018, 16
127156464.360459, 57
127159789.997525, 79
127167245.638131, 8
127167915.712158, 16
127168416.530823, 16
127168446.506011, 16
127168478.212019, 16
127168526.709958, 16
127168537.505465, 16
127168572.944709, 16
127168602.170031, 16
127168633.436329, 16
127168664.505937, 16
127168711.15543, 16
127168742.161509, 16
127168773.345968, 16
127168804.930744, 16
127168838.613922, 16
127168867.402586, 16
127168898.362891, 16
127168929.244963, 16
127168976.605205, 16
127169009.02224, 16
127169011.725139, 49
127169802.435355, 79
127170195.900126, 8
127171067.10031, 79
127171235.081761, 78
127171666.010106, 16
127171930.314971, 79
127172130.16472, 70
127172426.698806, 70
127172770.568998, 16
127173131.73658, 83
127173506.462766, 87
127173817.688162, 73
127174147.192735, 84
127174517.822267, 67
127174626.822369, 72
127175600.639785, 39
127176350.944114, 13
127177008.390278, 9
127180731.663674, 79
127180955.901935, 78
127181236.415594, 16
127181361.838381, 79
127181555.485029, 70
127181893.274461, 70
127182227.502657, 83
127182528.198869, 8
127182659.99454, 16
127182802.783239, 83
127183233.665256, 87
127183496.896506, 8
127183842.268648, 87
127184009.936337, 73
127184274.732234, 84
127184537.772897, 67
127184627.431582, 72
127184842.422339, 32
127185034.73543, 61
127185195.079796, 32
127185426.507941, 84
127185667.882411, 82
127185781.515421, 73
127185954.078179, 69
127187719.90136, 8
127188127.220189, 8
127188700.410691, 85
127188707.23771, 73
127189392.418621, 8
127189682.172572, 69
127189970.545806, 59
127190626.249497, 13
127191258.623588, 69
127191643.118273, 76
127192090.102001, 83
127192513.542515, 69
127193226.816599, 13
127193613.691544, 9
127194604.064252, 79
127194870.883648, 8
127195234.640663, 79
127195417.509837, 78
127195745.794596, 16
127195905.629897, 79
127196241.566444, 70
127196441.506909, 70
127196866.175282, 83
127197288.229252, 8
127197401.543784, 16
127197538.068349, 83
127197826.246834, 87
127198068.051582, 73
127198283.20019, 84
127198561.455653, 67
127198628.370925, 72
127198819.372931, 32
127199067.922027, 173
127199393.372112, 32
127199567.196575, 8
127199734.118837, 8
127200021.341612, 8
127200130.089539, 61
127200558.944451, 8
new stimulus
127228357.972262, 16
127228867.303548, 16
127228897.365568, 16
127228928.01322, 16
127228958.026969, 16
127228988.77699, 16
127229850.3607, 16
127230373.688637, 16
127230393.011467, 16
127230426.264367, 16
127230465.387466, 16
127230486.288813, 16
127230525.571151, 16
127230546.513556, 16
127230580.381496, 16
127230614.886113, 16
127230657.381247, 16
127230689.358017, 16
127230721.310929, 16
127230751.110788, 16
127230783.229319, 16
127230813.447804, 16
127230844.844767, 16
127230880.963966, 16
127230926.639993, 16
127230955.580128, 16
127230985.745626, 16
127231015.963833, 16
127231047.381602, 16
127231079.82527, 16
127231110.151116, 16
127231143.635384, 16
127231172.941435, 16
127231218.971727, 16
127231250.440819, 16
127231281.156717, 16
127231312.203854, 16
127231343.45212, 16
127231600.844798, 16
127232108.703817, 16
127232139.135083, 16
127232170.336465, 16
127232201.556434, 16
127232778.937915, 70
127232898.386749, 79
127233273.082975, 82
127233881.345418, 16
127234045.072084, 48
127234671.128498, 8
127234914.65935, 16
127235289.107285, 57
127235954.794753, 73
127236337.501747, 78
127236482.411042, 84
127236664.871299, 32
127236874.816625, 73
127236987.176833, 32
127237300.08894, 61
127237683.779109, 48
127238545.536207, 32
127238666.196255, 173
127238878.422525, 8
127239077.377596, 8
127239610.364174, 59
127240010.224854, 32
127240426.645542, 79
127240951.997254, 8
127241161.81358, 73
127241553.654337, 16
127241730.129821, 188
127243545.470736, 88
127244144.893481, 59
127244993.997194, 73
127245481.272235, 16
127245824.875549, 173
127246326.101744, 8
127246753.775125, 107
127247097.368175, 107
127248294.384916, 39
127248889.259367, 13
127249088.407245, 16
127249313.327403, 79
127249853.713871, 8
127250093.215204, 8
127250361.957949, 16
127250726.592166, 79
127251141.260949, 8
127251456.360232, 16
127251594.172301, 73
127252158.789152, 8
127252336.163753, 16
127252474.790048, 219
127253116.259618, 13
127260465.689576, 83
127261912.573432, 79
127262416.53332, 61
127262664.968951, 80
127262872.067952, 61
127263073.473193, 61
127263280.423775, 61
127264181.935378, 8
new stimulus
127279714.72804, 73
127280168.42976, 70
127280696.375623, 16
127280920.437168, 57
127289288.788808, 80
127289504.237861, 65
127289872.197507, 82
127290389.93849, 8
127290596.459071, 8
127290787.982626, 8
127291016.206852, 88
127293472.29993, 32
127293687.611661, 16
127293896.119676, 188
127296504.066693, 32
127296792.10952, 96
127297725.297449, 39
127298293.81149, 13
127299184.573361, 82
127299431.631604, 69
127299745.08246, 84
127299889.901871, 73
127300151.879184, 82
127300568.273517, 77
127301159.895779, 32
127302365.020384, 8
127302555.562706, 8
127302707.296801, 8
127303048.146726, 8
127303500.097651, 85
127304001.910033, 82
127304303.926763, 32
127304732.976701, 8
127304904.154302, 78
127305143.824029, 32
127305320.326422, 70
127305433.801303, 65
127305695.665984, 59
127305951.494847, 83
127306173.272119, 8
127306331.91951, 8
127306587.640457, 8
127307088.408354, 65
127307265.590149, 76
127307559.768665, 83
127307775.515112, 69
127307951.772267, 59
127308271.061418, 13
127308984.221482, 69
127309191.9788, 76
127309361.290755, 83
127309551.408903, 69
127310158.590797, 13
127310776.532965, 82
127311071.872482, 69
127311320.072584, 84
127311473.079479, 73
127311647.65131, 82
127311799.706656, 78
127312117.137651, 8
127312291.500584, 8
127312435.572349, 8
127312671.887795, 85
127312903.502089, 78
127313223.718931, 32
127313471.405807, 84
127314124.548638, 8
127314319.104112, 8
127314496.114461, 8
127314647.888226, 82
127315335.90381, 78
127315551.344819, 32
127315983.889966, 84
127316527.900366, 82
127316799.385682, 73
127316959.489803, 69
127317524.501976, 8
127317707.530943, 8
127317951.99337, 73
127318263.590508, 69
127318540.12708, 8
127318699.642794, 8
127318968.008249, 79
127319436.705331, 8
127319664.186073, 79
127319996.837416, 8
127320159.949043, 80
127320750.056593, 8
127320960.535675, 79
127321541.098881, 8
127321802.532729, 80
127322220.254515, 8
127322407.332144, 219
127322875.765123, 8
127323632.210135, 85
127323638.787476, 73
127324357.015719, 8
127324449.305174, 69
127324895.840315, 59
new stimulus
127349241.106482, 70
127349631.017785, 80
127349835.669113, 8
127349995.140718, 8
127350424.575159, 73
127350991.732618, 74
127350997.839733, 78
127351477.072379, 8
127351634.949653, 8
127351825.990776, 78
127351994.392795, 84
127352268.672003, 32
127352615.037307, 77
127352712.155528, 65
127352823.916787, 88
127353008.718743, 76
127353607.194377, 8
127354857.541984, 59
127355285.409005, 8
127355648.173968, 59
127356356.638983, 8
127356551.126212, 32
127356775.222712, 61
127356934.973401, 32
127357319.16986, 16
127357553.743943, 83
127357783.986674, 84
127358095.329141, 68
127358631.336263, 222
127358862.828215, 222
127359261.093454, 8
127359395.329863, 8
127359574.570388, 16
127359743.456781, 76
127359918.737419, 76
127360299.959385, 8
127360475.524933, 8
127360606.740242, 16
127360783.408809, 222
127361292.057643, 8
127361534.490191, 16
127361606.926668, 76
127361999.03985, 222
127362467.658145, 8
127362650.737603, 8
127362959.275357, 32
127363079.248237, 188
127363222.811214, 65
127363423.196106, 88
127363612.898957, 8
127363788.11773, 8
127363939.299482, 8
127364231.214809, 77
127364503.187551, 65
127364648.631156, 88
127365729.309768, 59
127366729.884027, 13
127367143.07028, 13
127367415.519351, 70
127367678.686518, 80
127367838.900497, 82
127368227.921006, 8
127368402.235114, 8
127368599.935971, 79
127368822.865921, 82
127369391.233762, 16
127369502.844383, 48
127369798.512642, 73
127370180.292222, 8
127370354.490646, 8
127370814.32112, 32
127371038.386827, 8
127371247.976501, 16
127371422.694809, 57
127371975.352933, 73
127372270.982631, 78
127372406.930995, 84
127372622.614468, 32
127372974.607229, 73
127373775.04988, 32
127373888.410185, 61
127374071.274088, 32
127374550.818276, 173
127375019.962836, 8
127375183.133276, 48
127375662.708258, 59
127376175.105863, 32
127376540.528229, 79
127376673.5279, 32
127376863.819712, 16
127377125.9288, 8
127377283.213783, 8
127377519.988082, 73
127377950.936402, 16
127378022.456839, 188
127379320.020151, 86
127379582.768691, 69
127379813.404249, 67
127380177.614846, 191
127380606.904474, 83
127380916.696165, 8
127381075.074459, 8
127381406.794505, 191
127381860.563638, 8
127382385.362454, 190
127382895.477172, 83
127383254.95721, 79
127383399.85846, 90
127383638.534469, 69
127383860.05818, 8
127384024.814628, 8
127384190.659947, 8
127384438.84063, 73
127384910.644811, 90
127385118.496174, 69
127385398.502433, 16
127385542.674901, 57
127385806.596649, 48
127386942.861272, 219
127387434.609149, 8
127387702.92439, 76
127388279.075515, 8
127388479.736995, 75
127388900.051544, 8
127389046.702479, 59
127390182.979863, 79
127390683.652051, 8
127390911.9104, 73
127391294.317503, 16
127392110.507322, 107
127392318.520976, 107
127392998.395405, 39
127393730.454957, 13
127394046.363195, 16
127394311.956951, 219
127394928.379137, 13
127395495.367092, 79
127395954.985618, 8
new stimulus
127416231.905029, 73
127416541.947785, 70
127417079.339508, 16
127417242.012812, 57
127426991.122572, 77
127427446.237468, 79
127427661.831612, 68
127427901.988488, 69
127428015.98131, 76
127428310.01862, 16
127428630.711792, 89
127429190.127024, 69
127429351.417114, 65
127429495.507189, 82
127429773.759601, 32
127430694.002299, 173
127431235.763658, 8
127431798.845546, 173
127432099.006615, 8
127432275.267931, 61
127432496.317809, 61
127439694.986861, 32
127444616.819173, 82
127444807.607566, 69
127445080.545728, 67
127445334.715622, 16
127445679.856119, 65
127445862.111917, 76
127446005.866592, 76
127446088.065464, 16
127446270.026643, 78
127446467.826816, 65
127446534.223868, 77
127446662.207516, 69
127447147.72649, 32
127447479.402427, 16
127447837.945341, 57
127448165.831448, 57
127448409.843346, 8
127448650.591957, 8
127448821.481875, 16
127448995.707763, 55
127449002.643253, 56
127449666.885088, 8
127449845.270606, 16
127449949.442774, 55
127450445.605507, 32
127453973.866796, 77
127454325.680066, 79
127454461.559075, 68
127454805.385713, 69
127455071.566488, 76
127456086.757153, 37
127456579.748147, 37
127456606.731919, 37
127456638.134985, 37
127456669.337477, 37
127456700.746924, 37
127456731.716383, 37
127456762.948282, 37
127456794.057283, 37
127456825.505569, 37
127456872.054636, 37
127456903.772296, 37
127457207.71293, 39
127457423.150609, 39
127457591.266054, 39
127458218.597211, 8
127458377.20604, 8
127458553.816627, 8
127458741.279314, 16
127459137.714695, 8
127459301.150348, 16
127459653.917941, 89
127460005.165552, 69
127460198.831064, 65
127460349.476842, 82
127460591.922983, 39
127460807.116811, 39
127460975.010597, 39
127461151.043597, 39
127461342.759958, 39
new stimulus
127476551.230244, 74
127477018.536345, 8
127477349.439945, 72
127477437.739551, 72
127478153.847199, 8
127478853.877826, 65
127479426.084599, 8
127479712.643786, 8
127480549.629256, 73
127481057.354005, 8
127481517.911596, 85
127482069.425641, 78
127482300.904831, 79
127482532.884209, 82
127482780.975007, 68
127482956.943923, 69
127483156.96595, 82
127483316.989897, 69
127483548.922113, 68
127483790.458319, 16
127484165.8775, 173
127484645.262172, 83
127484836.745501, 69
127485149.037298, 84
127485957.500982, 32
127486866.587805, 8
127487076.872415, 16
127487197.460611, 188
127487668.918574, 73
127487940.715709, 78
127488189.085869, 84
127488524.920325, 190
127488597.302427, 16
127488905.897885, 8
127489053.148601, 16
127489157.876996, 190
127489677.566575, 32
127490173.162261, 74
127490179.665254, 72
127490623.397624, 8
127490760.621564, 8
127490854.773059, 72
127491157.004511, 65
127491326.612473, 83
127491636.996455, 72
127491788.913369, 59
127492196.074623, 13
127492925.527818, 70
127493309.008535, 79
127493524.843202, 82
127493804.734609, 16
127494269.024048, 48
127494882.845148, 8
127496172.991371, 16
127496340.981144, 57
127496981.62428, 85
127496988.122834, 73
127497562.376132, 8
127497729.72673, 8
127497869.55453, 73
127497967.062248, 78
127498252.875454, 84
127498405.90593, 32
127498517.680783, 73
127501005.382217, 79
127501562.38279, 8
127501717.154351, 48
127502178.035691, 8
127502294.492555, 173
127502746.3941, 8
127503000.908549, 8
127503853.359329, 73
127504821.097649, 48
127505258.233258, 8
127506861.150103, 59
127508212.923425, 188
127508781.431085, 8
127508786.427135, 220
127508860.937877, 190
127509020.630031, 190
127509188.888346, 190
127509348.554421, 190
127509492.715238, 190
127510050.146921, 39
127510410.851489, 13
127510564.973611, 16
127510749.077857, 80
127511330.137644, 8
127511500.536806, 16
127511588.946271, 79
127511961.98325, 8
127512156.472143, 16
127512252.273176, 219
127512819.091905, 13
127513653.509302, 79
127514177.528013, 8
127514412.871659, 73
127514692.373291, 70
127515172.733925, 16
127515820.725629, 16
127515996.531145, 48
127516466.192815, 8
127516599.21579, 16
127516709.068125, 57
127517221.059864, 72
127517396.22787, 65
127517527.725869, 83
127517639.432477, 72
127520916.830436, 190
127523397.015187, 70
127523730.102911, 8
new stimulus
127554061.630428, 73
127554780.126381, 77
127555131.955741, 84
127555355.678834, 32
127555864.8445, 8
127556048.56119, 8
127556199.506304, 8
127556404.364032, 78
127556740.75083, 84
127556940.001353, 32
127557044.102225, 82
127557227.828625, 85
127557443.742357, 78
127557595.940574, 78
127557787.925201, 73
127557931.671275, 78
127558013.873754, 71
127558147.847168, 32
127558515.760484, 16
127558800.560554, 8
127558963.750968, 16
127559092.027293, 84
127559149.355221, 79
127559372.439139, 84
127559517.609486, 65
127559643.983268, 76
127560324.155645, 61
127560964.014239, 48
127561676.037715, 59
127562046.531034, 13
127562436.47757, 70
127562573.146393, 79
127562723.722538, 82
127562963.526813, 16
127563252.236556, 57
127563259.32324, 48
127563663.923356, 8
127563819.795441, 16
127564131.819251, 57
127564719.681644, 8
127565411.977535, 16
127565884.43504, 73
127566123.586824, 78
127566229.187981, 84
127566467.892842, 32
127566691.754368, 73
127567321.070462, 8
127567839.591549, 8
127568004.101926, 173
127568288.422891, 8
127568780.491465, 32
127568947.773818, 88
127569267.595892, 32
127569899.854021, 61
127570475.921088, 32
127571187.926255, 96
127572173.400842, 221
127572673.569236, 8
127573132.313612, 76
127573616.937631, 8
127573859.905322, 222
127574288.794079, 8
127574451.912919, 222
127574785.444237, 8
127575012.693888, 76
127575433.280031, 8
127575828.850417, 222
127576371.680119, 76
127576848.970828, 8
127577372.202778, 190
127577579.508179, 191
127577771.607657, 191
127577907.564344, 191
127578051.537348, 191
127578211.356282, 191
127578699.793433, 16
127578875.985394, 173
127579489.388977, 8
127579663.476156, 8
127579855.491576, 8
127580007.595748, 8
127580175.713689, 8
127580351.169101, 8
127580551.332057, 8
127580896.206231, 8
127581620.532434, 190
127581867.53769, 190
127582043.336825, 190
127582187.520112, 190
127582307.574553, 190
127582539.404957, 16
127582819.50748, 48
127583655.112232, 13
127583907.273054, 16
127584019.377758, 219
127584473.795222, 13
127585989.327945, 73
127586179.481602, 70
127586568.562589, 8
127586766.968369, 8
127590956.443181, 85
127590964.332439, 73
127591147.627452, 70
127591536.634922, 8
127591694.876448, 8
127591854.910382, 8
127592500.109858, 73
new stimulus
127603844.667495, 221
127603851.31114, 220
127604416.625978, 8
127604902.99885, 8
127605099.828332, 73
127605235.185238, 70
127605652.405449, 16
127605968.801114, 8
127606134.584292, 8
127606260.875403, 70
127606363.51788, 79
127606547.338047, 82
127606731.268628, 16
127606850.961591, 56
127606872.954307, 57
127607359.299715, 8
127607534.86332, 8
127607803.075362, 16
127608027.544159, 56
127608527.74085, 8
127608666.848746, 16
127608771.136321, 57
127608777.052572, 48
127609547.952809, 73
127609868.021787, 78
127609972.426988, 84
127610122.981772, 32
127610298.95901, 88
127610947.342708, 173
127611495.978248, 8
127612590.780847, 8
127612782.899467, 8
127612950.873427, 8
127613110.582503, 8
127613295.151704, 8
127613550.828541, 8
127614403.637192, 73
127614699.151207, 78
127614819.347686, 84
127614994.930156, 32
127615226.982773, 88
127615811.165195, 173
127615818.494066, 48
127616336.605405, 8
127616526.564591, 8
127616905.79413, 61
127617388.341385, 32
127617603.695284, 48
127618107.732017, 32
127618290.916893, 76
127618680.097474, 8
127619211.17152, 188
127619436.001795, 188
127619594.984863, 188
127619754.593236, 188
127619938.751301, 188
127620306.851598, 16
127620450.820718, 57
127620878.689403, 8
127621034.783146, 16
127621195.521171, 48
127621617.542683, 8
127622139.016625, 16
127622227.435244, 48
127623050.199908, 13
127623298.573952, 16
127623442.741149, 219
127624025.700706, 13
127625859.404579, 73
127626234.803231, 70
127626514.844167, 16
127626634.765724, 56
127627184.120335, 8
127627308.158799, 16
127627370.909725, 48
127627976.182972, 8
127628122.719888, 16
127628218.934553, 56
127628727.45716, 8
127628868.300871, 16
127629122.552881, 57
127630067.513388, 86
127630818.846666, 69
127631082.767304, 67
127631210.724597, 80
127631823.999181, 8
127632330.908038, 219
127634323.45738, 85
127634905.755291, 8
127635034.865817, 73
127637039.958686, 39
127637707.361994, 38
127637982.989462, 38
127638180.389042, 38
127638696.126501, 40
127639231.532732, 38
127639524.29946, 39
127641311.275331, 8
127641483.054378, 49
127642153.10205, 40
127642359.578521, 40
127642822.378218, 37
127644803.24542, 32
127645754.812675, 16
127646250.707142, 77
127646864.453339, 8
127647018.208435, 16
127647530.781091, 16
127647561.784673, 16
127647673.768978, 16
127647698.563354, 77
127648066.006445, 8
127648282.338247, 16
127648323.538941, 190
127648792.171107, 8
127649611.230555, 191
127650119.697679, 8
127650330.22087, 16
127650418.607586, 77
127651000.574258, 8
127651211.635088, 16
127651331.085309, 188
127652434.762284, 32
127652642.575086, 86
127652890.399561, 69
127653130.379166, 67
127653410.419547, 80
127654011.038248, 8
127654210.421655, 219
127655123.077759, 73
new stimulus
127674219.680812, 70
127674607.31339, 8
127675098.745564, 70
127675338.073509, 80
127675522.886284, 82
127676266.194923, 32
127676513.962528, 73
127676922.764996, 8
127677090.816911, 88
127677313.866985, 32
127677511.021048, 8
127677785.938599, 32
127678064.591882, 8
127678322.444521, 173
127678817.41851, 8
127679076.345873, 61
127680554.142873, 78
127680977.974548, 32
127681457.999505, 88
127681930.070009, 16
127682410.356572, 16
127682922.498673, 16
127683106.652022, 188
127683647.662406, 8
127683793.993754, 16
127683898.099342, 190
127684682.427521, 173
127685103.370426, 8
127685338.273806, 57
127685791.765797, 8
127685931.00852, 173
127686554.186705, 57
127686647.798619, 8
127687082.533162, 57
127688495.656441, 8
127688710.014126, 8
127688922.436531, 96
127690441.139328, 13
127690689.952805, 16
127690914.273737, 73
127691630.964521, 8
127691905.854052, 16
127692002.323111, 80
127692534.704914, 8
127692793.911361, 16
127692833.987396, 73
127693271.23536, 8
127693513.942554, 16
127693674.734121, 80
127694311.075589, 8
127694541.395997, 8
127694562.350332, 73
127694966.536538, 8
127695157.593196, 8
127695489.517977, 16
127695642.197795, 79
127696038.593227, 8
127696281.734582, 16
127696354.034013, 80
127696814.672334, 8
127697370.430621, 75
127697673.745675, 74
127697919.307793, 8
127698101.567198, 8
127699495.287195, 13
127703666.635133, 67
127703825.664808, 79
127704081.887052, 85
127704193.710453, 84
127704433.628748, 16
127704649.668982, 188
127704833.46446, 188
127705361.736846, 78
127705793.768212, 16
127706138.157456, 188
127706313.551004, 188
127706617.677232, 69
127706745.401492, 78
127706923.162261, 68
127706994.601137, 76
127707832.800317, 13
127708930.404855, 78
127709857.930372, 106
127710538.302214, 109
127710729.407143, 109
127711119.104001, 8
127711298.002745, 8
127711461.624546, 8
127711633.835814, 109
127711833.250292, 109
127713536.290644, 13
127713945.877378, 73
127714233.700488, 70
127714577.357345, 16
127714873.844547, 57
127715618.234845, 78
127720233.726843, 32
