new stimulus
127817141.245414, 80
127818564.528075, 85
127819501.895608, 59
127819921.822879, 59
127820277.693688, 8
127820424.83843, 8
127820770.889418, 75
127821111.699672, 75
127821371.722842, 8
127821562.323145, 8
127821899.392395, 76
127822417.403585, 76
new stimulus
127853546.691937, 188
127854223.846544, 8
127854501.745246, 188
127854934.09398, 8
127855131.580947, 78
127855781.106504, 89
127856216.82977, 8
127856666.037571, 8
127857066.483606, 188
127857522.865755, 8
127857605.945989, 77
127858634.174543, 89
127859281.226627, 8
127859523.00502, 73
127859973.722815, 8
127860113.416344, 89
127860575.187369, 8
127860714.590439, 85
127861747.071558, 83
127862096.48931, 73
127862274.533602, 67
127871845.866503, 8
127872115.916727, 8
127872309.677949, 8
127872500.258832, 8
new stimulus
127894376.955253, 83
127894785.674218, 72
127895225.13932, 69
127895383.705149, 69
127895840.533389, 84
new stimulus
127921211.62205, 67
127921890.893646, 74
127922471.716517, 8
127923009.420892, 74
127923524.726131, 8
127923650.200796, 72
127924048.240771, 77
127924402.89343, 8
127924497.63361, 65
127924617.000605, 77
127925141.445988, 8
127925265.888375, 78
127925679.001111, 8
127925969.611457, 78
127926335.929333, 71
127926687.191093, 69
new stimulus
127967178.667098, 66
127967518.828468, 73
127967846.802239, 73
127968227.322334, 8
127968402.283107, 8
127968703.208746, 85
127969086.535772, 85
127969315.18445, 8
127969794.441509, 8
127970023.236942, 79
127970326.638273, 79
127970694.769364, 74
127970857.639913, 83
127971236.080194, 8
127971425.896786, 8
127971623.564353, 75
127972038.78215, 83
new stimulus
127995543.325173, 65
127995917.814721, 67
127996606.352132, 84
127997134.070511, 83
new stimulus
128038599.74039, 69
128039850.186204, 8
128040158.525881, 69
128040545.739556, 8
128040664.60997, 87
128041181.380262, 73
128041627.702621, 8
128041800.063972, 82
128042121.925081, 8
128042694.456435, 56
128043218.645759, 8
128043421.981841, 57
128043890.158484, 8
128044246.107248, 48
128044823.311735, 82
128045288.010091, 85
128045739.938823, 8
128045935.124317, 73
128046386.046016, 8
128046558.142431, 79
128047028.513186, 8
128047254.378236, 85
128047260.847661, 74
128047714.397078, 8
128047969.326824, 8
128048093.699024, 74
new stimulus
128057886.05517, 77
128058262.033629, 69
128058469.563463, 78
128070546.865324, 8
128070856.850932, 8
128071032.379305, 8
128071182.082133, 84
128071477.123702, 82
128071622.614746, 79
128071868.740304, 79
128072148.698014, 80
128072262.287746, 83
new stimulus
128107911.709548, 71
128108197.154618, 79
128108426.859432, 86
128108825.836531, 8
128108992.312702, 8
128109229.001278, 73
128109540.762093, 86
128109818.196117, 69
128110220.983019, 78
new stimulus
128139125.5676, 76
128139540.079364, 69
128139742.076341, 65
128140020.538482, 86
128140339.832349, 69
new stimulus
128167598.626551, 69
128168555.558268, 78
128168923.583661, 71
128169140.650904, 65
128169331.298922, 71
128169643.402351, 69
new stimulus
128207653.780063, 68
128208370.795983, 56
128209984.04005, 8
128210987.39655, 56
128211442.79913, 82
128211818.599485, 84
128213090.909292, 37
128213340.81497, 37
128213548.608907, 37
128214078.435675, 39
128214541.665926, 61
128214968.039042, 8
128215134.181479, 8
128215244.500156, 73
new stimulus
128239587.853515, 84
128239794.286709, 65
128240970.578541, 75
128241338.489361, 69
128241658.130558, 78
new stimulus
128278203.854301, 82
128278554.029686, 69
128278858.506572, 219
128279400.378067, 8
128279573.990303, 8
128280131.147618, 69
128280609.703083, 80
128281250.309322, 76
128281561.687021, 65
128281777.657346, 67
128282082.036304, 69
new stimulus
128309572.18014, 68
128309971.374458, 73
128310544.196825, 8
128310921.876144, 80
128311430.420945, 8
128311625.74182, 79
128312081.593819, 78
128312393.677551, 65
128312609.24645, 84
128312883.477942, 69
128313132.20209, 68
new stimulus
128347098.294479, 79
128349014.109283, 8
128349602.65718, 79
128350030.43931, 8
128350281.700182, 80
128350696.601443, 82
128351024.66926, 69
128351272.575297, 83
128351473.719764, 69
128351733.451643, 78
128351964.026445, 84
128352303.436285, 69
128352601.135533, 68
new stimulus
128378057.615057, 68
128378544.368271, 79
128378920.675194, 90
128379312.155583, 69
128379455.949651, 78
128379656.09402, 83
128380389.173644, 8
128380580.479702, 8
128380740.333591, 8
128380884.563485, 8
128381028.111482, 8
128381300.01154, 8
128381448.585548, 72
128381832.242426, 85
128382048.431358, 78
128382169.959452, 68
128382616.085953, 82
128382833.838699, 69
128383104.843246, 68
128383216.563725, 83
