new stimulus
187726148.576647, 16
187726640.993126, 16
187726673.383716, 16
187726700.972463, 16
187726732.891996, 16
187726760.069609, 16
187726792.817792, 16
187726836.970109, 16
187726856.175537, 16
187726888.202708, 16
187726934.106924, 16
187726964.391074, 16
187726994.712951, 16
187727025.88706, 16
187727057.085304, 16
187727088.64336, 16
187727119.632431, 16
187727152.865542, 16
187727197.904766, 16
187727228.669127, 16
187727260.026055, 16
187727291.346918, 16
187727322.173421, 16
187727353.232678, 16
187727384.288883, 16
187727415.476863, 16
187727447.176403, 16
187727493.722289, 16
187727525.498674, 16
187727555.928468, 16
187727587.35586, 16
187727619.277612, 16
187727649.993147, 16
187727680.819373, 16
187727711.891669, 16
187728190.712683, 16
187728465.865832, 84
187729415.72765, 72
187729615.084704, 69
187730232.277791, 89
187730233.037364, 32
187730701.958133, 87
187730702.290203, 79
187730702.935757, 85
187730895.629488, 76
187730992.266672, 68
187731048.449533, 32
187731334.57432, 76
187731534.758359, 73
187731687.095696, 86
187731930.496041, 69
187732055.774778, 32
187732263.838344, 73
187733912.101231, 78
187734181.659397, 32
187736767.049745, 65
187736918.433593, 32
187737160.786682, 83
187737606.529939, 80
187737758.103265, 65
187738071.696122, 67
187738392.640022, 69
187738607.258164, 32
187740958.820781, 84
187741049.618299, 72
187741167.542385, 65
187741270.831518, 84
187741391.986146, 32
187742301.982878, 73
187742410.811511, 83
187742495.842601, 32
187742937.459808, 67
187743015.273016, 79
187743180.932005, 77
187743438.325078, 80
187743698.105062, 76
187743788.141066, 69
187744000.436934, 84
187744204.353367, 69
187744392.483558, 76
187744600.914705, 89
187744789.966759, 32
187745009.926045, 73
187745736.829124, 69
187746135.752407, 8
187746307.929628, 8
187746562.211172, 69
187746750.843491, 78
187747071.596528, 67
187747230.637968, 76
187747407.595394, 79
187747527.514676, 83
187747750.419041, 69
187747990.193799, 68
187748189.631304, 32
187750409.760648, 65
187750561.934308, 78
187750664.115985, 68
187750783.692655, 32
187751384.918347, 65
187751537.361935, 83
187751639.801889, 32
187751855.230648, 76
187752054.352174, 79
187752222.315404, 78
187752303.449314, 71
187752430.308506, 32
187752559.702196, 65
187752735.697533, 83
187752766.552055, 32
187753005.942033, 84
187753166.088155, 72
187753231.33429, 69
187753598.913405, 89
187753829.999406, 32
187754095.348574, 87
187754191.172366, 69
187754382.312829, 82
187754479.136439, 69
187754561.740392, 32
187754671.527229, 73
187754823.467025, 78
187754998.490286, 32
187755086.728893, 84
187755141.757414, 72
187755287.871415, 69
187755486.001168, 32
187755668.17601, 83
187756163.585005, 8
187756331.544906, 8
187756482.442439, 8
187757032.750402, 73
187757135.503839, 83
187757190.485199, 32
187757525.805776, 83
187757688.244488, 80
187757773.987435, 65
187757989.810961, 67
187758230.417143, 69
187758359.014086, 32
187758702.083248, 84
187758708.522694, 73
187758925.636218, 32
187759103.349333, 87
187759603.620093, 8
187759746.289384, 8
187759906.687957, 8
187760065.501914, 8
187760503.545135, 73
187760605.987586, 84
187760775.403103, 32
187760878.207585, 87
187761013.792709, 79
187761133.9883, 85
187761373.793297, 76
187761686.472614, 68
187762021.7341, 78
187762167.813146, 222
187762343.208426, 84
187762513.407374, 32
187762758.828438, 77
187762798.232453, 65
187763023.16253, 84
187763231.271593, 84
187763381.854811, 69
187763549.80417, 32
187764018.917189, 8
187764087.112563, 82
187764407.009208, 32
187764575.11947, 87
187764733.488724, 72
187764789.812792, 65
187764877.754006, 84
187765061.731792, 32
187765117.752918, 84
187765357.50687, 69
187765366.040273, 72
187765638.093821, 89
187765853.503993, 32
187766292.892696, 8
187766457.740235, 8
187766619.33698, 8
187766769.846126, 8
187767246.3715, 72
187767413.612331, 69
187767493.998598, 89
187767623.181727, 32
187767901.480528, 87
187768037.710651, 79
187768223.177621, 69
187768341.92037, 82
187768938.323136, 8
187769098.979709, 8
187769274.104228, 8
187769366.591782, 82
187769461.680692, 69
187769858.250075, 8
187770033.174298, 8
187770177.240392, 8
187770967.196888, 87
187771175.224112, 79
187771357.654179, 82
187771477.818145, 69
187771767.606247, 190
187771957.346577, 32
187772277.969505, 16
187772405.724759, 73
187772581.794999, 70
187772637.796983, 32
187772917.346389, 84
187772983.943275, 72
187773022.517808, 69
187773245.418011, 89
187773469.662864, 32
187773749.288836, 87
187773885.238211, 65
187773973.682108, 78
187774119.722869, 84
187774453.416385, 69
187775069.564713, 68
187775277.065119, 32
187775349.545782, 84
187775477.123488, 79
187775582.734617, 32
187775901.700799, 71
187775997.266314, 79
187776110.734222, 32
187776341.16163, 79
187776453.467707, 85
187776590.562821, 84
187776885.183282, 83
187777045.104417, 79
187777490.269812, 8
187777680.826586, 8
187778133.779681, 83
187778257.026325, 73
187778407.942723, 68
new stimulus
187788838.044274, 16
187789006.884703, 73
187789647.274443, 84
187789806.417418, 32
187789950.685474, 73
187790037.337245, 83
187790141.304667, 32
187790398.827572, 77
187790622.543664, 79
187790782.691728, 82
187790855.579641, 69
187791015.148732, 32
187791245.70403, 73
187791445.009207, 77
187791957.55048, 80
187792261.812909, 79
187792406.977582, 82
187792709.471189, 84
187792837.011999, 65
187792989.743271, 78
187793086.582693, 84
187793325.007254, 84
187793331.059146, 32
187793518.2303, 79
187794265.713696, 8
187794416.869228, 8
187794585.052451, 8
187794745.981449, 8
187794901.276071, 32
187795070.481582, 84
187795141.198138, 79
187795450.776467, 8
187795610.320868, 8
187795746.351248, 8
187796213.905729, 84
187796293.344611, 32
187796469.031181, 84
187796893.195138, 79
187797116.928984, 32
187797462.402813, 66
187797652.980948, 69
187797709.320551, 32
187797870.176033, 65
187797998.520802, 66
187798053.199221, 76
187798244.889806, 32
187798343.250039, 69
187798610.633519, 8
187798777.499834, 8
187798938.535639, 8
187799013.435393, 69
187800458.101434, 8
187801437.986072, 76
187801525.512545, 69
187801678.616945, 32
187801790.025849, 84
187801861.225114, 79
187801997.284347, 32
187802229.108836, 87
187802334.550462, 79
187802422.596262, 82
187802534.880146, 75
187802708.918294, 32
187803037.350561, 87
187803111.265479, 73
187803268.82578, 84
187803341.16912, 72
187803484.841835, 32
187803557.193775, 84
187803748.804463, 65
187804193.644168, 8
187804352.964136, 8
187804501.55299, 65
187804605.344529, 32
187804863.291052, 71
187805052.856331, 82
187805157.340308, 79
187805317.03063, 85
187805478.455931, 80
187805630.343294, 32
187805973.143638, 79
187806094.652807, 70
187806189.232931, 32
187806965.448317, 80
187807173.27469, 69
187807205.271623, 79
187807372.75908, 80
187807581.05013, 76
187807702.650015, 69
187807749.157062, 32
187807861.050063, 79
187808012.900252, 78
187808189.632969, 32
187808228.712959, 65
187808438.194414, 32
187808784.905808, 84
187808927.116525, 69
187809006.809522, 65
187809182.688898, 77
187809549.446299, 190
187809797.400474, 32
187810101.240395, 16
187810365.501803, 84
187810709.377144, 72
187810844.890694, 73
187810958.501749, 83
187811078.520347, 32
187811181.304856, 73
187811412.929881, 83
187811661.187552, 32
187812036.971052, 66
187812293.299669, 69
187812701.176089, 67
187812912.77952, 65
187813070.133144, 83
187813214.180096, 85
187813366.708297, 69
187813512.493556, 32
187813726.169583, 73
187813821.604435, 83
187814202.506867, 8
187814343.685586, 84
187814485.265453, 32
187814854.607288, 73
187814949.448463, 83
187815044.373973, 32
187815813.271883, 77
187816021.15263, 85
187816109.73912, 67
187816269.006102, 72
187816412.681036, 32
187816645.110853, 69
187816820.823501, 65
187816933.061333, 83
187817117.779828, 73
187817214.321858, 69
187817372.92997, 82
187817452.860715, 32
187818325.271912, 84
187818812.801658, 79
187819020.689063, 32
187819383.026905, 87
187819446.398798, 79
187819637.180559, 75
187819643.570624, 82
187819781.014454, 32
187819910.842859, 65
187820020.96676, 76
187820197.769386, 79
187820489.2908, 8
187820640.325101, 8
187820802.286097, 8
187820944.678246, 8
187821104.24595, 8
187821257.052125, 8
187821454.008674, 82
187821564.230781, 75
187821724.921199, 32
187821828.842847, 65
187822044.380077, 76
187822245.441315, 79
187822365.843306, 78
187822492.989348, 69
187822756.471487, 32
187823381.106612, 65
187823527.463631, 78
187823621.917252, 68
187823750.461486, 32
187824125.028504, 65
187824444.344789, 78
187824756.338604, 89
187825012.341531, 84
187825092.681469, 72
187825212.194887, 73
187825374.289877, 78
187825439.438914, 71
187825613.450429, 32
187825956.835017, 66
187826103.455584, 73
187826301.48297, 71
187826341.056488, 32
187826837.410095, 84
187826921.29822, 79
187827068.494431, 32
187827180.685379, 66
187827444.780891, 69
187827540.538936, 32
187827996.492593, 69
187828297.035668, 8
187828366.081608, 65
187828676.270814, 67
187828860.201994, 67
187828932.724269, 79
187829044.676915, 77
187829308.345757, 80
187829531.981952, 76
187829716.195822, 73
187829796.478889, 83
187830485.152821, 72
187830589.728068, 69
187830780.367513, 68
187830868.685739, 32
187831220.045563, 82
187831300.458462, 69
187831668.805473, 81
187831932.185799, 85
187832092.437063, 73
187832196.718523, 82
187832244.399329, 69
187832700.652877, 83
187833052.70708, 32
187833284.157609, 65
187833621.683388, 32
187833980.053031, 84
187834220.304117, 69
187834342.437756, 65
187834404.663632, 77
187834780.317023, 190
187835724.414632, 32
187835820.652056, 16
187836420.833543, 73
187836868.45132, 84
187836948.529097, 32
187837180.122774, 73
187837372.190648, 83
187837420.584976, 32
187837803.996939, 77
187838116.103663, 85
187838268.707322, 67
187838349.341601, 72
187838508.168319, 32
187839892.504642, 77
187840091.908857, 79
187840196.567607, 82
187840268.197981, 69
187840357.604799, 32
187840654.335862, 68
187840724.508122, 73
187840907.923303, 70
187841068.156535, 70
187841339.832239, 67
187841611.879407, 73
187842304.973731, 8
187842495.528008, 8
187842812.609407, 73
187842876.282576, 67
new stimulus
187864458.453478, 16
187865484.166875, 16
187866637.55979, 16
187867144.985183, 16
187867173.907483, 16
187867204.985882, 16
187867236.024887, 84
187867691.84261, 72
187867867.599089, 69
187868259.7417, 82
187868380.13204, 69
187868595.37798, 32
187869603.60428, 73
187869787.50217, 83
187869955.414355, 32
187870499.989458, 65
187870667.634765, 32
187871123.444998, 66
187873065.760746, 73
187873131.538137, 71
187873267.480299, 32
187873534.828546, 68
187873647.6939, 73
187873789.122296, 70
187873980.965184, 70
187874203.9414, 69
187874484.601867, 82
187874491.702125, 69
187874677.38576, 78
187874899.99717, 67
187875147.822622, 69
187875244.090007, 32
187877180.044542, 66
187877387.391536, 69
187877625.629671, 84
187877957.23339, 87
187878157.034315, 69
187878693.005272, 69
187878860.016678, 78
187878997.770939, 32
187879099.909062, 84
187879219.770918, 72
187879516.048124, 69
187879739.899041, 83
187879906.419693, 69
187879964.209642, 32
187880276.412075, 84
187880427.426124, 87
187880531.692881, 79
187880627.229268, 32
187880797.322519, 65
187880979.316206, 80
187881147.370152, 80
187881371.473243, 79
187881668.571331, 82
187881904.145691, 8
187882062.828706, 8
187882171.846538, 82
187882307.379229, 79
187882467.316455, 65
187882715.486184, 67
187882804.780925, 72
187882955.263162, 69
187883187.390038, 83
187883987.707294, 190
187884163.211045, 32
187884379.254009, 16
187884484.558313, 84
187884667.150115, 72
187884795.16004, 79
187884916.238378, 83
187885272.413638, 8
187885860.084923, 83
187886043.333653, 69
187886100.35848, 32
187886395.882216, 87
187886467.619119, 72
187886587.618575, 79
187886724.890683, 32
187887204.055974, 68
187887363.88029, 79
187887498.950802, 78
187887595.553586, 84
187887740.814801, 32
187887971.09379, 76
187888179.645614, 73
187888347.519237, 75
187888501.877293, 69
187888646.861089, 32
187889219.324551, 67
187889341.205185, 72
187889429.692636, 65
187889574.498607, 78
187889643.560637, 71
187889851.312107, 69
187889955.681232, 32
187891027.56267, 79
187891100.087442, 70
187891460.810706, 84
187891643.647192, 69
187891739.701519, 78
187891955.748922, 32
187892387.334665, 66
187892627.693944, 69
187892899.215681, 67
187893084.522859, 77
187893090.400254, 79
187893211.129599, 69
187893315.231569, 32
187893750.263409, 71
187894424.170892, 8
187894582.464966, 8
187894735.155457, 8
187894878.293585, 8
187895030.596245, 8
187895572.783049, 79
187895706.912555, 77
187895787.223364, 69
187895917.378847, 32
187896987.387985, 86
187897210.98978, 69
187897331.216997, 82
187897404.68749, 89
187897564.184729, 32
187897890.997148, 69
187898396.144655, 88
187898570.989536, 80
187898755.010877, 69
187898949.056193, 82
187899194.878959, 73
187899258.969089, 69
187899507.011483, 78
187899628.724001, 67
187899866.837575, 69
187900010.851514, 32
187900124.308048, 68
187900432.427431, 8
187900606.446991, 8
187900731.447199, 68
187900930.723802, 32
187901131.129777, 87
187901219.14839, 73
187901338.719789, 84
187901435.092316, 72
187901586.918648, 32
187901922.877843, 67
187902162.938065, 69
187902266.972622, 82
187903683.570813, 84
187903842.964575, 65
187904028.456791, 78
187904415.575624, 8
187904872.901395, 73
187905043.320892, 78
187905451.103544, 32
187907827.381682, 70
187907994.826971, 69
187908130.954725, 87
187908188.307184, 32
187908410.91471, 84
187908531.036231, 72
187908619.150277, 73
187908730.643517, 78
187908787.270248, 71
187908954.689182, 83
187910155.515169, 188
187910298.651078, 32
187910354.866397, 87
new stimulus
187921675.584479, 16
187921835.270918, 73
187922042.59877, 32
187922322.516033, 84
187922394.86076, 72
187922514.372514, 73
187922666.604987, 78
187922786.376682, 75
187922946.248437, 32
187923130.486997, 83
187923754.707658, 84
187923868.099275, 85
187924010.336625, 68
187924186.458188, 69
187924308.265583, 78
187924338.516996, 84
187924594.487188, 83
187924658.854182, 32
187924914.355259, 83
187924994.773984, 72
187925098.482851, 79
187925194.644817, 85
187925355.214558, 76
187925386.875814, 68
187925515.716608, 32
187925818.716782, 66
187926018.494958, 69
187926074.567961, 32
187926298.23495, 82
187926378.561849, 69
187927074.699735, 81
187927354.312392, 85
187927386.699376, 73
187927642.559432, 82
187927674.864578, 69
187927946.366895, 68
187928098.379652, 32
187928186.567768, 84
187928282.303619, 79
187928443.640977, 32
187928709.669266, 65
187928962.529593, 84
187929146.465767, 84
187929306.314496, 69
187929412.148669, 78
187929564.131465, 68
187929682.628421, 32
187930034.362483, 67
187930234.413639, 65
187930240.564014, 76
187930506.613664, 83
187930863.18702, 8
187931205.978486, 8
187931349.901987, 8
187931618.835129, 76
187931748.279309, 65
187932066.524202, 83
187932277.716776, 83
187932509.400059, 69
187932722.249655, 83
187933282.518341, 190
187933506.366484, 32
187933562.543242, 16
187933738.375457, 78
187933868.099553, 79
187934002.359447, 84
187934138.783207, 32
187934298.283221, 79
187934371.973152, 78
187934593.995324, 76
187934764.190111, 89
187934914.245956, 32
187934995.28055, 73
187935162.207343, 83
187935226.605963, 32
187935618.308588, 73
187935745.381115, 84
187935850.32949, 32
187936146.59005, 71
187936258.265, 79
187936410.258615, 79
187936506.114033, 68
187936610.481216, 32
187936810.107644, 84
187936906.451041, 79
187937058.181663, 32
187937617.979292, 71
187937925.466992, 69
187938076.71768, 84
187938212.128862, 32
187938571.789334, 83
187938725.059908, 84
187938834.96548, 85
187938946.558591, 68
187939138.621472, 69
187939260.279338, 78
187939331.265268, 84
187939554.869005, 83
187939618.934722, 32
187939930.52628, 79
187940034.627973, 85
187940122.549212, 84
187940258.482774, 32
187940379.96004, 65
187940499.278156, 78
187940627.031746, 68
187940752.748527, 32
187940955.601613, 65
187941066.647376, 66
187941195.791389, 79
187941266.443862, 85
187941363.322123, 84
187941467.983092, 32
187941587.895994, 84
187941658.673582, 79
187941787.336274, 32
187942386.517389, 66
187942612.831231, 69
187942668.600183, 32
187942987.961964, 83
187943100.954098, 79
187943234.826993, 67
187943370.76749, 73
187943410.838698, 65
187943578.762257, 76
187943732.387649, 32
187943930.42419, 65
187944009.438065, 78
187944138.407305, 68
187944291.604917, 32
187944586.793532, 65
187944810.218056, 67
187945018.296049, 84
187945140.037418, 73
187945298.061841, 86
187945498.296648, 69
187945570.456059, 32
187945731.102922, 82
187945834.673081, 65
187945985.929871, 84
187946091.650581, 72
187946186.241524, 69
187946218.283121, 82
187946331.240023, 32
187946489.954664, 84
187946914.499517, 72
187947033.996845, 65
187947122.477361, 78
187947314.692545, 32
187947529.982317, 76
187947644.074971, 65
187947803.752256, 89
187947954.00479, 73
187948137.964267, 78
187948242.627178, 71
187948409.884654, 32
187948466.294167, 65
187948569.934235, 82
187948602.220515, 79
187948672.413582, 85
187948905.952797, 78
187948970.172482, 68
187949186.009324, 32
187949498.037539, 65
187949650.798217, 84
187949755.738824, 32
187949962.243019, 72
187950082.248856, 79
187950234.819502, 77
187950338.524486, 69
187952586.295565, 188
187952753.909524, 32
187952850.174968, 66
187952964.318945, 85
187953099.546753, 84
187953194.369618, 32
187953482.054608, 73
187953641.964369, 84
187953747.294195, 32
187953921.932122, 73
187954106.87061, 83
187954219.713215, 32
187954427.786214, 65
187954522.601034, 76
187954714.188696, 83
187954786.376682, 79
187954946.28783, 32
187955274.313124, 71
187955393.883691, 79
187955537.986682, 79
187955666.026291, 68
187955722.315958, 32
187956049.686544, 70
187956145.722284, 79
187956281.872233, 82
187956346.643148, 32
187956507.663972, 84
187956554.274219, 72
187956713.908503, 69
187956803.877094, 32
187957034.112806, 76
187957138.016144, 69
187957281.924942, 65
187957370.333884, 82
187957553.666394, 78
187957665.839866, 73
187957827.773675, 78
187957866.089376, 71
187958066.344435, 32
187958474.463596, 69
187958834.954938, 88
187959001.846222, 80
187959193.682729, 69
187959330.024096, 82
187959481.676208, 73
187959625.834683, 69
187959793.632572, 78
187959985.718478, 67
187960201.761443, 69
187961274.275673, 190
187961601.802723, 32
187961746.092971, 16
187962723.521621, 16
187962818.351976, 71
187963041.946281, 79
187963353.720103, 78
187963808.234234, 8
187964106.615107, 73
187964305.896148, 78
187964385.917887, 71
187964545.67701, 32
187964737.7754, 84
187964778.237214, 79
187964923.020436, 32
187965434.138828, 71
187965727.26511, 8
187965882.322816, 67
187966009.849478, 76
187966131.315647, 65
187966353.877954, 83
187966530.005897, 83
187966610.159687, 32
187966713.76591, 73
187966817.635958, 83
187966945.573477, 32
187967137.629145, 65
187967307.05992, 32
187967505.893763, 71
187967673.635612, 85
187967809.802483, 82
187968106.00534, 65
187968273.935835, 78
187968649.951257, 84
187968881.558805, 69
187969073.443583, 69
187969305.763542, 68
187969361.984132, 32
187970994.027727, 65
187971141.650331, 77
187971298.782852, 79
187971377.860812, 85
187971601.600484, 78
187971649.928509, 84
187971865.790596, 32
187971955.383284, 79
187972113.542255, 70
187972138.223376, 32
187972777.920124, 84
187973009.509917, 73
187973233.73535, 77
187973306.047896, 69
187973465.612271, 32
187973881.859249, 83
new stimulus
187989036.262524, 16
187989149.934612, 83
187989699.964323, 80
187989987.933945, 69
187990162.40653, 78
187990365.031578, 68
187990499.708432, 73
187990603.709977, 78
187990714.721895, 71
187990897.779761, 32
187991120.541255, 84
187991162.69782, 73
187991378.257798, 77
187991425.758837, 69
187991617.55068, 32
187992042.135481, 87
187992169.798632, 73
187992385.577771, 84
187992459.334838, 72
187992635.494962, 32
187993027.581812, 65
187993211.166496, 32
187993425.255322, 70
187993609.378476, 69
187993825.193957, 32
187994742.8591, 8
187994873.640717, 87
187994953.7135, 32
187995777.690144, 67
187995833.56396, 76
187996010.908663, 79
187996066.539738, 83
187996265.181051, 69
187996354.095173, 32
187996617.345667, 70
187996865.630525, 82
187997425.393754, 73
187997539.050306, 69
187997713.096776, 78
187997859.490692, 68
187998057.223736, 83
187998121.81322, 32
187998690.681335, 73
187998938.321194, 83
187999067.099014, 32
188000161.952673, 71
188000497.567314, 82
188000569.909822, 69
188000723.043351, 65
188000825.970452, 84
188001073.146467, 32
188001649.760115, 66
188001873.556936, 69
188002153.450618, 67
188002377.164768, 65
188002527.808463, 85
188002650.618449, 83
188002819.488284, 69
188002941.008273, 32
188003036.316344, 73
188003179.519943, 84
188003315.555872, 32
188003689.995278, 65
188004018.057468, 76
188004193.489645, 76
188004393.46784, 79
188004515.196726, 87
188004777.613299, 83
188004881.462263, 32
188005441.534814, 89
188005561.221341, 79
188005665.74804, 85
188005818.686821, 32
188006241.559393, 84
188006362.74426, 79
188006649.757064, 32
188006993.066748, 82
188007106.750765, 69
188007315.74313, 76
188007373.304485, 65
188007451.022815, 76
188007682.589582, 89
188008319.276891, 8
188008464.328099, 8
188008606.312166, 8
188008757.380866, 8
188008913.991285, 65
188009057.516413, 76
188009290.673068, 76
188009753.651247, 89
188009929.085921, 32
188010153.039761, 71
188010345.192803, 69
188010449.442083, 84
188010537.009058, 32
188010745.232696, 84
188010841.312823, 79
188010962.286852, 32
188011226.120203, 75
188011442.335999, 78
188011447.474351, 79
188011634.373635, 87
188011778.546536, 32
188012473.508998, 69
188012601.119995, 65
188012784.995136, 67
188012898.575398, 72
188013065.074134, 79
188013162.521104, 84
188013305.127143, 72
188013369.20479, 69
188013426.744229, 82
188013562.35543, 32
188014393.318589, 87
188014758.315213, 8
188014924.626136, 8
188015601.935606, 188
188016278.276885, 8
188016466.416231, 65
188016601.276459, 32
188016897.508446, 68
188016903.860227, 78
188017229.844551, 8
188017396.554402, 8
188017548.879533, 8
188017708.648088, 8
188018025.473706, 188
188018201.342818, 32
188018297.090597, 87
188018433.652235, 72
188018678.870783, 73
188018885.780565, 76
188018997.054089, 69
188019065.9333, 32
188019697.47976, 83
188019881.238386, 80
188020032.801724, 69
188020144.948008, 78
188020320.831268, 68
188020401.211432, 73
188020474.01501, 78
188020562.577087, 71
188020725.36174, 32
188020914.422671, 84
188020985.410543, 73
188021169.101479, 77
188021225.539565, 69
188021340.502205, 32
188021897.615252, 87
188021961.081467, 73
188022105.396129, 84
188022183.419897, 72
188022338.336119, 32
188022481.015119, 76
188022600.860053, 65
188022689.975026, 82
188022912.670494, 71
188023119.83245, 69
188023177.092251, 32
188023553.251931, 82
188023847.928985, 8
188023921.585071, 71
188024160.859643, 82
188024233.131131, 79
188024384.587664, 85
188024576.64028, 80
188024825.572079, 83
188024929.65352, 32
188025337.322985, 77
188025425.678108, 65
188025601.028724, 89
188025762.197412, 32
188026048.678404, 76
188026146.407231, 69
188026259.103915, 65
188026624.900892, 69
188026754.197208, 32
188027093.63357, 8
188027260.262416, 8
188027353.372774, 86
188027544.746269, 69
188027592.90063, 32
188028000.722398, 89
188028176.837303, 79
188028233.282325, 85
188028400.843575, 32
188028712.56108, 87
188028800.847958, 73
188028944.872717, 84
188029033.085801, 72
188029179.769897, 32
188029369.117957, 65
188029497.16894, 32
188029688.503042, 66
188029848.788428, 85
188030064.945689, 78
188030186.504517, 67
188030289.148096, 72
188030442.209219, 32
188030602.120645, 79
188030641.245022, 70
188030864.797714, 32
188031825.101854, 80
188032024.498579, 69
188032049.111177, 79
188032232.589887, 80
188032424.44082, 76
188032554.767747, 69
188032626.497992, 32
188032808.877846, 84
188032913.015048, 72
188033017.896566, 65
188033153.187902, 84
188033249.009753, 32
188033824.88408, 68
188033881.102173, 79
188034000.28907, 78
188034256.810216, 222
188034384.802108, 84
188034505.752001, 32
188035016.608787, 75
188035224.812451, 78
188035264.908071, 79
188035400.360034, 87
188035496.887083, 32
188035840.475296, 89
188036000.407805, 79
188036096.620816, 85
188036216.492382, 32
188036624.661202, 84
188036720.809574, 79
188036928.506393, 79
188037088.334038, 32
188037480.624791, 87
188037642.847948, 69
188037769.504624, 76
188037920.248467, 76
188038034.24236, 32
188038055.780049, 65
188038242.364185, 78
188038296.834262, 68
188038472.745819, 32
188039072.845745, 65
188039200.793251, 82
188039312.413549, 69
188039512.663614, 78
new stimulus
188051490.183257, 16
188051657.868513, 84
188051866.686381, 72
188051971.320718, 69
188052059.4417, 32
188052424.947664, 67
188052560.68842, 73
188052704.646876, 84
188052937.907008, 89
188053082.513514, 32
188053744.562452, 83
188053851.312107, 72
188053970.842726, 79
188054080.54606, 85
188054280.1883, 76
188054344.566114, 68
188054457.533003, 32
188054881.160986, 84
188055112.040587, 82
188055216.775627, 89
188055377.778141, 32
188055488.24826, 84
188055625.54589, 79
188055688.770751, 32
188057456.586727, 75
188057568.197593, 69
188057736.370274, 69
188057904.203672, 80
188058073.0613, 32
188058217.090497, 84
188058328.510499, 72
188058424.420291, 69
188058784.200609, 83
188058976.546734, 69
188059191.896706, 32
188060112.653405, 66
188060200.150471, 85
188060424.096543, 73
188060632.333219, 76
188060736.154442, 68
188060832.382434, 73
188060976.242683, 78
188061032.553712, 71
188061729.277229, 83
188062112.700566, 32
188063416.516351, 70
188063584.464046, 79
188063730.020712, 82
188063768.190491, 32
188064000.070464, 84
188064152.02524, 72
188064408.022619, 69
188064552.139759, 73
188064720.149317, 82
188064857.653902, 32
188065248.356154, 66
188065552.110352, 69
188065712.060894, 65
188065937.96804, 85
188066065.743823, 84
188066240.310176, 89
188066480.001154, 32
188066601.796342, 65
188066769.761791, 78
188066832.321956, 68
188067000.018864, 32
188067643.78923, 82
188067700.961644, 69
188067859.167499, 78
188068225.538733, 78
188068432.53174, 79
188068616.675423, 86
188068880.295994, 65
188068928.827089, 84
188069776.814887, 69
188069984.166042, 32
188070129.705231, 84
188070248.24269, 72
188070312.306743, 69
188070465.455252, 32
188071280.325345, 85
188071576.18559, 78
188071764.333259, 73
188072011.226307, 77
188072324.299281, 80
188072530.244478, 79
188072728.823372, 82
188073024.612043, 84
188073136.067554, 65
188073240.846149, 78
188073369.564047, 84
188073472.191259, 32
188073991.38559, 80
188074064.297084, 65
188074664.599249, 82
188074904.007814, 84
188075112.172361, 83
188075176.304659, 32
188075824.412191, 76
188076008.4499, 73
188076184.746791, 75
188076304.431377, 69
188076392.984022, 32
188076577.341872, 84
188077350.197161, 8
188077776.827094, 65
188077864.021219, 76
188078007.712243, 76
188078135.848948, 32
188078272.005555, 84
188078423.658777, 72
188078511.826087, 69
188078703.748316, 32
188078831.770448, 73
188079007.674237, 78
188079143.907133, 78
188079287.617577, 65
188079423.91317, 82
188079679.863665, 68
188079935.775876, 83
188082112.115213, 32
188082192.134732, 83
188082289.232154, 79
188082423.512854, 32
188082487.91619, 84
188082600.95715, 72
188082639.889554, 65
188082751.695167, 84
188082872.936905, 32
188083167.710223, 84
188083271.717039, 72
188083368.222172, 69
188083463.846223, 89
188083632.459168, 32
188084160.36556, 72
188084240.105441, 65
188084407.789587, 86
188084679.689723, 69
188084743.882221, 32
188085103.681958, 77
188085287.552383, 79
188085431.719735, 82
188085544.160638, 69
188085647.674758, 32
188085960.437023, 77
188086120.486881, 79
188086266.579797, 68
188086455.938122, 69
188086568.174567, 82
188086681.222462, 78
188086903.925975, 32
188087504.047263, 70
188087607.952543, 85
188087823.622379, 78
188087855.799357, 67
188088119.49705, 84
188088207.797799, 73
188088320.829049, 79
188088455.768064, 78
188088561.005787, 65
188088703.994664, 76
188088871.9529, 76
188089039.481692, 73
188089533.992683, 8
188089676.686664, 8
188090464.352512, 73
188090553.354853, 84
188090719.704615, 89
188092639.911192, 190
188093184.021618, 32
new stimulus
188128216.425247, 16
188128383.729607, 78
188128575.22156, 79
188128855.254229, 84
188128935.284013, 32
188129190.837244, 77
188129336.351187, 65
188129391.154722, 75
188129598.872625, 73
188129696.719078, 78
188129801.964846, 71
188129946.276456, 32
188130495.112989, 80
188130735.137147, 76
188130847.044019, 65
188131006.712703, 78
188131144.434506, 83
188131326.70478, 32
188131494.783693, 73
188131616.781397, 83
188131703.254788, 32
188131961.746717, 71
188132209.272835, 82
188132426.121423, 69
188132512.688582, 65
188132655.892459, 84
188132871.637475, 32
188133263.464384, 66
188133695.335035, 69
188134023.213297, 67
188134236.712054, 65
188134398.678321, 85
188134520.710147, 83
188134686.941451, 69
188134816.874444, 32
188135807.379507, 87
188136264.581827, 72
188136943.305855, 69
188137958.935355, 78
188138175.097887, 32
188138358.5311, 80
188138616.519237, 65
188138621.554943, 76
188139532.625841, 8
188140531.074237, 8
188140706.486995, 8
188141039.651473, 65
188141254.879103, 67
188141487.255656, 84
188141662.806568, 73
188142063.034828, 86
188142214.583186, 73
188142358.606003, 84
188142480.224476, 69
188142932.316463, 8
188143175.323706, 73
188143239.211875, 69
188143454.580989, 83
188143518.954364, 32
188143830.590585, 67
188143894.919573, 79
188143998.532731, 77
188144198.8835, 69
188144204.590837, 32
188144439.134586, 84
188144444.66493, 79
188144577.538007, 32
188144854.963217, 65
188145094.572356, 67
188145382.676803, 84
188145487.114727, 73
188145590.487918, 79
188145703.495588, 78
188145855.302222, 32
188146094.788465, 85
188146184.292934, 83
188146431.402923, 85
188146515.193119, 65
188146655.479105, 76
188146830.423579, 76
188147023.049898, 89
188147160.413276, 32
188147310.785933, 65
188147526.615285, 82
188147623.775681, 69
188148013.05311, 8
188148194.703353, 8
188148480.638107, 76
188148671.004572, 32
188149075.983907, 8
188149319.622, 76
188149510.793811, 32
188149726.545763, 84
188149798.863026, 72
188149926.283159, 79
188149998.884221, 83
188150199.437228, 69
188150382.509797, 32
188150598.533342, 73
188150791.075047, 78
188151231.586741, 86
188151702.762925, 79
188151894.533683, 76
188152278.48162, 86
188152518.526861, 69
188152702.556525, 68
188152791.722266, 32
188152934.356879, 65
188153038.870816, 82
188153136.118322, 69
188153232.050308, 32
188156382.786106, 70
188156518.961854, 85
188156702.576777, 76
188156854.36094, 76
188156966.331063, 89
188157086.831261, 32
188157438.251839, 67
188157470.431868, 79
188157670.304922, 77
188157830.314276, 77
188157982.355885, 73
188158095.861243, 84
188158310.377017, 69
188158859.696814, 8
188158969.096652, 84
188159126.264405, 69
188159334.436443, 68
188159407.694987, 32
188159598.074768, 84
188159686.396878, 79
188159791.928665, 32
188160518.568751, 80
188160598.349136, 65
188160734.440548, 82
188160974.232229, 84
188161086.323029, 65
188161182.42646, 75
188161390.309982, 73
188161487.70452, 78
188161542.543287, 71
188162438.619697, 190
188162614.274918, 32
188163078.773076, 16
188163398.157328, 16
188163558.341457, 77
188163758.100213, 65
188163814.444255, 75
188164038.16645, 73
188164167.882223, 78
188164238.724173, 71
188164414.367743, 32
188164742.18525, 80
188165014.134766, 76
188165119.618282, 65
188165263.84306, 78
188165421.946825, 83
188165558.279037, 32
188165750.165757, 73
188165878.11354, 83
188165974.475525, 32
188166246.105178, 71
188166461.991401, 82
188166550.511865, 69
188166646.638044, 65
188166782.355219, 84
188166910.400376, 69
188167070.047421, 32
188167475.968871, 8
188167634.165848, 8
188167793.990164, 8
188167864.165754, 32
188168443.6235, 8
188168554.57827, 84
188168656.455619, 32
188168958.296737, 66
188169238.119677, 65
188169603.611771, 8
188169750.586047, 69
188170014.069295, 67
188170182.254738, 65
188170341.961983, 85
188170455.970857, 83
188170654.206862, 69
188170767.882556, 32
188170942.255825, 73
188171245.964249, 84
new stimulus
188182648.553621, 16
188182718.290889, 78
188182973.942881, 69
188183150.308572, 73
188183293.70692, 84
188183381.67005, 72
188183519.65873, 69
188183606.224779, 82
188184750.366054, 32
188184933.756544, 73
188185022.17908, 83
188185159.261155, 32
188185982.193317, 78
188187691.354075, 8
188188189.109757, 8
188188220.05555, 8
188188251.472955, 8
188188282.435115, 8
188188313.542089, 8
188188344.701217, 8
188188376.457905, 8
188188407.363749, 8
188188438.612206, 8
188188485.400279, 8
188188516.5214, 8
188188545.007598, 8
188188575.550301, 8
188188606.419249, 8
188188637.678248, 8
188188669.690439, 8
188190118.089427, 16
188190184.35674, 83
188190502.74173, 80
188190623.646681, 69
188190901.838953, 67
188190973.848004, 73
188191133.8851, 65
188191222.062953, 76
188191461.833272, 73
188191618.542175, 90
188192122.80305, 8
188192734.417245, 90
188192846.170427, 73
188192989.532987, 78
188193152.583684, 71
188193231.30627, 32
188193421.532639, 73
188193621.513608, 78
188193789.469347, 32
188193990.125554, 79
188194119.044303, 78
188194198.105895, 69
188194285.634032, 32
188194685.503312, 83
188194775.173123, 85
188194909.379475, 66
188195078.461257, 74
188195221.515605, 69
188195445.982947, 67
188195669.540633, 84
188195766.043824, 32
188195894.967844, 73
188195981.82435, 83
188196039.233957, 32
188196269.747365, 71
188196477.798448, 69
188196575.125018, 78
188196741.797418, 69
188196845.990937, 82
188197221.870701, 65
188197523.217459, 8
188198006.4056, 65
188198183.403806, 76
188198333.623051, 76
188198485.409711, 89
188198638.314092, 32
188198918.068232, 66
188199125.529523, 69
188199389.528493, 84
188199557.342471, 84
188199717.579864, 69
188199789.671586, 82
188199911.110291, 32
188200221.531695, 66
188200429.949526, 69
188200965.809239, 67
188201149.506, 65
188201357.667218, 85
188201375.393171, 83
188201597.369847, 69
188201789.44327, 32
188202589.876765, 73
188202735.218986, 84
188202871.094844, 32
188203319.011123, 65
188203479.262665, 76
188203605.374767, 76
188203789.263502, 79
188203919.428694, 87
188204189.369698, 83
188204310.929913, 32
188204621.69504, 83
188204869.461679, 84
188204981.39879, 85
188205109.421198, 68
188205293.762681, 69
188205325.718278, 78
188205495.105499, 84
188205725.54012, 83
188205789.785882, 32
188205941.154472, 84
188206054.944186, 79
188206158.971808, 32
188206432.171651, 68
188206543.002137, 73
188206677.223747, 86
188206901.129594, 69
188206990.134709, 32
188207414.049821, 68
188207629.59787, 69
188207845.256332, 69
188207973.727604, 80
188208157.411049, 32
188208429.648804, 78
188208509.659168, 84
188208622.480412, 79
188208766.325404, 32
188209339.224414, 8
188209496.976689, 8
188209641.003113, 8
188209769.329573, 8
188210021.674733, 73
188210157.173579, 78
188210229.850654, 84
188210358.534707, 79
188210487.010973, 32
188210638.835085, 68
188210781.373434, 83
188210792.507916, 79
188211082.673307, 8
188211224.929244, 8
188211360.937154, 8
188211431.123285, 83
188211589.166295, 79
188211750.28366, 77
188211821.515661, 69
188212037.236264, 84
188212143.009406, 72
188212229.503325, 73
188212374.742624, 78
188212597.292725, 32
188212710.8458, 84
188212806.745327, 72
188212941.066808, 69
188213013.680354, 89
188213157.293979, 32
188213310.9657, 65
188213397.4402, 82
188213501.237287, 69
188213574.902251, 32
188213933.456655, 82
188214030.130736, 69
188214166.533967, 65
188214189.664317, 76
188214342.128989, 76
188214510.185154, 89
188214647.63259, 32
188214821.67268, 73
188214965.305723, 78
188215029.585053, 84
188215205.268571, 69
188215253.438745, 82
188215437.049506, 69
188215729.96606, 83
188215925.151012, 84
188216093.202461, 69
188216445.228645, 68
188216533.31911, 32
188216757.209144, 73
188216909.189443, 78
188217093.326745, 32
188217222.760383, 82
188217357.072987, 65
188217461.44766, 84
188217558.772288, 72
188217677.637934, 69
188217733.29786, 82
188217846.455613, 32
188218005.26208, 84
188218102.710714, 72
188218325.888059, 65
188218331.831202, 78
188218621.125221, 32
188220021.790416, 70
188220188.954125, 73
188220278.944077, 83
188220399.011501, 72
188220524.985171, 73
188220669.283466, 78
188220709.786615, 71
188220869.178712, 32
188220941.404149, 65
188221166.231581, 82
188221261.422026, 79
188221325.086318, 85
188221564.988967, 78
188221597.723001, 68
188221788.879832, 32
188221838.559996, 73
188222013.341626, 78
188222196.786491, 32
188222853.375826, 65
188223029.503215, 32
188223349.141028, 66
188223421.495465, 85
188223685.070816, 78
188223790.90499, 67
188223909.5487, 72
188224062.711635, 32
188224197.410683, 79
188224269.223321, 70
188224398.361508, 32
188224556.932169, 84
188224946.64903, 8
188225077.44313, 68
188225198.996409, 73
188225525.188519, 70
188225749.065514, 70
188225989.113252, 69
188226053.395634, 82
188226189.272047, 69
188226301.541228, 78
188226421.050762, 84
188226534.306999, 32
188226693.02913, 84
188226709.092235, 79
188226973.443527, 80
188227165.191538, 73
188227237.230272, 67
188227420.935079, 83
188227541.526547, 32
188227710.165569, 84
188227797.431545, 72
188227932.912914, 69
188227997.279353, 89
188228140.920164, 32
188228405.174083, 77
188228573.034113, 73
188228605.174471, 71
188228726.612066, 72
188228853.327278, 84
188228958.688175, 32
188229196.825329, 78
188229349.008421, 79
188229437.176009, 84
188229508.996137, 32
188229893.108028, 67
188230069.103365, 65
188230133.330263, 82
188230220.896406, 69
188230300.917035, 32
188230516.927542, 65
188230645.770833, 79
188230660.872681, 66
188230734.048556, 85
188230932.827469, 84
188231442.443915, 8
188231608.656077, 8
188231745.046548, 8
188231880.658581, 8
188231941.52982, 66
188232116.858797, 79
188232229.136023, 85
188232270.491125, 84
188232524.950772, 190
new stimulus
188246525.437642, 16
188246613.102546, 68
188246844.57721, 73
188246996.87876, 83
188247340.825953, 65
188247564.566458, 71
188247868.690732, 82
188248109.120476, 69
188248292.674367, 69
188249189.127789, 190
188250874.399735, 8
188251278.436678, 188
188251460.293597, 32
188252068.964101, 16
188252140.214966, 77
188252580.775208, 32
188253018.45501, 8
188253176.182317, 8
188253525.341655, 77
188253788.623497, 89
188253932.849662, 32
188254172.536756, 70
188254348.567603, 65
188254573.071564, 86
188254716.909898, 79
188255116.712043, 73
188255484.570797, 82
188255587.315356, 8
188255904.21033, 8
188256056.102409, 8
188256212.686751, 82
188256690.088491, 8
188256949.036774, 79
188257094.011415, 82
188257260.446622, 73
188257382.139997, 84
188257572.59912, 69
188257693.007214, 32
188258084.530626, 84
188258164.716597, 89
188258332.393808, 80
188258462.072407, 69
188258566.393261, 32
188258756.576629, 79
188258869.950769, 70
188259236.773641, 84
188259580.355473, 84
188259994.122604, 8
188260152.135375, 8
188260319.900528, 8
188260509.037473, 32
188260890.672568, 8
188261029.284331, 70
188261125.091756, 32
188261317.949164, 84
188261524.460572, 82
188261660.510095, 65
188261900.51733, 86
188262092.162973, 69
188262188.970215, 76
188262301.778698, 32
188262461.88182, 73
188262509.147885, 83
188262645.776658, 32
188262956.362018, 83
188263020.53898, 79
188263482.237982, 8
188264736.474583, 8
188265116.998894, 78
188265284.370944, 79
188265380.903542, 84
188265493.816334, 32
188265988.641918, 75
188266180.048148, 78
188266228.610037, 79
188266365.587248, 87
188266564.512084, 73
188266748.285135, 78
188266796.799862, 71
188266956.78952, 32
188267204.186361, 87
188267308.490292, 72
188267444.352002, 65
188267500.508231, 84
188267631.417182, 32
188267774.031267, 84
188267877.761773, 79
188267998.126035, 32
188269154.574442, 69
188269444.372808, 88
188269668.258403, 80
188269805.915568, 69
188270084.331162, 67
188270372.78377, 84
188272316.682192, 190
188272492.306343, 32
188272716.553969, 16
188272772.344283, 84
188272948.309936, 72
188273060.38742, 73
188273132.667787, 83
188273276.683391, 32
188273957.462816, 67
188274044.772347, 79
188274132.839786, 85
188274293.898616, 76
188274373.961413, 68
188274481.045081, 32
188274967.702067, 83
188275159.167943, 84
188275244.303343, 73
188275428.290561, 76
188275588.35429, 76
188275772.131503, 32
188275940.291977, 71
188276313.621985, 8
188276430.319048, 66
188276644.359326, 69
188276724.325858, 32
188277372.699435, 65
188277619.978372, 67
188277796.130173, 67
188277909.861906, 79
188277996.333077, 77
188278243.985143, 80
188278532.023565, 76
188278748.073187, 73
188278845.642221, 83
188279068.374031, 72
188279252.660585, 69
188279467.981983, 68
188279557.499768, 32
188280020.398329, 87
188280068.17429, 73
188280235.968016, 84
188280292.176123, 72
188280892.321268, 32
188281075.974752, 65
188281188.619835, 32
188281428.049207, 84
188281595.849037, 79
188281708.345424, 85
188281821.344771, 82
188281995.848704, 32
188282403.876595, 71
188282612.065832, 85
188282699.132622, 73
188282873.683717, 68
188283076.497687, 69
188283692.307841, 188
188283900.103144, 32
188283973.390263, 66
188284117.068248, 85
188284292.148103, 84
188284396.465351, 32
188284932.56725, 84
188284997.982055, 72
188285124.728615, 69
188285220.630639, 89
188285756.681771, 222
188285885.841874, 68
188285973.513714, 32
188286404.719671, 72
188286492.24004, 65
188286732.165991, 86
188286923.910673, 69
188287028.535855, 32
188287260.363119, 84
188287266.09043, 79
188287467.961454, 32
188287940.209306, 66
188288131.866878, 69
188288188.420926, 32
188288443.695906, 84
188288651.772789, 82
188288716.586982, 89
188288819.858361, 73
188289003.778999, 78
188289075.941739, 71
188289227.758916, 32
188289365.362816, 84
188289452.335283, 79
188289625.672393, 32
188290052.256829, 83
188290173.397032, 85
188290427.800917, 82
188290779.83043, 80
188291532.144519, 82
188291627.68368, 73
188291764.223124, 83
188291995.959672, 69
188292101.440414, 32
188292676.673903, 89
188292779.844301, 79
188292868.366707, 85
188294884.103013, 32
188295625.569194, 8
188296692.564176, 190
188297524.015593, 32
