new stimulus
187067414.789974, 82
187067626.449166, 69
187068456.035496, 80
187068786.115354, 76
187069076.903828, 65
187069504.507778, 67
187069827.282366, 69
new stimulus
187103996.199639, 67
187104443.330268, 76
187105001.431758, 79
187105465.945729, 84
187105692.154983, 72
187105896.523054, 73
187106067.468259, 78
187106268.569722, 71
new stimulus
187151229.823744, 80
187151715.912854, 82
187151893.168783, 69
187152322.182298, 86
187152665.114138, 69
187152848.90106, 78
187152962.007768, 84
new stimulus
187168362.686557, 70
187168624.748866, 79
187168761.001737, 82
187169312.544768, 67
187169704.497347, 69
new stimulus
187208218.573301, 70
187208888.383031, 79
187209202.760705, 85
187209657.277611, 78
187209778.035253, 68
new stimulus
187238864.511695, 67
187239014.970074, 79
187239313.124851, 77
187239513.141329, 77
187239687.873024, 65
187239799.711373, 78
187239910.673911, 68
new stimulus
187277321.351429, 69
187277959.878579, 88
187278303.651275, 73
187279103.035572, 83
187279846.96218, 84
187281230.398279, 83
new stimulus
187315119.639366, 71
187315644.417029, 65
187317401.539064, 8
187317553.595375, 8
187318238.498908, 80
187318351.234707, 82
187318406.084571, 69
187318671.015669, 83
187318854.668598, 69
187318975.296408, 78
187319160.983649, 84
187319297.249003, 69
187319566.081164, 68
new stimulus
187345986.272484, 37
187350281.111828, 87
187350552.187752, 73
187350975.891194, 78
187351366.956587, 68
187351623.512688, 73
187351781.666943, 78
187351935.433541, 71
new stimulus
187375438.563658, 67
187375740.574001, 79
187376134.333687, 76
187376302.745225, 76
187376444.589472, 69
187376836.788399, 67
187377348.756525, 84
187377565.300785, 73
187377605.581999, 79
187377829.63349, 78
new stimulus
187412501.490848, 84
187413005.144177, 82
187413333.302077, 65
187413885.389404, 86
187414244.786884, 69
187414460.126869, 76
new stimulus
187452135.41451, 77
187452283.504288, 69
187452516.32471, 69
187452764.184008, 84
187452916.937473, 73
187452996.829102, 78
187453155.047718, 71
new stimulus
187481420.962266, 67
187481554.841818, 72
187481644.461138, 65
187481779.221496, 78
187481883.025241, 71
187482106.523559, 69
new stimulus
187519228.278521, 83
187520090.307319, 84
187520594.18064, 82
187520787.517983, 69
187521121.890065, 78
187521414.53891, 71
187521723.614833, 84
187521818.073725, 72
new stimulus
187548358.406262, 76
187548641.534925, 65
187549138.718014, 89
187549180.820482, 72
187549354.353173, 69
187549554.032587, 82
187550223.284982, 8
187550717.855064, 8
187551022.313073, 8
187551379.025971, 69
187551513.535819, 82
new stimulus
187585162.364917, 68
187585323.043406, 79
187585512.623666, 78
187585680.773876, 65
187585873.174376, 84
187586080.683659, 69
187586328.44808, 68
new stimulus
187624433.4475, 84
187624648.064532, 65
187624825.039989, 75
187624889.769292, 69
