new stimulus
188406101.86209, 73
188406123.59092, 70
188406337.401772, 32
188408778.71909, 16
188408975.735839, 57
188414914.517826, 65
188415854.415314, 219
new stimulus
188439488.496273, 40
188441693.533478, 38
188445345.0491, 8
188445737.567613, 8
188445952.210168, 8
188446258.300787, 8
188447544.421135, 8
188448153.809321, 8
188448312.255143, 8
188448495.295254, 8
188448657.821629, 8
188448839.352304, 8
188449015.408674, 8
188449182.687234, 8
188449358.620984, 8
188449534.84325, 8
188449710.62969, 8
188450159.246452, 8
188450326.606574, 8
188450502.40855, 8
new stimulus
new stimulus
188499630.645403, 38
188500205.777358, 39
188500483.792082, 39
188500983.340999, 39
188501014.17194, 39
188501045.662306, 39
188501077.047808, 39
188501113.431288, 39
188501138.292731, 39
188501170.882508, 39
188501202.884157, 39
188501231.461902, 39
188501279.553566, 39
188501311.449241, 39
188501341.899286, 39
188501372.934963, 39
188501405.647914, 39
188501652.70131, 39
188501835.323905, 39
188502028.087269, 39
188502355.422345, 39
188503822.407285, 8
188503989.350168, 8
188504173.747412, 8
188504317.077514, 8
188504501.09192, 8
188504653.193173, 8
188504996.657935, 8
188505380.760948, 8
188505645.18326, 8
188505796.794869, 8
188506032.510989, 8
188506213.241034, 8
188507157.600249, 8
188507667.565411, 8
188507692.381357, 8
188507723.910839, 8
188507755.535199, 8
188507786.672133, 8
188508157.129192, 8
188508333.16309, 8
188512203.494478, 73
188512369.34766, 70
188512544.471902, 32
188513665.284196, 16
188513801.100686, 57
188514185.848976, 78
188514401.419774, 85
188514753.850434, 77
188515137.898796, 32
188515593.480435, 49
188516871.386134, 8
188517037.798592, 8
188517082.523778, 49
188517682.648118, 16
188517802.072207, 48
188519077.633717, 37
188519954.456428, 32
188520051.148264, 16
188520170.199502, 188
188520323.295302, 32
new stimulus
188547325.109067, 70
188547937.73584, 69
188548216.714595, 86
188548568.503031, 69
188548944.606395, 82
188549256.476481, 32
188549488.517357, 61
188549703.933632, 32
188550128.995039, 84
188550416.018662, 82
188550599.95761, 85
188550816.333477, 69
188551040.296471, 59
new stimulus
188569555.899339, 88
188569946.989145, 32
188570176.579858, 16
188570288.358007, 61
188570983.961585, 61
188571576.091545, 32
188571807.707138, 49
188572000.086832, 59
new stimulus
188617564.759541, 37
188617956.283508, 39
188618475.700329, 8
188618667.420598, 8
188618818.967846, 8
188618955.385781, 8
188619107.20379, 8
188619243.006964, 8
188619397.58751, 8
188619546.914575, 8
188619706.904233, 8
188619871.501817, 8
188620021.855055, 8
188620189.915381, 8
188620355.700596, 8
188620523.168356, 8
188620691.790178, 8
188620858.877319, 8
188621034.852404, 8
188621202.975982, 8
188621395.852255, 8
188621956.183915, 8
188623313.504637, 75
188624263.060739, 16
188624392.899409, 32
188624904.158175, 61
188625263.550383, 32
188626031.041224, 49
new stimulus
188643169.940671, 39
188644178.80337, 37
188645780.396087, 8
188646619.683753, 8
188646843.033375, 8
188647053.169815, 8
188647282.732231, 8
188647915.340096, 8
188648123.014166, 8
188648636.636818, 8
188648675.676582, 8
188648697.499735, 8
188648730.059828, 8
188648759.710629, 8
188648791.591046, 8
188648823.057832, 8
188648854.707714, 8
188649074.84538, 8
188649573.736814, 8
188649763.726822, 8
188649929.509817, 88
188652214.870869, 16
188652216.111764, 32
188653270.707789, 16
188653357.476631, 54
188653956.01996, 8
188654214.145697, 16
188654504.640662, 55
188655081.111994, 8
188655781.001137, 53
188657009.216685, 32
188657384.589883, 51
new stimulus
188683761.148214, 66
188684231.311819, 32
188685053.825355, 61
188686169.579749, 8
188686331.508009, 8
188686506.231936, 8
188688214.752412, 66
188688613.626313, 32
188688752.170386, 61
188688919.440068, 32
188690378.872281, 8
188690537.459864, 8
188690705.638648, 8
188690865.216616, 8
188691069.778325, 65
188691253.524744, 32
188691877.926283, 61
188692116.013502, 32
188692239.552823, 66
188692632.288832, 59
188692874.261303, 13
188693130.363268, 66
188693278.798432, 32
188693592.105825, 61
188693966.333283, 32
188694134.829989, 84
188694239.274294, 69
188694359.499014, 77
188694510.50696, 80
188695238.361309, 59
new stimulus
188706494.562868, 73
188706654.890977, 70
188706758.492206, 32
188707031.30283, 16
188707537.936747, 16
188707567.811426, 16
188707599.184998, 16
188707631.022416, 16
188707660.937875, 16
188707692.218512, 16
188707723.896968, 16
188707726.241157, 57
188708229.835396, 65
188708350.245155, 71
188708573.003319, 69
188708733.402725, 32
188709045.729442, 16
188709201.391088, 190
188710131.575034, 8
188711645.654039, 16
188712507.998262, 16
188712623.520178, 190
188713485.533717, 8
188714302.590148, 16
188714536.038925, 190
188715106.696113, 8
188715893.379066, 16
188716117.525435, 190
188716456.825585, 173
188717099.955945, 8
188717566.400474, 61
188718590.001048, 32
188719365.619983, 53
188720142.63489, 54
188720237.575659, 8
188720505.933433, 8
188721061.694618, 54
188721357.025826, 53
188721757.083751, 16
188722149.296271, 48
188723197.271419, 13
188723469.250064, 82
188723662.555781, 69
188723780.691815, 84
188723862.80335, 85
188723988.801156, 82
188724094.569304, 78
188724244.707819, 32
188724551.301954, 84
188724732.822087, 82
188724924.865826, 85
188725100.680009, 69
188725237.182833, 59
188726988.606686, 13
188727509.455265, 82
188727612.975766, 69
188727773.18292, 84
188727854.124302, 85
188727981.099177, 82
188728094.336272, 78
188728276.958868, 32
188728548.894236, 70
188728660.786959, 65
188728726.520518, 76
188728830.966765, 83
188729028.837409, 69
188729150.605411, 59
new stimulus
188739462.328465, 73
188739557.169639, 70
188740284.962956, 32
188741651.774176, 8
188741716.645795, 16
188742228.931288, 57
188743477.431146, 78
188743796.582366, 85
188744108.633052, 77
188745124.938343, 49
188746125.217149, 32
188746422.380431, 16
188746929.829681, 16
188746957.041139, 16
188746973.122831, 190
188747301.050196, 32
188747671.293088, 78
188747909.067933, 85
188748196.529878, 77
188748613.068146, 50
188749188.860912, 16
188749308.592937, 48
188750218.924513, 13
188751096.145875, 9
188751739.581674, 9
188752276.795745, 82
188752364.80243, 69
188752476.528425, 85
188752573.719892, 84
188752732.624842, 78
188752781.226124, 82
188753020.476561, 32
188754468.696614, 78
188754668.307229, 85
188754972.494755, 77
188756114.654427, 8
188756337.870055, 8
188757119.988082, 85
188757461.187441, 77
188757749.392314, 50
188758604.920355, 59
188758933.130965, 13
188759412.859694, 82
188759548.562165, 69
188759725.836681, 85
188759772.61754, 84
188759972.051994, 82
188759996.448484, 78
188760252.28274, 32
188761156.449516, 78
188761372.225048, 85
188761636.291709, 77
188761781.91662, 49
188762268.364987, 59
new stimulus
188773846.769374, 8
188774041.631133, 8
188774192.224338, 8
188774358.390726, 8
188774674.067553, 8
188774860.73658, 8
188775018.790964, 8
188775192.817182, 8
188775415.954023, 8
188775640.985358, 8
188775858.561894, 8
188776088.405612, 8
188776279.987172, 8
188776465.392278, 8
188776642.94338, 8
188776872.555177, 8
188780648.420183, 8
188780840.370154, 8
188781051.878985, 8
188781582.983739, 8
188783125.021846, 73
188783269.675514, 78
188783347.825785, 84
188783495.321331, 32
188783566.010978, 73
188783748.528709, 32
188783924.074905, 61
188784516.124414, 32
188784731.551509, 48
188785171.984415, 59
188785355.662312, 32
188785477.278843, 73
188785644.910834, 32
188785748.244077, 16
188785827.283476, 188
188786067.47131, 32
188787444.463524, 52
188787595.722257, 48
188788873.955864, 8
188789031.891791, 8
188789176.088827, 8
188789656.265587, 8
188790908.400741, 16
188791196.155918, 188
188792657.300359, 8
188793771.81691, 16
188793843.985753, 188
188794299.658386, 173
188795041.179496, 8
188795468.241369, 173
188796177.311412, 8
188796596.226882, 173
188797113.420191, 8
188797436.238056, 61
188797515.60897, 61
188798457.195939, 8
188799252.284682, 32
188799523.223007, 52
188800043.731471, 48
new stimulus
188826516.648181, 88
188828412.69241, 219
188830259.774713, 49
188832608.305697, 8
188832800.355539, 8
188833211.871694, 49
188834451.186215, 219
new stimulus
188839191.348249, 8
188839702.140397, 8
188839733.115596, 8
188839764.356008, 8
188839795.226343, 8
188839826.412935, 8
188839857.686637, 8
188839891.450728, 8
188839922.29776, 8
188839952.527812, 8
188840159.035614, 8
188840350.72176, 8
188840510.744708, 8
188840672.899897, 8
188840832.178531, 8
188840974.719654, 8
188841143.032986, 8
188841294.545834, 8
188841455.23431, 8
188842392.130127, 8
188852187.852217, 73
188852338.202403, 78
188852411.002097, 84
188852626.714101, 32
188852746.556816, 73
188852922.251431, 32
188853100.421454, 61
188853314.36741, 32
188854426.738958, 48
188855138.781543, 59
188855394.427709, 32
188856434.822665, 73
188856830.305399, 16
188856906.338964, 32
188857195.691241, 188
188857443.845435, 32
188859059.352926, 56
188860120.994002, 8
188863639.510877, 8
188864147.489165, 8
188864177.996636, 8
188864209.51197, 8
188864241.580477, 8
188864272.137051, 8
188864302.696954, 8
188864334.423404, 8
188864365.807796, 8
188864397.026292, 8
188864663.803611, 8
188864847.304515, 8
188865006.342071, 8
188865158.111254, 8
188865518.589835, 8
new stimulus
188884967.88128, 8
188885182.551853, 8
188885360.819805, 8
188885515.314906, 8
188885687.0502, 8
188885838.291177, 8
188886345.54568, 8
188886376.344718, 8
188886407.531033, 8
188886439.336547, 8
188886470.965345, 8
188886501.756061, 8
188886533.088021, 8
188886687.195844, 8
188886870.902038, 8
188887022.625169, 8
188887182.937188, 8
188887342.799788, 8
188887496.103375, 8
188887639.308361, 8
188887961.979749, 16
188888354.637527, 61
188888513.713922, 61
188889561.964269, 73
new stimulus
188919638.940226, 8
188919879.568325, 8
188920871.942359, 13
188922443.138017, 67
188922641.645892, 65
188922857.494109, 83
188923081.105059, 69
188923409.093456, 16
188923609.605959, 59
188924344.298405, 8
188924457.751054, 32
188924569.796635, 16
188924835.019022, 222
188925561.785889, 67
188925648.120015, 79
188925833.690463, 87
188926176.650045, 16
188926285.744167, 222
188926834.731894, 13
188927089.985513, 67
188927218.780533, 79
188927345.470499, 85
188927386.107919, 84
188927675.133674, 32
188927745.519269, 16
188927937.293357, 188
188928088.991521, 188
188928273.020907, 32
188928737.276601, 16
188928929.471256, 222
188929650.328547, 16
188929689.610221, 77
188930625.697361, 79
188930793.256114, 79
188931169.467672, 16
188931668.894524, 49
188932491.361732, 16
188932594.629226, 222
188933316.747386, 16
188933387.743025, 32
188933601.020401, 188
188933747.735568, 188
188933802.182342, 32
188933873.778039, 69
188933987.943932, 78
188934089.393501, 76
188934105.666612, 68
188934184.912965, 59
188934630.181836, 8
188934796.995997, 8
188934957.644248, 8
188935117.543467, 8
188935269.500185, 8
188935428.795741, 8
188935589.094166, 8
188935945.502458, 16
188936057.510032, 188
188936248.990334, 32
188936313.251631, 69
188936449.101135, 78
188936553.362898, 68
188936578.332535, 76
188936684.141741, 59
188936761.45282, 83
188937414.469278, 8
new stimulus
188954366.953536, 8
188954621.53913, 8
188954796.779056, 8
188955005.455163, 8
188955188.880054, 8
188955701.82192, 8
188955734.008885, 8
188955764.492775, 8
188955795.153104, 8
188955827.208018, 8
188955858.323868, 8
188955894.870192, 8
188956048.288908, 8
188956212.939757, 8
188956378.759649, 8
188956533.192608, 8
188956685.096894, 8
188957237.488826, 8
188962065.648946, 16
188962322.53351, 89
188963190.077671, 8
188963537.000181, 89
188963776.430662, 32
188963890.220375, 16
188964064.180568, 190
188965449.452902, 32
188966321.424112, 88
188966753.016513, 32
188966904.520761, 16
188967352.944995, 55
188967528.318081, 55
188967632.530742, 32
188968296.812624, 89
188968456.522921, 32
188968477.951861, 16
188968776.55883, 190
188969040.359446, 32
188969408.802443, 90
