new stimulus
93451310.15378, 73
93451518.063999, 71
93457264.847301, 8
93457453.779696, 70
93458330.254883, 91
93470486.191917, 38
new stimulus
93486558.383278, 13
93487298.936533, 38
93488217.575294, 20
93489978.258228, 73
93490128.419631, 71
93490908.251003, 8
93491030.320743, 70
93491444.799851, 8
93491658.686832, 8
93491822.10314, 20
93492518.836062, 73
93492688.355636, 71
93493291.381246, 8
93493407.776891, 70
93494486.013258, 32
93494918.707838, 78
93495165.781878, 85
93495589.411168, 77
93496230.759457, 81
93496810.943875, 8
93497159.461114, 49
93498093.474555, 32
93498317.081263, 91
93503094.912151, 16
93503286.097761, 77
93503891.913673, 8
93504085.392722, 16
93504293.47633, 78
93504802.714732, 8
93504949.215286, 16
93505167.191177, 190
93505757.195749, 8
93505909.021402, 16
new stimulus
93534183.062718, 73
93534559.548169, 71
93535221.289409, 8
93535383.178236, 70
93536783.340472, 32
93537360.917132, 69
93538469.870954, 67
93539212.961781, 8
93539534.303123, 86
93540159.465276, 65
93540964.307273, 77
93541534.162193, 32
new stimulus
93567359.387431, 32
93567954.467978, 8
93568645.579516, 67
93569213.415642, 8
93569341.485168, 88
93570174.171648, 80
93570803.04514, 8
93571441.31461, 75
93572105.923551, 8
93572477.634307, 59
93573050.834371, 8
93574629.613929, 79
93575019.726862, 8
93575636.586909, 16
93575956.870722, 79
new stimulus
new stimulus
93621063.362987, 73
93621525.438686, 78
93621924.383597, 89
93622537.715681, 8
93622620.942022, 84
93623196.154499, 32
93623700.187925, 73
93624252.306479, 32
93624507.42046, 8
93625116.806505, 32
93626406.210848, 173
93626833.701008, 8
93627317.294045, 16
93627500.989006, 173
93627991.981142, 8
93628155.936202, 16
93628363.831163, 48
93628809.370897, 8
93629112.899028, 16
93629421.357765, 61
93630001.307763, 8
93630376.109823, 8
93630539.513924, 16
93630819.908462, 48
93631259.830695, 8
93631420.207855, 16
93631868.460767, 173
93632539.17769, 8
93632628.822447, 16
93632828.473562, 173
93633353.82597, 8
93633892.798091, 32
93634069.540046, 16
93634148.454431, 48
93634713.098827, 8
93635163.991124, 16
93635671.272874, 16
93635700.937517, 16
93635731.29155, 16
93635762.11831, 16
93635794.238684, 16
93635824.814654, 16
93635836.142314, 173
93636640.974602, 8
93636994.59001, 61
93637589.222521, 32
93638044.959424, 48
93639327.822732, 76
93639960.777922, 8
93640500.348718, 32
93641027.798707, 73
93641563.428459, 32
93641795.603873, 16
93642302.956088, 16
93642333.47602, 16
93642361.105778, 16
93642392.033241, 16
93642423.290003, 16
93642454.490172, 16
93642485.759695, 16
93642519.178678, 16
93642549.976585, 16
93642595.607091, 16
93642619.134346, 78
new stimulus
93653308.817165, 86
93653761.608964, 8
93654396.890608, 86
93654768.807488, 8
93654908.41163, 67
93655547.674822, 65
93655724.22286, 83
93656051.723783, 69
93657235.762747, 32
93657563.503085, 16
93657787.647158, 222
93659212.439952, 86
93659872.737491, 8
93660027.749881, 67
93660499.456532, 79
93660915.710858, 82
93661363.037461, 8
93661462.274331, 87
93663169.112873, 39
93663412.070815, 16
93663867.760556, 222
93664569.161921, 36
93665981.659133, 39
93666148.826453, 39
93666292.973089, 39
93666485.195975, 39
93666661.14839, 39
93666847.955739, 39
93667056.144489, 39
93667261.736023, 39
93667637.47327, 39
93667862.629097, 39
93668085.20047, 39
93668895.865537, 8
93669158.523708, 16
93669444.316584, 76
93669952.140137, 8
93670059.113173, 16
93670219.733631, 75
93670736.558945, 8
93670842.936635, 16
93671075.871906, 59
93671938.98344, 13
93673044.343272, 86
93673289.97056, 79
93673395.649148, 85
93673611.17652, 84
93673811.323387, 32
93674445.880129, 16
93674684.733348, 77
93674852.069617, 77
93675347.565407, 32
93675555.327761, 16
93675965.464952, 188
new stimulus
93697612.32976, 76
93698259.302208, 8
93698884.758982, 74
93699512.755269, 8
93699779.667416, 76
93700640.400063, 8
93701204.439404, 74
93701792.745881, 8
93702427.93542, 75
93703427.129234, 32
93704083.01772, 16
93704266.670791, 173
93704791.824565, 8
93704900.505128, 16
93705139.815537, 173
93705608.501626, 8
93706163.844368, 173
93706674.79751, 8
93706906.823949, 16
93707371.376463, 173
93708064.937907, 8
93708218.797057, 16
93708427.086789, 61
93709233.115039, 8
93709395.086261, 61
93709914.984015, 32
93711651.841466, 48
93712355.267173, 32
new stimulus
93726571.880926, 67
93727400.35532, 8
93728035.667203, 86
93728712.460758, 8
93728779.624971, 67
93729287.503731, 8
93729396.222578, 88
93730092.197308, 32
93730284.486499, 16
93730731.186685, 48
93731272.838417, 8
93731426.673709, 16
93731635.399547, 173
93732096.359457, 8
93732482.692527, 16
93733011.700513, 57
93733604.925667, 61
93734011.736301, 8
93734186.825658, 8
93734355.173959, 8
93734852.738479, 32
93735364.735001, 16
93736003.225853, 16
93736406.757368, 56
93736824.150231, 8
93736986.865773, 16
93737240.961341, 57
93737915.292507, 16
93738030.86643, 8
93738563.084734, 16
93738773.91176, 55
93739784.2604, 8
93741012.313892, 32
93741292.04567, 51
93741906.898575, 32
93742326.306625, 173
93742992.808689, 8
93743274.826417, 16
93743619.128242, 173
93744183.667218, 8
93744499.109478, 61
93745058.925359, 32
93745314.61915, 48
93746622.471999, 37
93746788.356523, 37
93746940.283713, 37
93747084.481671, 37
93747308.786371, 37
93747476.949909, 37
new stimulus
93763083.966223, 65
93763522.627022, 32
93763788.077438, 61
93764178.776561, 32
93764514.688062, 78
93765231.821702, 8
93765427.912394, 66
93766066.686493, 13
93766710.269409, 8
93767214.03013, 8
93767402.771936, 78
93767934.958336, 8
93768114.912551, 66
93768742.62781, 32
93769002.286227, 173
93769599.198863, 8
93769882.659181, 61
93770314.261554, 32
93770490.355731, 65
93774030.100748, 38
93774454.932381, 40
93774796.609247, 36
93775940.3797, 39
93776141.014273, 39
93776459.930678, 39
93776603.885338, 39
93776883.596864, 39
93777526.40855, 8
93777682.7914, 89
93778327.272606, 8
93778802.619854, 89
93778866.277463, 84
93778994.152794, 69
93779001.737488, 82
93779051.115954, 77
93779260.788075, 80
93781373.633839, 37
new stimulus
93795883.495051, 67
93796503.117103, 8
93796730.754463, 88
93797242.485493, 32
93797542.975308, 8
93798236.243795, 32
93798810.915578, 173
93799511.72881, 8
93800371.055487, 61
93803418.254255, 32
93803633.905634, 67
93804223.223589, 8
93804557.714416, 8
93804749.604397, 8
93805906.235262, 16
93806331.252767, 61
93806905.7126, 61
93807457.80258, 32
93807793.90883, 49
93814953.560811, 75
93815559.279071, 8
93816042.412698, 59
new stimulus
93836099.626091, 73
93836377.88726, 71
93837119.256688, 8
93837316.7933, 70
93837759.31053, 8
93837948.931207, 8
93838146.228959, 82
93838329.75608, 69
93838770.040625, 84
93838977.469797, 85
93839133.355508, 82
93839321.55773, 78
93839794.457569, 32
93840729.919148, 65
93841409.837852, 80
93841894.390766, 8
93842658.43216, 80
93843135.422573, 8
93843508.527925, 219
93845282.550931, 173
93845791.03447, 8
93846106.940022, 48
93848158.961756, 39
93849083.116482, 32
93849785.80952, 61
93850210.737696, 61
93850683.638644, 32
93851513.848863, 78
93852287.77921, 8
93852562.220844, 78
93853198.88571, 8
93853323.526311, 66
93854051.434156, 80
93854599.523445, 8
93854905.558909, 219
new stimulus
93870986.994774, 88
93873410.230958, 50
93874297.630157, 219
93876226.719373, 73
93877361.474471, 40
93880927.675477, 38
93882366.609536, 39
93883785.559563, 219
93884482.802386, 75
93885646.885614, 8
93885763.638855, 72
93886366.813163, 8
93886601.465116, 74
93888070.566782, 39
93888609.985274, 32
93888862.086462, 8
new stimulus
93906696.908529, 75
93907325.453555, 32
93907812.642802, 16
93908016.069064, 61
93908561.290929, 32
93908808.895952, 49
new stimulus
93936515.069516, 73
93936665.278636, 71
93937017.100238, 32
93937522.000883, 8
93937724.4595, 8
93937833.126469, 70
93938392.712923, 32
93938568.862861, 65
93938880.443418, 71
93939249.061484, 69
93939552.877578, 32
93940065.174547, 16
93940296.807604, 190
93940880.923912, 32
93941303.068444, 8
93941745.517706, 61
93942224.696695, 32
93942872.613207, 54
93943381.137803, 8
93944713.615662, 54
93945448.214905, 53
93946497.025768, 16
93946996.095574, 16
93947026.432408, 16
93947056.252129, 80
93947613.991235, 8
93947800.531705, 16
93947952.453068, 219
93949492.458861, 220
93950318.354626, 8
93950970.053775, 13
93952833.335645, 84
93952984.876941, 82
93953589.777918, 8
93953773.038438, 8
93953889.324501, 84
93954064.747596, 82
93954413.466798, 8
93954595.979945, 8
93954744.901276, 82
93954961.208757, 69
93955752.755901, 89
93955928.375688, 73
93956096.217418, 84
93956541.148212, 8
93956708.337725, 8
93956869.99019, 8
93957057.245296, 89
93957517.481138, 8
93957602.299044, 84
93958056.438556, 73
93958749.390783, 8
93959129.781214, 73
93959727.211795, 8
new stimulus
93976713.773793, 71
93976864.953609, 82
93977357.296786, 8
93977531.546112, 8
93977649.282533, 70
93977840.432355, 82
93978637.204171, 8
93978802.733596, 69
93979248.826508, 66
93979750.896625, 8
93979864.901177, 86
93980240.195104, 82
93980408.538967, 84
93980789.167703, 8
93980972.045659, 8
93981001.317195, 69
93981137.079609, 82
93981817.174199, 32
93982022.42506, 8
93982226.204201, 32
93984128.566387, 173
93984997.299305, 8
93985216.662024, 61
93986401.816498, 32
93987041.238097, 89
93987128.373302, 84
93987765.327795, 8
93987948.002678, 8
93988849.056823, 84
93989712.58643, 84
93990357.224934, 8
93990552.646486, 82
93991008.293504, 73
93991613.331528, 8
93991984.248027, 85
93992248.313279, 69
93992888.493348, 76
93993509.640939, 8
93993848.848202, 59
new stimulus
94008073.357639, 85
94008949.687734, 8
94009232.611797, 73
94009830.207999, 8
94010120.739782, 85
94010813.765803, 8
94011128.631303, 85
94011648.088512, 89
94012216.320241, 8
94012440.904581, 8
94013000.884696, 89
94014602.176701, 32
94015432.934272, 16
94015688.299874, 188
94016389.649361, 8
94016575.977604, 16
94016945.872916, 191
94017601.634065, 8
94017769.740178, 16
94018272.833978, 16
94018303.047915, 16
94018334.226999, 16
94018364.829047, 16
94018396.135745, 16
94018427.318713, 16
94018466.839296, 16
94018489.967896, 16
94018520.656777, 16
94018567.67217, 16
94018599.04101, 16
94018629.766511, 16
94018661.420263, 16
94018694.032504, 16
94018723.924355, 16
94018754.839611, 16
94018785.956276, 16
94018832.730589, 16
94018863.937416, 16
94018895.076274, 16
94018926.281713, 16
94018957.933245, 16
94018988.669011, 16
94019019.762372, 16
94019051.013863, 16
94019093.437935, 16
94019129.367302, 16
94019160.338043, 16
94019189.756058, 16
94019220.639966, 16
94019250.144259, 16
94019283.729139, 16
94019312.764867, 16
94019343.739215, 16
94019376.73624, 16
94019423.190964, 16
94019456.689012, 16
94019488.200169, 16
94019503.925786, 190
94021344.277134, 32
94022392.198862, 67
94023037.447969, 8
94023146.438411, 88
94024512.022877, 32
94024647.785569, 65
94025377.688904, 78
94025529.876037, 68
94026256.235872, 32
