new stimulus
92765295.420775, 59
92766207.364255, 8
92767233.63992, 75
92767866.005035, 8
92768383.013448, 76
92769001.596836, 83
92769740.446725, 8
92769982.69003, 65
92770486.487093, 85
92771078.702434, 8
92771478.32897, 89
92771878.616878, 82
92772039.419879, 84
92772777.333749, 8
92773130.299159, 8
92773263.477951, 69
92773404.544657, 82
new stimulus
92810121.185875, 87
92810547.576615, 79
92810952.591501, 82
92811257.533648, 75
new stimulus
92841449.308777, 70
92841598.500316, 82
92842205.9286, 8
92842403.005525, 8
92842695.545837, 68
92842739.654688, 69
92843318.538001, 83
92843745.902212, 73
92844349.08623, 71
92844907.964427, 78
92845116.649762, 83
new stimulus
92876481.375331, 76
92876916.117835, 65
92877271.003554, 85
92877492.932973, 78
92877844.041049, 86
92878132.140126, 72
92878800.351659, 8
92879007.372189, 8
92879149.728071, 67
92879565.068295, 72
new stimulus
92905686.13155, 80
92906186.850626, 85
92906618.613904, 76
92906787.835249, 76
new stimulus
92950245.268582, 78
92950770.40904, 79
92951727.387125, 8
92952079.532201, 8
92952699.856406, 66
92953175.537115, 8
92954155.325043, 72
92954538.115722, 79
92954779.518441, 76
92954898.149268, 73
92955146.017564, 70
92955273.836301, 83
92955807.57515, 8
92955982.339092, 8
92956436.04333, 68
92957002.150846, 65
92957538.558763, 89
new stimulus
92974011.782907, 70
92974694.971298, 8
92974859.728937, 68
92975482.794618, 79
92975873.897389, 78
92976249.608836, 65
92976750.031071, 84
92977210.905258, 82
92977498.493048, 70
92977986.848296, 8
92978198.485946, 8
92978298.758152, 69
92978657.899234, 68
new stimulus
93018259.954425, 68
93018895.113448, 8
93019242.144265, 89
93019409.242507, 79
93019902.081157, 8
93020093.332515, 8
93020186.010317, 84
93020634.347566, 79
93020939.417326, 78
93021105.635588, 68
93021919.097338, 8
93022066.088927, 83
new stimulus
93046304.20809, 80
93046748.074697, 84
93046892.132281, 82
93047457.70576, 8
93047722.553062, 82
93047893.68362, 69
93048119.033087, 8
93048309.065734, 8
93048462.24326, 8
93048643.1543, 82
93048791.82401, 69
93049257.884863, 68
93049561.339755, 82
93050005.168355, 8
93050181.56076, 8
93050273.461228, 83
93051153.47825, 69
93051576.899474, 78
93052209.809444, 89
93052750.362589, 8
93052883.850705, 84
93053513.284588, 69
93054121.140933, 68
new stimulus
93088691.847813, 83
93089217.097575, 84
93089712.887987, 69
93089962.710992, 69
93090122.090268, 80
new stimulus
93123868.234114, 70
93124718.974607, 8
93124993.818779, 68
93125218.574565, 69
93125664.658322, 86
93126261.834785, 8
93126401.540741, 67
93126862.803318, 73
93127104.871015, 83
93127275.143232, 73
93127400.672968, 79
93127760.705404, 78
new stimulus
93154632.560419, 82
93154842.478613, 69
93155321.347168, 79
93155499.165794, 75
93155965.28768, 8
93156156.218894, 8
93156736.732334, 80
93157424.084815, 75
93157988.642933, 8
93158345.04781, 76
93158784.290362, 65
93159207.816451, 67
93159439.863974, 69
new stimulus
93184481.172814, 67
93184888.374056, 72
93185143.890576, 65
93185392.793098, 78
93185592.932474, 71
93185800.391607, 69
new stimulus
93225504.889547, 80
93225951.316474, 82
93226495.745746, 79
93227199.324313, 71
93227951.635231, 84
93228836.411413, 8
93228951.541185, 82
93229111.323831, 69
93229783.332149, 83
93229951.14364, 83
93230303.509821, 69
93230631.093139, 83
93234788.400633, 8
93234955.08524, 8
93235139.017673, 8
93235306.776455, 8
93235458.77938, 8
93235627.196481, 8
93235787.950656, 8
93235947.138234, 8
93236114.964151, 8
93236314.607221, 8
93236743.885915, 83
93237423.572695, 80
93237791.747442, 82
93237895.795349, 69
93238279.159735, 65
93238591.073752, 68
93238783.389853, 83
new stimulus
93254233.252918, 67
93254599.420522, 79
93254951.466559, 76
93255126.903525, 76
93255216.648985, 69
93255479.006432, 67
93255887.198346, 84
93256110.890777, 73
93256255.579493, 79
93256529.602777, 78
new stimulus
93301416.867704, 67
93301923.41623, 79
93302343.297838, 76
93302534.531163, 76
93302647.037641, 69
93302950.619869, 67
93303326.455046, 84
93303574.344148, 69
93303902.771659, 68
new stimulus
93327873.156397, 84
93328367.059236, 65
93328662.681142, 75
93328886.648497, 69
