new stimulus
94803005.294027, 16
94803492.61172, 16
94803519.66361, 16
94803551.605047, 16
94803580.700976, 16
94803614.025358, 16
94803641.572167, 16
94803673.086376, 16
94803703.794954, 16
94803736.964258, 16
94803799.689732, 16
94803814.497917, 16
94803846.335599, 16
94803875.012622, 16
94803906.867227, 16
94803937.62796, 16
94803968.414216, 16
94803999.386344, 16
94804045.930398, 16
94804078.425845, 16
94804110.995919, 16
94804139.754227, 16
94804170.802645, 16
94804202.11406, 16
94804233.104497, 16
94804264.095213, 16
94804295.379717, 16
94804316.983611, 66
94805467.715392, 79
94805882.301863, 84
94806202.403687, 72
94806923.572973, 190
94807642.534819, 32
94807937.317803, 16
94808446.34259, 16
94808476.769586, 16
94808507.492867, 16
94808539.074212, 16
94808569.683196, 16
94808603.994919, 65
94809284.479286, 32
94809417.739916, 86
94809944.310203, 8
94809995.358744, 67
94810346.040146, 73
94810529.764791, 84
94810922.334842, 89
94811153.675497, 32
94811393.899453, 78
94811547.523073, 69
94811729.534642, 69
94812010.521751, 68
94812180.189467, 83
94812330.178037, 32
94812467.803057, 84
94812649.01288, 79
94812763.080129, 32
94812865.40858, 82
94813033.480569, 69
94813226.774579, 77
94813361.163482, 69
94813474.348531, 77
94813929.682896, 66
94814042.257897, 69
94814114.820724, 82
94814313.829887, 32
94814449.29879, 73
94814542.79332, 84
94815049.609834, 83
94815273.392982, 32
94815385.45198, 82
94815515.233194, 79
94815649.371863, 79
94815785.014986, 84
94816193.267099, 83
94816376.912125, 32
94816473.29877, 65
94816617.306695, 78
94816737.186195, 68
94816937.158841, 32
94817052.005366, 87
94817296.932443, 69
94817403.009686, 82
94817537.788642, 69
94818054.301303, 8
94818236.90378, 8
94818389.103951, 8
94818657.723071, 72
94818754.818805, 69
94818850.548517, 82
94818969.424306, 69
94819098.775518, 32
94819256.928592, 73
94819346.532013, 84
94819512.941973, 32
94819962.268505, 67
94820513.100103, 65
94820634.489606, 77
94820803.23129, 69
94820977.337467, 32
94821155.574167, 70
94821257.486209, 82
94821386.198797, 79
94822121.408089, 77
94822489.976774, 188
94822841.186663, 32
94823165.679232, 8
94823317.443575, 8
94823593.524768, 190
94823952.936613, 32
94824082.465375, 16
94824216.813496, 73
94824778.983295, 84
94824985.438719, 32
94825442.440939, 80
94825864.876486, 82
94826009.049754, 79
94826593.223489, 86
94826976.676095, 73
94827242.624759, 68
94827474.397358, 69
94827744.954264, 83
94827913.282591, 32
94828057.166231, 70
94828503.573739, 8
94828538.60648, 71
94828832.773035, 82
94828944.59456, 69
94829265.30033, 65
94829568.809874, 84
94829752.979225, 32
94830298.232716, 84
94830425.349023, 82
94831073.92441, 65
94831396.155164, 86
94831721.087446, 69
94832017.019786, 76
94832792.965876, 32
94833226.801767, 68
94833426.698122, 69
94833688.767329, 83
94833976.844489, 84
94833985.793263, 82
94834663.481779, 8
94834837.057249, 8
94835053.958133, 8
94835198.275106, 8
94835356.644569, 8
94835530.382608, 65
94835832.851545, 84
94836050.493698, 84
94836177.028531, 82
94836448.634089, 65
94836705.386242, 67
94836976.529339, 84
94837224.637882, 73
94837336.92381, 79
94837576.635369, 78
94837712.473797, 83
94837976.710218, 32
94838160.98055, 65
94838298.244645, 76
94838400.644671, 83
94838512.452602, 79
94838921.706484, 190
94839520.870947, 32
94839699.220557, 16
94840028.617654, 65
94840419.351733, 84
94842321.542195, 32
94843318.333542, 8
94843493.682565, 8
94843661.065996, 8
94843864.797976, 16
94844345.602098, 66
94844601.974184, 85
94844744.322299, 84
94844928.327139, 32
94845034.53255, 73
94845152.418502, 84
94845296.580118, 32
94845424.077602, 65
94845592.37458, 76
94845681.526637, 83
94845808.683725, 79
94845930.429436, 32
94846112.436845, 78
94846257.667365, 69
94846433.551534, 69
94846688.517927, 68
94846865.744814, 83
94847008.654984, 32
94847176.549979, 84
94847313.805197, 79
94847418.537224, 32
94847624.274959, 77
94847736.360589, 65
94847849.499865, 75
94847976.367325, 69
94848066.698976, 32
94848208.422616, 78
94848336.343722, 87
94848664.324862, 69
94849342.293573, 8
94849492.058542, 8
94849578.919932, 69
94849712.605017, 87
94850016.590616, 69
94850424.690703, 82
94850600.700543, 32
94850800.461795, 66
94851120.640188, 85
94851265.10558, 73
94851560.380155, 76
94851656.123461, 68
94851872.378231, 73
94851960.830077, 78
94852104.27456, 71
94852432.344474, 83
94852600.333515, 32
94852784.358885, 84
94852928.149035, 79
94853042.376633, 32
94853280.340162, 75
94854248.873392, 69
new stimulus
94868085.09172, 16
94868585.94701, 16
94868615.86577, 16
94868646.448121, 16
94868677.449933, 16
94868708.687553, 16
94868738.76056, 16
94868769.874727, 16
94868801.440814, 16
94868834.149321, 16
94868888.94055, 16
94868910.272016, 16
94868941.426965, 16
94868972.534475, 16
94869003.659739, 16
94869035.107644, 16
94869066.95781, 16
94869097.379812, 16
94869144.43765, 16
94869175.164538, 16
94869207.631966, 16
94869237.789308, 16
94869268.893489, 16
94869300.453195, 16
94869331.571524, 16
94869363.030526, 16
94869394.229584, 16
94869440.584714, 16
94869471.448926, 16
94869502.766443, 16
94869534.276768, 16
94869565.362361, 16
94869596.372496, 16
94869627.629258, 16
94869659.166216, 16
94869690.047627, 16
94869737.351538, 16
94869768.599977, 16
94869799.136554, 16
94869830.412458, 16
94869861.931661, 16
94869984.295466, 16
94870306.520672, 73
94870576.531336, 32
94870816.48342, 76
94870920.560457, 73
94871153.024112, 75
94871248.865347, 69
94871370.498703, 32
94871570.077689, 84
94871832.56913, 72
94871945.57025, 69
94872105.606459, 32
94872250.886083, 73
94872321.935855, 68
94872416.974234, 69
94872624.344592, 65
94872816.3178, 32
94873768.96007, 79
94873872.24063, 70
94874064.437162, 32
94874304.399233, 83
94874433.852813, 80
94874585.48871, 69
94875220.810302, 88
94875877.586258, 8
94876137.506838, 86
94876749.596074, 8
94876833.629434, 88
94877422.373404, 8
94877489.555094, 67
94878032.296259, 73
94878336.241909, 76
94878448.641857, 73
94879080.747305, 65
94879360.544832, 90
94879560.290271, 73
94879712.734296, 78
94879824.634053, 71
94879976.133182, 32
94880057.57404, 73
94880224.190401, 78
94880328.32958, 32
94880532.978992, 79
94880720.365041, 78
94880792.909004, 69
94880960.595101, 32
94881104.503987, 70
94881281.95614, 73
94881432.327829, 69
94881616.574303, 76
94881736.492919, 68
94882233.239879, 32
94882471.993226, 77
94882594.047152, 79
94882664.732394, 82
94882720.21246, 69
94882992.181994, 190
94883369.607349, 32
94883506.031412, 16
94883640.203371, 73
94883856.212901, 84
94884145.007473, 32
94884266.83225, 71
94884401.140977, 73
94884572.763957, 86
94884819.937036, 69
94885066.098915, 83
94885145.993428, 32
94885386.779995, 85
94885923.784368, 8
94886265.009593, 85
94886271.740107, 89
94886796.776255, 8
94886955.550198, 8
94890074.636828, 89
94890074.971952, 79
94890075.620563, 85
94890076.008675, 32
94890076.216741, 65
94890076.671434, 78
94890077.247915, 32
94890077.459865, 79
94890077.669318, 80
94890078.434168, 80
94890078.748209, 82
94890079.061695, 73
94890079.364361, 79
94890079.562995, 84
94890079.762738, 85
94890079.960817, 78
94890080.164166, 84
94890160.459276, 89
94890277.058825, 32
94890438.896607, 84
94890756.429789, 79
94890965.141479, 32
94891156.168403, 68
94891299.617602, 73
94891467.663792, 86
94891628.692336, 69
94894653.044364, 32
94894653.976499, 68
94894654.792949, 69
94894655.503702, 69
94894656.084067, 80
94894656.719639, 32
94894657.425953, 65
94894659.283288, 78
94894659.873085, 68
94894660.425985, 32
94894660.775813, 32
94894661.232448, 77
94894661.524573, 65
94894662.568786, 83
94894663.062318, 84
94894663.379411, 69
94894663.924543, 82
94894664.256061, 65
94894664.569547, 32
94894799.769352, 83
94894968.460545, 75
94895328.527936, 73
94895824.692867, 76
94895992.203078, 76
94897691.709102, 191
94898573.716344, 8
94898961.170195, 188
94899557.052766, 8
94899936.75658, 77
94900526.480402, 8
94900848.409322, 190
94901392.414973, 32
94901616.045261, 16
94902122.57631, 16
94902153.53207, 16
94902184.293358, 16
94902215.857503, 16
94902246.712559, 16
94902277.935198, 16
94902309.081269, 16
94902340.802435, 16
94902371.775118, 16
94902418.619619, 16
94902449.490488, 16
94902481.575907, 16
94902512.209581, 16
94902543.613931, 16
94902574.408232, 16
94902605.456929, 16
94902636.828266, 16
94902686.037505, 16
94902687.796077, 73
94903096.314238, 84
94903303.898765, 32
94903447.940813, 71
94903583.656066, 73
94903703.679824, 86
94903972.725063, 69
94904231.153395, 83
94904328.23387, 32
94904512.270614, 89
94904752.12671, 79
94904808.231806, 85
94904944.287177, 82
94905271.881592, 32
94905616.634226, 8
94905781.897882, 8
94905866.20672, 32
94906440.133073, 188
94906727.999671, 79
94907052.636222, 8
94907219.513636, 8
94907504.37715, 77
94908016.105406, 79
94908136.134713, 82
94908216.242008, 69
94908337.317748, 32
94908551.779545, 80
94908609.900661, 82
94908775.6523, 65
94909047.954463, 67
94909400.113687, 84
94909576.228115, 73
94909744.162504, 67
94909904.12159, 69
94910103.972448, 32
94910184.131621, 65
94910391.998564, 78
94910464.275647, 68
94910680.026621, 32
94910839.994862, 69
94911129.570097, 88
94911335.586085, 80
94911479.922477, 69
94911552.109954, 82
94911807.885307, 73
94911880.187636, 69
94912096.677105, 78
94912447.786012, 67
94912720.173066, 69
94913528.343562, 188
94914180.786755, 8
94915368.454386, 32
94915480.251776, 65
94915671.941182, 78
94915776.01378, 68
94915889.299811, 32
94916072.150302, 75
94916263.788662, 69
94916456.811909, 69
94916553.225742, 80
94916719.937258, 83
94916792.105038, 32
94917040.06738, 89
94917287.833862, 79
94917352.082933, 85
94917840.047572, 32
94917920.200087, 83
94918175.916627, 84
94918415.716684, 82
94918487.84507, 69
94918720.122298, 65
94918857.350883, 77
94919095.812938, 76
94919183.970717, 73
94919472.43599, 78
94919512.780514, 69
94919773.692319, 68
94920122.942228, 190
new stimulus
94931195.465939, 16
94931355.801208, 73
94931609.61242, 78
94931849.230211, 32
94931984.274105, 84
94932096.473755, 79
94932247.919064, 68
94932466.493352, 65
94932658.293172, 89
94932815.939952, 83
94933567.95181, 32
94933656.041899, 87
94933769.034419, 79
94933887.616142, 82
94934064.544524, 76
94934193.165286, 68
94934351.867654, 32
94934527.608951, 73
94934655.849091, 84
94934817.22358, 32
94934897.935099, 73
94935009.341324, 83
94935167.682212, 32
94935367.936996, 77
94935543.607551, 79
94935567.849719, 82
94935735.531655, 69
94935887.451076, 32
94936344.024126, 73
94936511.417821, 77
94936791.663106, 80
94936863.870557, 79
94936919.634148, 82
94937143.587632, 84
94937431.512211, 65
94937553.297594, 78
94937680.114286, 84
94937801.174767, 32
94937921.363036, 84
94938001.291117, 79
94938105.146217, 32
94938193.372242, 87
94938320.994288, 79
94938439.538005, 82
94938575.942926, 75
94938711.551649, 32
94939007.621313, 87
94939111.90919, 73
94939271.671307, 84
94939386.081171, 72
94939479.56072, 32
94939569.549756, 65
94939688.033827, 32
94939879.607826, 71
94940047.819913, 82
94940151.558773, 79
94940223.540404, 85
94940455.531333, 80
94940551.524595, 32
94940991.796102, 70
94941420.205358, 8
94941648.2275, 79
94941735.55801, 70
94942184.840155, 32
94942368.940151, 80
94942519.979038, 69
94942633.492554, 79
94942823.758235, 80
94942944.026124, 76
94943065.350155, 69
94943367.860428, 190
94947671.883756, 32
94948007.524216, 16
94948207.60783, 84
94948503.744075, 69
94948761.785404, 65
94948895.367011, 77
94949087.478375, 32
94949415.426224, 80
94949527.382853, 82
94949641.918389, 79
94949896.123816, 74
94949984.886096, 69
94950275.180961, 67
94950543.317923, 84
94950823.289948, 83
94951031.353304, 32
94951111.672272, 65
94951239.615571, 82
94951327.749215, 69
94951440.71649, 32
94951591.276825, 70
94952308.346103, 8
94952425.557644, 71
94952519.813417, 82
94952743.306382, 79
94952935.580592, 87
94953103.406232, 73
94953279.332846, 78
94953455.612618, 71
94953703.291435, 32
94953879.339005, 73
94954047.280884, 78
94954184.981362, 32
94954319.491498, 90
94954432.834955, 73
94955165.214551, 8
94955315.235303, 8
94955424.290384, 83
94955599.72846, 73
94955719.388519, 90
94955975.777528, 69
94956151.553225, 32
94956241.101162, 65
94956391.35134, 78
94956497.747062, 68
94956588.077327, 32
94956705.039465, 73
94956855.915228, 78
94956991.183001, 67
94957151.53436, 76
94957335.482052, 85
94957479.492752, 68
94957663.360823, 73
94957753.134858, 78
94957879.264101, 71
94958007.814121, 32
94958151.264707, 69
94958391.417089, 86
94959095.593775, 69
94959232.842889, 82
94959655.541709, 89
94959863.375083, 68
94960316.101966, 8
94960600.297173, 66
94960839.609524, 79
94961127.416199, 68
94961367.197114, 89
94961503.135968, 83
94961751.340498, 32
94962503.496893, 79
94962919.14228, 80
94963383.635426, 73
94963871.807576, 78
94964215.282409, 73
94964319.615227, 79
94964663.161635, 78
94964962.125079, 83
94965903.711839, 8
94966105.600633, 32
94966543.520718, 73
94966727.270886, 83
94966847.372322, 32
94967031.236232, 71
94967279.17, 69
94967479.168169, 84
94967647.057615, 84
94967783.211748, 73
94967920.612612, 78
94967975.598869, 71
94968119.301908, 32
94968303.023502, 77
94968432.177467, 79
94968464.602727, 82
94968504.430692, 69
94968655.065654, 32
94968799.822616, 65
94968929.346939, 78
94969031.151064, 68
94969120.789718, 32
94969294.819881, 77
94969375.445954, 79
94969407.504186, 82
94969511.200046, 69
94969560.895881, 32
94969728.684346, 73
94969951.168053, 77
94970255.660778, 80
94970335.55113, 79
94970415.374623, 82
94970568.313568, 84
94971015.428499, 65
94971175.244158, 78
94971319.16747, 84
94971815.57764, 190
94972455.289422, 32
94972608.746311, 16
94973117.655414, 16
94973148.27272, 16
94973179.209616, 16
94973190.616895, 72
94973503.1368, 69
94973831.380658, 78
94974007.296175, 67
94974143.48138, 69
94974359.668459, 32
94975703.455668, 78
94975887.252443, 69
94976063.797151, 69
94976327.233767, 68
94977228.404151, 8
94977570.613666, 8
94977770.367982, 8
94978395.03577, 8
94978570.94241, 8
94978746.613797, 8
94978931.081653, 8
94979116.544619, 8
94979282.768429, 8
94979811.354458, 8
94980599.938745, 16
94980911.817252, 72
94981103.211482, 69
94981239.05629, 78
94981391.193765, 67
94981535.434724, 69
94982359.470658, 32
94982639.087306, 66
94982703.746406, 69
94982887.144526, 73
94982991.245698, 78
94983128.646284, 71
94983263.19942, 32
94983391.04368, 65
94983495.207549, 66
94983776.145832, 76
94983841.482949, 69
94983997.406389, 32
94984131.206326, 84
94984273.193794, 79
94984464.832432, 32
94984912.621774, 76
94985057.358484, 73
94985209.551165, 83
94985772.94467, 8
94985939.231454, 8
94986067.3634, 8
new stimulus
94997482.691695, 16
94997715.281299, 67
94998536.816004, 72
94998656.470792, 65
94998831.405348, 78
94998983.581662, 71
94999112.105326, 69
94999288.154006, 32
94999383.749446, 73
94999590.029817, 78
94999950.712528, 32
95000319.477627, 76
95000415.36852, 73
95000505.901025, 70
95000599.318986, 69
95000951.118395, 32
95001303.306194, 66
95001416.60138, 82
95001598.973874, 73
95001791.436453, 78
95001929.789703, 71
95002703.553598, 83
95003063.353555, 32
95006436.597618, 8
95006627.653671, 8
95006778.37935, 8
95006922.657483, 8
95007074.361348, 8
95007226.734631, 8
95007370.343347, 8
95007704.417487, 85
95007807.320478, 83
95007903.147842, 85
95008062.947965, 65
95008143.287462, 76
95008271.110916, 76
95008574.977501, 89
95008680.397533, 32
95009006.906676, 77
95009088.3664, 69
95009151.573477, 65
95009262.715597, 78
95009398.88693, 83
95009575.013288, 32
95009862.894035, 71
95009967.187737, 79
95010039.597983, 73
95010294.827371, 78
95010343.178269, 71
95010466.497791, 32
95010678.645064, 79
95010767.938883, 85
95010870.863512, 84
95011110.952642, 83
95011246.677881, 73
95011414.608109, 68
95011550.832429, 69
95011614.584639, 32
95011910.802723, 89
95012126.882995, 79
95012182.96673, 85
95012366.990158, 82
95012614.978577, 32
95012847.60924, 67
95013001.943335, 79
95013191.610063, 77
95013334.877551, 70
95013543.008598, 79
95013710.977665, 82
95014199.471068, 90
95014660.233732, 8
95014760.960909, 84
95014918.899259, 32
95015064.494866, 83
95015238.893999, 79
95015430.668019, 90
95015774.640822, 69
95016195.263977, 8
95016386.728672, 8
95016530.175651, 8
95016690.544211, 8
95016785.055212, 83
95017299.752429, 8
95017399.359933, 90
95017783.072483, 79
95018063.076689, 78
95018246.716166, 69
95018686.848129, 32
95018824.351084, 87
95018944.507172, 72
95019022.949386, 73
95019342.897519, 67
95019558.915372, 72
95019798.811416, 32
95019886.984731, 67
95020166.94455, 65
95020294.886462, 78
95020486.628301, 32
95020678.716638, 66
95020784.638803, 69
95020896.362121, 32
95021048.031586, 73
95021312.756822, 78
95021599.268495, 84
95021838.861041, 73
95022191.129015, 77
95022344.904938, 73
95023023.84074, 68
95023240.159872, 65
95023479.503848, 84
95023624.61591, 73
95023727.500036, 78
95023856.250353, 71
95024549.253071, 190
95024998.588481, 32
95025118.782576, 16
95025254.981928, 72
95025486.627191, 79
95025591.079578, 87
95025822.811951, 69
95026086.995384, 86
95026224.12604, 69
95026263.2058, 82
95026462.618888, 32
95026573.393149, 73
95026686.736606, 84
95026830.432432, 32
95027118.5046, 73
95027225.169421, 83
95027334.740228, 32
95027550.64628, 85
95027782.68659, 65
95028438.896884, 83
95028707.415023, 8
95028873.943441, 8
95028976.394512, 83
95029118.92739, 85
95029270.413202, 65
95029414.574541, 76
95029534.552525, 76
95029872.1083, 89
95030105.178953, 32
95030343.339173, 65
95030591.098166, 67
95030734.93409, 67
95030911.391688, 79
95031182.972001, 77
95031462.887432, 80
95031782.888275, 65
95031950.389055, 73
95032143.01448, 78
95032350.583472, 69
95032859.59522, 8
95033074.459833, 8
95033273.887901, 8
95033615.470445, 74
95033621.430006, 78
95034107.234089, 8
95034282.125922, 8
95034519.443892, 78
95034646.681155, 73
95034782.619732, 69
95035014.888082, 68
95035294.764674, 32
95035446.447178, 87
95035574.814654, 73
95035775.232007, 84
95035926.7328, 72
95036438.755954, 32
95036630.842905, 78
95036703.033711, 69
95036814.694886, 87
95036904.669497, 32
95037174.500947, 79
95037446.888555, 80
95037598.447606, 80
95037998.898638, 79
95038160.82131, 82
95038447.648689, 84
95038566.646821, 85
95038750.337344, 78
95039166.715955, 73
95039691.499649, 8
95040399.564393, 84
95040883.253694, 8
95041095.16183, 73
95041182.632438, 84
95041280.231136, 73
95041374.975725, 69
95041606.522781, 83
95041742.289079, 32
95041824.238173, 65
95041936.143202, 78
95042150.823885, 68
95042446.470481, 32
95042567.969288, 69
95042814.954552, 88
95043246.818811, 80
95043470.653282, 82
95043971.336015, 8
95044015.076451, 69
95044110.378102, 82
95044310.438691, 73
95044390.427528, 69
95044582.855429, 78
95044686.574869, 67
95044840.013726, 69
95045102.505168, 83
95045286.370465, 32
95045366.870867, 87
95045542.538647, 72
95045646.634548, 73
95045750.518777, 67
95046054.56624, 72
95046270.2326, 32
95046358.617865, 67
95046630.544122, 65
95046815.741596, 78
95047963.372642, 8
95048129.763459, 8
95048289.843223, 8
95048392.656607, 65
95048527.855301, 82
95048600.999049, 69
95048696.089582, 32
95048833.404168, 73
95049431.436475, 77
95049703.212647, 80
95049791.13129, 79
95049904.716658, 82
95049967.156111, 84
new stimulus
95059882.011125, 16
95060066.956978, 73
95060320.376749, 32
95060543.933243, 65
95061255.364492, 70
95061939.970782, 8
95062135.392611, 71
95062575.021888, 82
95062878.990564, 69
95063078.767628, 69
95063229.45419, 190
95063704.500714, 32
95064215.206673, 16
95064720.426351, 16
95064750.889412, 16
95064782.582002, 16
95064816.475375, 16
95064817.110115, 84
95065070.468852, 79
95065232.292763, 85
95065439.218415, 82
95065790.623054, 32
95065927.862181, 71
95066273.146632, 85
95066403.659961, 73
95066606.308889, 68
95066815.741874, 69
95067302.642325, 83
95068151.183145, 32
95068847.112656, 72
95069078.212231, 69
95069462.130072, 76
95070947.369603, 8
95071129.522658, 8
95071305.517795, 8
95071449.971259, 84
95071711.240383, 65
95071775.892269, 75
95071934.288642, 69
95072110.112055, 32
95072182.487901, 82
95072254.012896, 69
95072501.991883, 83
95072607.793092, 80
95072686.306881, 79
95072854.21325, 83
95073366.499955, 73
95073990.265292, 66
95074358.336283, 73
95074606.13772, 76
95074711.981652, 73
95074870.742556, 84
95075062.296026, 89
95075151.618419, 32
95075406.045505, 79
95075503.560977, 70
95075709.955923, 32
95075936.050266, 80
95076117.955028, 65
95076231.883012, 76
95076547.476188, 8
95076722.214885, 8
95076974.741082, 76
95077087.347154, 65
95077231.243279, 78
95077422.444424, 78
95077558.124999, 73
95077638.36934, 78
95077751.750804, 71
95077870.153868, 32
95077984.233601, 84
95078085.93619, 72
95078213.985465, 69
95078366.371786, 32
95078469.885658, 84
95078518.609132, 82
95078694.003653, 85
95079070.270219, 80
95079387.250223, 8
95079561.469033, 8
95079758.631403, 73
95080270.556074, 80
95080822.348935, 32
95081007.888747, 65
95081110.539007, 83
95081341.949016, 32
95081501.978012, 87
95081623.308979, 69
95081768.89016, 76
95081939.111331, 76
95082193.256557, 32
95082407.255062, 65
95082552.025895, 83
95082854.409387, 32
95083238.515597, 77
95083351.245121, 65
95083494.688772, 75
95083724.278621, 73
95083894.467334, 78
95084030.566538, 71
95084198.161086, 32
95084366.140972, 83
95084550.146367, 85
95084758.529035, 82
95085006.140162, 69
95085182.164706, 32
95085333.966223, 69
95085598.274218, 86
95085790.087631, 69
95085967.857432, 82
95086230.287286, 89
95086542.174671, 66
95086774.050193, 79
95086870.18272, 68
95087102.212211, 89
95087222.009316, 32
95087343.798305, 83
95087558.071734, 84
95087679.879033, 73
95087870.093668, 67
95088038.292717, 75
95088166.036273, 83
95088279.682397, 32
95088430.184196, 84
95088559.725719, 79
95088640.205036, 32
95088743.836257, 83
95088863.948235, 32
95089387.784537, 8
95089553.633273, 8
95089600.172888, 65
95089766.094864, 32
95089830.13476, 83
95090054.023605, 69
95090862.426857, 67
95090988.760282, 8
95091189.347971, 8
95091335.108643, 67
95092086.345664, 72
95092270.0864, 68
95092447.809038, 69
95093235.54081, 8
95093402.347204, 8
95093494.741759, 69
95094318.497498, 68
95094502.603874, 85
95094782.12287, 76
95094830.173599, 69
95095126.35534, 190
95095582.229567, 32
95095750.375628, 16
95095958.081111, 84
95096158.081222, 72
95096270.210962, 69
95096421.965872, 89
95096558.188251, 32
95096710.226408, 65
95096853.920016, 76
95096965.966807, 83
95097063.631808, 79
95097206.006833, 32
95097389.965344, 85
95097558.202954, 83
95097694.063853, 85
95097893.92997, 65
95097950.227873, 76
95098078.852797, 76
95098350.88808, 89
95098525.823191, 32
95098718.471919, 75
95098862.199372, 78
95099078.07574, 79
95099183.870846, 87
95099271.507073, 32
95099622.08139, 84
95099878.293959, 72
95100053.815816, 69
95100365.843854, 32
95100557.941069, 76
95100774.289885, 67
95100780.161503, 79
95101037.927908, 65
95101159.569031, 76
95101619.198707, 8
95101769.430576, 8
95101929.764735, 8
95102058.236522, 8
95102295.051528, 79
95102438.204441, 67
95102669.895201, 65
95102774.457724, 76
95102933.920781, 32
95103014.427286, 65
95103205.8426, 82
95103286.313039, 69
95103478.227434, 65
95103782.086251, 77
95104371.727956, 8
95104662.718871, 188
95105438.271577, 32
95106902.379385, 76
95107021.906005, 65
95107166.070951, 78
95107453.812154, 71
95107631.47598, 85
95107758.170329, 65
95107822.182483, 71
95107997.758714, 69
95108149.908395, 32
95108261.985147, 65
95108366.094087, 78
95108469.68536, 68
95108567.657744, 32
95108734.071033, 67
95108847.430026, 85
95109118.252146, 76
95109397.821356, 84
95109527.312111, 85
95109645.811995, 82
95109766.036883, 69
95110110.192508, 190
95110852.619465, 32
95111017.702242, 16
95111226.756547, 84
95111458.951936, 72
95111578.42002, 69
95111851.171604, 89
95111989.406673, 32
95112122.566045, 67
95112358.640891, 65
95112486.01409, 78
95112605.899693, 32
95112758.314588, 83
95112909.799291, 72
95113207.866387, 79
95113335.242083, 87
95113504.02538, 32
95113695.512269, 72
95113775.809598, 73
95113886.621587, 68
new stimulus
95123977.67703, 16
95124485.654275, 16
95124515.666249, 16
95124546.59177, 16
95124568.289154, 83
95124856.34218, 219
95124983.097562, 69
95125638.012022, 8
95126035.451092, 8
95127088.405239, 59
95127580.511498, 8
95128160.249545, 79
95128659.614528, 8
95128927.526502, 80
95129630.833195, 69
95129830.239902, 78
95130053.955914, 68
95130215.166724, 73
95130312.469414, 78
95130437.868484, 71
95130574.724493, 32
95130687.830755, 84
95130845.810164, 73
95130999.069806, 77
95131103.336044, 69
95131207.393939, 32
95131365.647162, 87
95131398.019989, 73
95131622.273088, 84
95131734.150375, 72
95131941.924659, 32
95132078.149811, 79
95132301.764842, 78
95132399.413753, 69
95132565.802074, 32
95132687.391597, 79
95132797.672325, 82
95132926.137176, 32
95133110.192508, 84
95133269.863908, 79
95133421.934246, 87
95133621.878318, 78
95134035.38562, 8
95134209.465997, 8
95134361.675601, 8
95134401.05997, 87
95134653.72571, 79
95134917.70829, 32
95135061.762267, 67
95135191.360107, 76
95135341.686298, 79
95135431.825142, 83
95135661.785349, 69
95135829.621531, 32
95135951.349764, 70
95136070.216677, 82
95136191.432791, 73
95136333.847487, 69
95136437.531695, 78
95136682.7312, 68
95136930.867484, 83
95137217.45961, 32
95137410.938382, 73
95137561.749229, 83
95137794.559105, 32
95138281.689261, 66
95138409.895556, 69
95138666.97035, 84
95138833.531227, 84
95139001.82876, 69
95139434.72669, 82
95139697.370158, 190
95140082.674273, 32
95140242.169788, 16
95140498.851753, 71
95140761.208368, 69
95141018.032928, 84
95141185.498753, 84
95141329.778273, 73
95141524.882734, 78
95141637.81644, 71
95141801.195296, 32
95141917.228074, 65
95142028.218723, 32
95142161.367275, 83
95142305.417923, 77
95142484.04662, 65
95142608.976571, 76
95142737.592617, 76
95142834.194263, 32
95143265.518938, 89
95143324.147734, 72
95143457.082395, 69
95143601.339444, 84
95143979.70803, 8
95144155.692903, 8
95144308.164947, 8
95144371.477445, 69
95144986.16362, 84
95145289.673164, 32
95145449.296848, 81
95145616.89417, 85
95145756.978528, 73
95145897.936486, 65
95146089.496891, 76
95146226.978484, 73
95146425.163983, 84
95146766.006922, 8
95146932.697909, 8
95147091.490716, 8
95147234.829225, 8
95147386.782214, 8
95147522.641726, 65
95147921.288687, 76
95148073.3446, 73
95148265.022632, 84
95148529.367524, 89
95148705.109376, 32
95148849.034629, 70
95148945.228189, 82
95149073.750744, 73
95149217.301757, 69
95149328.960436, 78
95149488.955032, 68
95149618.143675, 32
95149825.121482, 71
95149897.672381, 82
95150113.342902, 85
95150425.266352, 80
95150617.135249, 32
95150900.109525, 8
95151042.708429, 8
95151178.942459, 8
95151457.476055, 79
95151681.476979, 85
95152091.001623, 80
95152273.769165, 32
95152729.157627, 71
95153228.091775, 8
95153441.209467, 73
95153540.795333, 83
95153720.917942, 32
95153904.862859, 77
95154017.581842, 79
95154049.221722, 82
95154106.007055, 69
95154177.052944, 32
95154307.720796, 73
95154489.114549, 77
95154738.01929, 80
95154857.100649, 82
95154953.407397, 84
95155246.395744, 8
95155402.498121, 8
95155650.750091, 79
95156002.123103, 82
95156129.377844, 84
95156761.08658, 84
95157384.831111, 8
95157483.212414, 65
95157665.077505, 78
95157800.973637, 84
95158145.076274, 32
95158282.290155, 84
95158433.950188, 72
95158586.155908, 65
95158739.402789, 78
95158841.245754, 32
95159041.307729, 72
95159168.779413, 65
95159361.330212, 66
95159955.936091, 8
95160425.699961, 86
95160826.543543, 73
95160985.16324, 78
95161089.902758, 71
95161297.002908, 32
95161395.737923, 65
95161538.271633, 32
95161721.76796, 72
95162130.075281, 85
95162369.607071, 71
95162617.091694, 82
95162641.138281, 32
95163332.809654, 8
95163490.841496, 8
95163545.938998, 69
95163712.983142, 32
95163913.493431, 78
95164113.001397, 85
95164385.702768, 77
95164753.062729, 66
95164913.285087, 69
95165017.492789, 82
95165265.154684, 32
95165498.299963, 79
95165929.545573, 71
95167164.651109, 8
95167361.588768, 70
95167938.287113, 32
95168120.890144, 78
95168305.054502, 79
95168449.125679, 84
95168616.694149, 32
95168737.677785, 84
95168850.424787, 72
95169008.866102, 65
95169234.330144, 84
95169409.082157, 32
95169610.092636, 67
95169778.523609, 76
95169962.329816, 79
95170068.655073, 83
95170314.115076, 69
95170553.639654, 32
95170633.637368, 70
95170721.000058, 82
95170833.68575, 73
95170969.672876, 69
95171097.825628, 78
95171200.743322, 68
95171298.04407, 83
95171553.726209, 190
95171992.828108, 32
95172147.065383, 16
95172401.884466, 72
95172624.934389, 85
95172976.945471, 65
95173085.799144, 77
95173751.129936, 8
95173986.659927, 8
95174266.423053, 8
95174620.66793, 16
95175073.179812, 65
95175249.050387, 66
95175795.004921, 8
95175906.773736, 86
95176345.000926, 73
95176521.364201, 78
95176592.921377, 71
95176744.649101, 32
95176881.480419, 65
95176984.819515, 32
95177225.26097, 83
new stimulus
95187506.448654, 16
95188017.900044, 16
95188048.777016, 16
95188079.690054, 16
95188112.598581, 16
95188143.720794, 16
95188173.564095, 16
95188204.600308, 16
95188236.558945, 16
95188269.296859, 16
95188322.808067, 16
95188344.833364, 16
95188375.286714, 16
95188407.684232, 16
95188438.263532, 16
95188470.646901, 16
95188500.725456, 16
95188533.460595, 16
95188578.957107, 16
95188611.459212, 16
95188642.057932, 16
95188672.441372, 16
95188702.980446, 16
95188734.674146, 16
95188765.572203, 16
95188798.318439, 16
95188828.848358, 16
95188876.772582, 16
95188906.025254, 16
95188939.893104, 16
95188968.871683, 16
95188999.968651, 16
95189033.376537, 16
95189061.823023, 16
95189092.826777, 16
95189127.641187, 16
95189171.093938, 16
95189202.759896, 16
95189234.110149, 16
95189264.434499, 16
95189295.520092, 16
95189326.753551, 16
95189358.593175, 16
95189389.663787, 16
95189436.34239, 16
95189467.522307, 16
95189499.97947, 16
95189531.295046, 16
95189562.516853, 16
95189593.4224, 16
95189624.949648, 16
95189655.874614, 16
95189687.30421, 16
95189732.463377, 16
95189763.987573, 16
95189795.430762, 16
95189826.437291, 16
95189857.300115, 16
95189890.940202, 16
95189920.501089, 16
95189952.045259, 16
95189983.217963, 16
95190029.541744, 16
95190063.391562, 16
95190093.049823, 16
95190123.001042, 16
95190153.979273, 16
95190188.061847, 16
95190217.922348, 16
95190251.412905, 16
95190294.295278, 16
95190327.961165, 16
95190358.734382, 16
95190388.109674, 16
95190420.646457, 16
95190451.256828, 16
95190481.861373, 16
95190512.964999, 16
95190544.05836, 16
95190552.72999, 72
95191102.640827, 8
95191832.905919, 16
95192339.719105, 16
95192369.847595, 16
95192400.500967, 16
95192432.005188, 16
95192463.164853, 16
95192495.549055, 16
95192529.183316, 16
95192561.10145, 16
95192591.699337, 16
95192638.688097, 16
95192669.025763, 16
95192700.812122, 16
95192732.145175, 16
95192763.080684, 16
95192795.814991, 16
95192827.031527, 16
95192844.63695, 80
95193060.910862, 69
95193205.302183, 79
95193381.453509, 80
95193453.378823, 76
95193526.930102, 69
95193701.051537, 32
95193900.861614, 87
95193997.246317, 79
95194117.120546, 85
95194341.10954, 76
95194437.26759, 68
95194537.779765, 32
95194741.075084, 66
95194853.178192, 69
95194974.387093, 32
95195133.239546, 76
95195221.446429, 73
95195333.06183, 86
95195565.035559, 73
95196125.16132, 78
95196214.790818, 71
95196356.994674, 32
95196478.508461, 73
95196633.868182, 78
95196809.790635, 32
95196916.243229, 83
95197105.548755, 65
95197384.811969, 84
95197649.321372, 69
95197824.864313, 76
95197961.400455, 76
95198201.503456, 73
95198362.266785, 84
95198440.772251, 69
95198641.118306, 32
95198913.006834, 72
95199176.857639, 79
95199288.688319, 85
95199465.246621, 83
95199812.071592, 69
95200057.152915, 83
95200296.852823, 32
95200392.835543, 87
95200539.37133, 72
95200624.724659, 73
95200810.791016, 72
95200898.379805, 67
95201263.156142, 8
95201418.520024, 8
95201489.578397, 67
95201666.045428, 72
95201816.973901, 32
95202113.210295, 87
95202216.685882, 79
95202350.341838, 85
95202529.401924, 76
95202641.001512, 68
95202801.213051, 32
95202921.63158, 79
95203048.882436, 82
95203257.090606, 66
95203489.724598, 85
95204027.38424, 8
95204282.379485, 73
95204433.057447, 84
95204626.554251, 32
95204856.678969, 65
95205121.99539, 82
95205240.984922, 79
95205330.853835, 85
95205608.619252, 78
95205713.4997, 68
95205834.02032, 32
95205953.223467, 65
95206073.527143, 32
95206579.33218, 80
95206720.843038, 76
95206856.533878, 65
95207795.837462, 78
95207912.486115, 69
95208201.010478, 84
95209841.638027, 32
95210056.416362, 79
95210138.183191, 82
95210360.989816, 32
95210608.810673, 66
95210856.68313, 79
95210952.594553, 68
95211226.828954, 89
95211368.65302, 32
95211513.009109, 87
95211633.320276, 73
95211808.619918, 84
95211914.899956, 72
95211994.576416, 32
95212161.160596, 71
95212265.184368, 82
95212632.594264, 65
95212904.494444, 86
95213064.377794, 73
95213233.317557, 84
95213416.717064, 89
95213592.668647, 32
95213784.504531, 80
95214016.572029, 85
95214401.116009, 76
95214568.781022, 76
95215122.251727, 190
95215491.538655, 32
95215618.288766, 16
95215858.762679, 80
95216169.404998, 69
95216305.163251, 79
95216464.634908, 80
95216556.07014, 76
95216649.502805, 69
95216776.298136, 32
95216960.544056, 67
95217033.215077, 79
95217121.156191, 85
95217340.370212, 76
95217864.65011, 68
95217995.876412, 32
95218144.87653, 87
95218224.83707, 69
95218472.401867, 65
95219020.538319, 82
95219240.679204, 32
95219440.508146, 78
95219672.572315, 79
95219729.634791, 82
95219920.476676, 77
95220048.866346, 65
95220129.474109, 76
95220258.680784, 32
95220400.359759, 67
95220632.601477, 79
95220760.469318, 84
95220947.073595, 72
95221008.535138, 69
95221346.526188, 8
95221505.846927, 8
95221667.1823, 8
95221819.362219, 8
95222393.010596, 76
95222568.37682, 79
95222737.631456, 84
95222936.402036, 72
95223042.239587, 69
95223264.450589, 83
95223385.28303, 32
95223481.983716, 87
95223578.067417, 73
95223728.465739, 84
95223792.960882, 72
95224027.686352, 73
95224169.254635, 78
95224360.870802, 32
95224472.198795, 84
95224562.562072, 72
95224664.882201, 69
95224770.427905, 32
95225049.815681, 72
95225691.982362, 79
95225809.409736, 85
95225888.823479, 83
95226163.474289, 69
95226457.903006, 32
95226648.873892, 73
95226817.813655, 70
95226961.084195, 32
95227033.176793, 73
95227161.347856, 84
95227393.706091, 83
95227592.142101, 32
95227785.468292, 84
95227984.697727, 82
95228522.485815, 8
95228593.961152, 69
95228792.12418, 77
95228993.162123, 80
95229128.385508, 69
95229266.037438, 82
95229632.837285, 65
95229914.550405, 84
95230208.912819, 85
95230289.497557, 82
95230352.573968, 69
95230457.381732, 32
95230632.0655, 67
95230800.905946, 79
95231000.434996, 78
95231081.206715, 84
95231152.533354, 82
95231272.198684, 79
95231464.753367, 76
95231616.565149, 76
95231704.578946, 69
95231904.665613, 68
95232016.726552, 32
95232200.258112, 66
95232368.54011, 85
95232496.635713, 84
95232624.133197, 32
95232752.298156, 79
95232858.436709, 85
95232920.395114, 84
95233169.388907, 83
95233290.245484, 73
95233442.045337, 68
95233584.719144, 69
95233712.339248, 32
95234224.718334, 87
95234313.687293, 72
95234409.752129, 73
95234641.084738, 76
95234713.198699, 69
95234824.253986, 32
95234888.603484, 76
95234977.289196, 69
95235152.232907, 65
95235328.125398, 86
95235610.980106, 73
95235729.388719, 78
95235834.331864, 71
95236008.353427, 32
95236113.46358, 84
95236209.196621, 72
95236320.705493, 69
95236458.528314, 32
95236601.795802, 72
95236800.697325, 79
95236873.343934, 85
95236936.301055, 83
95237154.175964, 69
95237290.62888, 32
95237449.97653, 84
95237513.245194, 72
95237640.379534, 69
95237770.643739, 89
95237892.346727, 32
95237987.184253, 87
95238072.921533, 79
95238144.746697, 85
95238356.121075, 76
95238419.537328, 68
95238632.288824, 32
95238762.316111, 72
95238832.457052, 65
95239064.455194, 86
95239066.953649, 66
95239136.252062, 69
95239554.531563, 8
95239809.505724, 69
95239944.880858, 8
95240146.554651, 8
95240248.831779, 69
95240376.345353, 32
new stimulus
95253235.83127, 16
95253441.98902, 73
95254237.583462, 32
95254408.543405, 84
95254537.222703, 72
95254658.118674, 73
95254832.939487, 78
95254960.771818, 75
95255216.450074, 32
95255345.565756, 73
95255477.109704, 84
95255619.313837, 32
95255795.06956, 83
95255906.845588, 72
95256080.191076, 79
95256184.603515, 85
95256392.234094, 76
95256479.903057, 68
95256579.356871, 32
95256744.448803, 66
95256881.416889, 69
95257010.004083, 32
95257224.381822, 79
95257480.678727, 84
95257818.3746, 8
95258048.676312, 219
95258225.677656, 84
95258360.9765, 79
95258658.673793, 8
95258817.943765, 8
95258978.341731, 8
95259856.439, 80
95260544.659532, 84
95260666.743974, 73
95260793.168393, 79
95261043.400872, 78
95261168.103893, 65
95261320.507414, 76
95261538.399524, 190
95261968.123479, 32
95262264.097709, 16
95262773.536964, 16
95262805.119973, 16
95262833.49433, 16
95262864.558839, 16
95262898.137616, 16
95262927.785058, 16
95262958.896452, 16
95262990.900031, 16
95263024.641377, 16
95263069.435181, 16
95263100.815118, 16
95263130.959699, 16
95263161.108719, 16
95263192.812961, 16
95263223.838909, 16
95263255.31844, 16
95263286.00427, 16
95263332.8607, 16
95263365.056532, 16
95263395.309585, 16
95263427.45243, 16
95263460.059956, 16
95263491.47679, 16
95263523.760288, 16
95263552.971069, 16
95263584.735512, 16
95263631.431315, 16
95263661.126196, 16
95263693.192196, 16
95263725.562249, 16
95263755.033806, 16
95263787.621635, 16
95263816.446246, 16
95263847.573452, 16
95263880.532471, 16
95263926.685083, 16
95263957.177828, 16
95263988.388815, 16
95264019.195045, 16
95264050.840752, 16
95264083.508478, 16
95264115.59362, 16
95264144.476489, 16
95264192.410423, 16
95264223.880245, 16
95264267.474202, 16
95264285.684403, 16
95264311.436852, 68
95264523.264259, 73
95264623.840518, 70
95264792.046225, 70
95264905.38885, 69
95265008.139813, 82
95265154.996299, 69
95265200.012317, 78
95265400.211339, 84
95265527.947127, 32
95265727.978032, 83
95265952.459449, 84
95266079.959984, 85
95266263.946792, 68
95266352.478258, 69
95266473.434429, 78
95266592.031688, 84
95266799.87172, 83
95266928.880317, 32
95267039.902037, 72
95267153.713503, 65
95267480.407964, 86
95267482.817921, 32
95267625.481464, 69
95267824.463162, 32
95268234.221117, 8
95268409.959085, 8
95268562.550698, 8
95268679.657928, 69
95268856.551078, 32
95269461.105279, 8
95269622.034229, 8
95269892.612219, 8
95270064.625253, 8
95270216.9572, 8
95270684.513075, 76
95270790.230226, 69
95270876.786453, 65
95271060.675886, 82
95271228.948729, 78
95271692.902291, 32
95271940.421868, 68
95272060.405955, 73
95272180.62585, 70
95272332.28949, 70
95272476.232498, 69
95272564.889913, 82
95272716.470603, 69
95272723.874974, 78
95272924.507605, 84
95273004.767204, 76
95273292.537815, 89
95274020.592138, 188
95274108.712466, 188
95274746.319731, 8
95274896.177358, 8
95275422.506566, 190
95275756.654223, 32
95275876.661891, 16
95275972.130549, 83
95276116.508555, 79
95276332.543053, 77
95276428.592354, 69
95276596.504549, 32
95277036.6809, 77
95277222.160234, 73
95277348.410432, 71
95277484.408932, 72
95277604.31645, 84
95277742.166181, 32
95277916.358081, 82
95277940.521185, 80
95278030.212826, 69
95278618.852208, 8
95278880.451464, 8
95279072.181373, 8
95279292.824668, 80
95279397.964505, 82
95279501.405138, 69
95279845.309973, 71
95280148.459979, 69
95280172.427778, 82
95280618.990087, 8
95280776.396898, 8
95280919.982311, 8
95281044.873146, 70
95281477.414312, 69
95281556.883262, 82
95281748.332698, 32
95281869.861466, 65
95281996.267853, 32
95282140.62949, 67
95282276.373595, 76
95282396.056957, 65
95282493.500855, 83
95282652.094751, 83
95282772.091322, 32
95282876.601968, 83
95283148.382856, 69
95283420.375417, 84
95283604.431025, 84
95283748.485003, 73
95283868.555368, 78
95283972.338338, 71
95284668.758884, 32
95284868.24743, 87
95285164.445263, 73
95285313.231212, 84
95285372.634291, 72
95285500.29684, 32
95285628.202133, 65
95285716.663689, 32
95285971.996832, 80
95286053.943985, 82
95286188.136196, 79
95286604.195217, 71
95286908.454353, 69
95287274.357575, 8
95287448.167189, 8
95287517.630945, 70
95287622.176546, 69
95288164.403372, 83
95288371.967648, 83
95288540.207755, 79
95288667.990705, 82
95288772.093819, 32
95288852.985661, 79
95288980.441809, 84
95289132.25054, 72
95289204.373377, 69
95289276.56779, 82
95289421.542528, 32
95289644.108906, 77
95289748.562681, 73
95289884.074861, 71
95289948.056498, 72
95290100.277754, 84
95290340.275612, 32
95290516.131761, 76
95290581.689983, 69
95290780.099638, 65
95290901.600109, 82
95290988.325563, 78
95291140.673045, 73
95291220.482945, 78
95291300.125283, 71
95291396.314127, 32
95291518.790011, 84
95291536.760242, 72
95291964.881258, 69
95292099.715976, 32
95292316.203502, 68
95292444.775993, 65
95292565.631737, 77
95293170.487218, 8
95293288.738255, 8
95293472.34028, 8
95293812.249419, 83
95294028.34162, 65
95294588.472097, 77
95294701.560882, 82
95294861.80377, 32
95295060.094134, 77
95295140.55847, 65
95295442.326364, 8
95295623.870479, 8
95295784.001012, 8
95295951.88491, 8
95296060.488904, 69
95296228.065697, 32
95296460.22086, 77
95296525.495557, 65
95296836.01692, 84
95297019.845321, 69
95297092.236979, 82
95297500.23664, 73
95297659.963802, 65
95297803.987817, 76
95297908.132267, 32
95298053.8197, 79
95298260.031825, 78
95298548.471298, 76
95298629.434438, 73
95298948.20908, 78
95299084.033081, 69
95299460.006968, 32
95299724.087201, 79
95299843.99472, 82
95299995.896386, 32
95300196.068498, 84
95300276.668216, 72
95300491.844373, 82
95300637.590897, 85
95301028.367421, 32
95301636.114461, 68
95301835.925094, 73
95302019.898031, 71
95302204.027711, 73
95302340.094733, 84
95302604.13474, 65
95302708.403474, 76
95302811.919843, 32
95302908.274584, 82
95302979.940232, 69
95303236.045161, 67
95303523.895392, 79
95303630.415121, 82
95303835.990565, 68
95303980.373009, 73
95304108.290786, 78
95304187.906213, 71
95304476.088239, 83
95304787.91154, 32
95304925.665006, 73
95305076.035307, 78
95305188.267416, 32
95305308.320581, 84
95305500.155078, 72
95305612.61911, 69
95305701.694599, 32
95305875.855428, 67
95306392.730401, 79
95306566.136921, 77
95306685.732341, 70
95306845.330502, 79
95307397.178848, 82
95307660.6912, 84
new stimulus
95323294.949159, 16
95323495.544616, 73
95323724.718056, 32
95323965.029401, 86
95324530.687216, 8
95324752.29455, 8
95325109.359689, 84
95325324.296154, 83
95325460.138189, 32
95325597.929106, 73
95325778.661487, 77
95326028.154638, 80
95326100.109636, 79
95326163.941743, 82
95326227.873722, 84
95326531.928953, 84
95327122.270592, 8
95327220.50292, 65
95327427.772852, 78
95327547.850707, 84
95327700.863168, 32
95327797.479795, 84
95327868.0635, 79
95327965.94711, 32
95328187.871813, 80
95328244.145026, 76
95328371.844195, 65
95328539.842391, 78
95328691.978478, 32
95328789.64348, 84
95329019.681365, 72
95329139.746181, 69
95329347.663614, 77
95329475.862973, 32
95329587.822932, 67
95329852.172263, 65
95329979.970748, 82
95330107.878815, 69
95330318.879784, 70
95330467.750347, 85
95331154.057506, 8
95331287.45324, 8
95331463.491378, 8
95331615.573923, 8
95331791.804591, 8
95331959.787251, 8
95332439.515533, 8
95332860.004416, 190
95333356.023978, 32
95333611.772144, 16
95334114.686453, 16
95334144.866821, 16
95334175.939653, 16
95334207.222492, 16
95334238.406015, 16
95334269.525454, 16
95334312.280213, 16
95334332.297535, 16
95334363.476896, 16
95334410.023725, 16
95334441.8664, 16
95334472.80496, 16
95334503.720217, 16
95334535.669422, 16
95334567.345645, 16
95334597.520742, 16
95334629.016087, 16
95334676.488669, 16
95334706.899852, 16
95334737.873089, 16
95334769.454989, 16
95334800.151083, 16
95334831.618963, 16
95334862.593865, 16
95334893.966867, 16
95334924.933724, 16
95334971.977968, 16
95335003.304085, 16
95335034.006283, 16
95335065.519659, 16
95335096.29898, 16
95335127.512464, 16
95335155.270946, 73
95335355.637807, 32
95335691.786503, 66
95335843.571098, 69
95336068.315232, 76
95336147.859363, 73
95336340.169082, 86
95336500.056039, 69
95336963.981581, 32
95337332.002081, 73
95337476.97349, 70
95337843.4998, 32
95338611.839557, 89
95338835.743938, 79
95338915.868711, 85
95338971.655327, 32
95339107.920428, 68
95339203.951142, 79
95339420.064428, 78
95339539.553041, 84
95339667.853936, 32
95340283.876727, 80
95340403.90215, 76
95340493.182375, 65
95340651.551838, 78
95340773.475931, 32
95340827.616053, 65
95341099.846919, 67
95341403.684652, 73
95341493.220104, 84
95341659.767942, 73
95341787.798629, 86
95342170.472792, 8
95342327.907345, 8
95342487.645327, 8
95342639.266798, 8
95342859.487303, 84
95343227.74805, 73
95343427.430514, 86
95343683.629767, 73
95343819.758654, 84
95343995.477203, 69
95344387.643607, 83
95344795.832191, 77
95345027.903572, 32
95345476.310454, 8
95345632.554593, 8
95345957.567604, 77
95345964.711753, 188
95346938.057408, 8
95347159.81011, 8
95347523.518654, 32
95347979.801244, 89
95348187.958923, 79
95348259.880908, 85
95348309.110121, 32
95348427.502366, 83
95348555.424581, 80
95348683.571786, 69
95348827.529775, 78
95348939.674773, 68
95349011.810372, 32
95349268.012399, 89
95349499.458473, 79
95349555.839049, 85
95349661.275171, 82
95349773.538906, 32
95349939.469204, 84
95350027.652784, 73
95350131.494012, 77
95350195.732541, 69
95350284.057605, 32
95350380.702252, 73
95350555.67537, 68
95350747.379479, 76
95351379.633349, 69
95351971.883922, 73
95352091.824732, 78
95352211.480629, 71
95352395.796182, 32
95352611.383477, 65
95352787.477376, 82
95352933.01833, 79
95353003.600648, 85
95353268.328104, 78
95353372.274753, 68
95353515.461789, 32
95353659.394533, 68
95353715.86527, 79
95353803.368613, 73
95354035.438608, 78
95354131.417444, 71
95354245.095194, 32
95354364.90506, 78
95354547.395181, 79
95354643.278307, 84
95354764.819282, 72
95354861.353515, 73
95354995.75823, 78
95355116.693317, 71
95355371.526548, 32
95355515.447086, 65
95355645.031054, 78
95355755.471854, 68
95355851.550284, 32
95356227.732792, 69
95356370.620213, 78
95356483.232943, 68
95356555.830726, 32
95356684.858742, 85
95356915.246732, 80
95357021.244633, 32
95357091.770357, 87
95357307.442265, 65
95357355.75155, 83
95357627.215623, 84
95357773.057857, 73
95357867.934499, 78
95357988.604094, 71
95358148.076306, 32
95358227.761089, 73
95358336.185869, 84
95358620.0515, 188
95358626.207475, 190
95359217.886561, 8
95359383.393237, 8
95359667.649199, 190
95360083.676595, 32
95360235.747211, 16
95360363.85197, 73
95360595.449516, 84
95360835.460968, 83
95360963.452261, 32
95361147.580832, 77
95361292.771958, 82
95361315.878365, 79
95361378.107255, 69
95362002.297324, 8
95362144.064241, 8
95362303.391639, 8
95362459.299822, 79
95362556.993398, 82
95362611.714163, 69
95362741.983083, 32
95362900.509012, 73
95363139.468483, 77
95363443.516779, 80
95363515.713965, 79
95363556.71348, 82
95363627.432012, 84
95363947.484733, 84
95364537.755907, 8
95364627.272772, 65
95364803.634383, 78
95364923.504172, 84
95365043.525434, 32
95365157.070022, 84
95365252.981167, 79
95365387.590619, 32
95365603.450064, 80
95365707.4497, 76
95365819.308677, 65
95366107.398322, 78
95366635.505522, 32
95367371.741272, 84
95367459.769496, 72
95367603.440632, 69
95367859.392702, 83
95368043.286297, 69
95368147.571399, 32
95368269.049677, 84
95368352.011081, 72
95368451.122556, 73
95368555.718648, 78
95368627.336856, 71
95368891.415702, 83
95369083.274612, 32
95369267.594048, 87
95369331.89139, 73
95369523.469828, 84
95369629.47827, 72
95369741.421861, 32
95369971.286357, 84
95370091.360606, 73
95370260.831076, 77
95370340.734189, 69
95370475.369441, 32
95370707.691057, 87
95370783.82263, 73
95370965.571482, 84
95371004.45788, 72
95371157.680348, 73
95371276.392459, 78
95371500.507403, 32
95371597.540439, 73
95371707.72296, 84
95371867.820757, 32
95372116.193959, 84
95372260.520919, 79
95372371.670807, 32
