new stimulus
76821667.8237, 16
76822171.306038, 16
76822202.099029, 16
76822230.424075, 16
76822263.941626, 16
76822294.623093, 16
76822324.430127, 16
76822368.640069, 16
76822387.773021, 84
76822931.454336, 72
76823097.120389, 69
76823231.597292, 89
76823343.568626, 32
76823488.788412, 83
76823622.463844, 72
76823728.1918, 79
76823800.912384, 85
76823977.510244, 76
76824096.713411, 68
76824206.264517, 32
76824334.467803, 84
76824518.634285, 82
76824631.954999, 89
76824758.428283, 32
76825006.159596, 84
76825119.949986, 79
76825254.392489, 32
76825437.925894, 80
76825599.121571, 82
76825798.287696, 83
76826405.928615, 8
76826527.753141, 69
76826686.239516, 83
76826766.457425, 69
76826904.002891, 82
76827310.681933, 86
76827863.4502, 69
76829422.72512, 32
76829630.273546, 84
76829695.977855, 72
76829814.419221, 69
76829871.644964, 32
76830062.356382, 79
76830254.458238, 76
76830478.659187, 68
76830727.138707, 32
76830903.99762, 72
76830959.320249, 73
76831071.541818, 83
76831238.432411, 84
76831350.307203, 79
76831510.5946, 82
76831663.201852, 73
76831931.270406, 67
76832070.119754, 32
76832406.878785, 66
76832518.823209, 85
76832862.336074, 73
76833070.289536, 76
76833221.997109, 68
76833377.149707, 73
76833465.719123, 78
76833623.72972, 71
76833918.835527, 83
76833993.466993, 83
76834022.113016, 32
76834996.442897, 8
76835170.469611, 8
76836146.269272, 32
76836238.074259, 66
76836630.198919, 69
76837202.813112, 67
76837374.632103, 65
76837494.446153, 85
76837710.044251, 83
76837847.766157, 69
76840398.560846, 32
76840750.257378, 84
76840847.805551, 72
76840934.331756, 79
76841062.107812, 83
76841150.279682, 69
76841317.958985, 32
76841918.305651, 66
76842077.941385, 85
76842326.112412, 73
76842422.11285, 76
76842742.127808, 68
76842909.950815, 73
76843014.303592, 78
76843165.952629, 71
76843438.225787, 83
76843632.139208, 32
76844454.340666, 72
76844645.81, 65
76845134.651401, 86
76845559.684116, 32
76846182.153509, 8
76846374.662065, 69
76846790.015255, 32
76846990.966035, 65
76847166.863404, 32
76847278.74208, 76
76847470.24304, 79
76847597.595751, 84
76847741.867587, 32
76847839.34696, 79
76847974.282996, 70
76848093.897579, 32
76848741.509712, 67
76848875.19957, 85
76849047.852768, 76
76849216.802663, 84
76849337.92864, 85
76849488.498507, 82
76849515.763524, 69
76849696.940508, 32
76849839.958675, 65
76849952.584447, 78
76850093.087785, 68
76850178.684071, 32
76850428.238324, 72
76850506.333401, 73
76850625.322953, 83
76850897.252109, 84
76851039.926272, 79
76851538.390881, 82
76851917.302216, 89
76852895.964871, 32
76853087.890287, 65
76853166.6681, 78
76853374.138015, 68
76853599.299676, 32
76853760.854892, 84
76853959.69893, 82
76854183.326171, 65
76854543.436074, 68
76854710.876517, 73
76854882.050225, 84
76854976.987581, 73
76855065.825542, 79
76855175.635483, 78
76855553.338924, 188
76855686.776882, 32
76855983.428761, 87
76856079.955745, 72
76856160.087099, 73
76856306.540025, 67
76856383.961522, 72
76856505.461187, 32
76856790.210005, 73
76856895.852238, 78
76856952.732036, 32
76857151.386873, 77
76857310.13458, 89
76857606.238828, 32
76857662.247244, 79
76857886.669021, 80
76858126.065195, 73
76858414.16083, 78
76858605.955303, 73
76858711.506819, 79
76858831.915938, 78
76858933.890932, 32
76859190.032566, 73
76859333.962895, 83
76859431.435888, 32
76859830.050277, 83
76859927.880033, 79
76859974.504656, 77
76860103.444497, 69
76860311.525295, 84
76860391.019688, 72
76860511.277613, 73
76860614.400856, 78
76860719.191958, 71
76860837.874682, 32
76860989.867445, 84
76861085.822939, 72
76861183.506772, 65
76861286.292393, 84
76861429.930874, 32
76861645.996705, 73
76861806.442511, 83
76861913.065708, 32
76862031.770347, 73
76862206.128858, 77
76862310.268574, 80
76862478.002806, 79
76862591.984894, 82
76862797.861577, 84
76862887.475208, 65
76863000.003606, 78
76863069.940817, 84
76863702.383247, 32
76863874.234142, 65
76863954.512807, 78
76864057.756173, 68
76864144.689632, 32
76864289.562919, 87
76864390.581917, 79
76864526.565498, 82
76864702.657617, 84
76864767.795431, 72
76864817.906691, 32
76864976.158645, 75
76865073.619985, 69
76865198.103599, 69
76865310.505215, 80
76865486.546567, 73
76865574.098399, 78
76865685.970417, 71
76865895.142038, 190
76867406.431581, 32
76869726.821059, 16
76869821.958159, 77
76870149.917924, 79
76870272.682078, 68
76870487.094475, 69
76870574.241272, 82
76870718.760568, 78
76870790.391162, 32
76871086.097587, 66
76871225.959248, 85
76871463.776892, 73
76871583.905261, 76
76871750.483476, 68
76871880.856478, 73
76871958.590907, 78
76872086.311479, 71
76872294.206683, 83
76872509.996756, 32
76872681.294749, 67
76872759.782934, 65
76872887.696591, 78
76872942.261304, 32
76873126.259668, 66
76873654.665583, 69
76873981.96231, 32
76874349.975961, 66
76874495.486208, 85
76874726.010987, 73
76874814.961026, 76
76874966.044677, 68
76875747.612715, 8
76875903.119303, 84
new stimulus
76886965.195212, 16
76887106.337452, 73
76887352.066057, 84
76887856.017515, 32
76888001.936404, 73
76888089.691587, 83
76888199.643845, 32
76888406.019609, 77
76888486.531863, 79
76888565.994908, 82
76888665.086934, 69
76888762.285001, 32
76888873.139713, 73
76888957.767519, 77
76889086.969801, 80
76889254.103415, 79
76889365.650849, 82
76889557.805693, 84
76889631.492537, 65
76889725.939412, 78
76889767.695004, 84
76889910.032377, 84
76889989.52039, 32
76890197.762925, 84
76890287.202614, 79
76890669.798111, 32
76890821.544523, 66
76891013.839187, 69
76891095.517445, 32
76891213.734378, 65
76891373.618127, 66
76891479.637931, 76
76891581.731106, 69
76891671.425468, 32
76891759.837863, 84
76891830.153478, 79
76891918.929018, 32
76892021.982905, 87
76892134.486612, 79
76892254.143086, 82
76892317.535084, 75
76892406.003241, 32
76892565.713047, 73
76892621.994446, 78
76892685.831151, 32
76892829.745945, 65
76892997.598914, 32
76893181.765396, 71
76893383.042701, 82
76893445.952262, 79
76893509.614192, 85
76893782.366735, 219
76894801.250284, 8
76895422.855785, 80
76896334.104103, 190
76897366.248693, 32
76897494.09244, 16
76897581.504453, 73
76897671.466249, 32
76898239.072978, 66
76898453.560556, 69
76898527.423286, 76
76898605.838786, 73
76898685.846687, 69
76899197.894423, 86
76899405.72471, 69
76899549.850344, 32
76899657.517479, 76
76899751.128205, 65
76899853.740991, 82
76900069.721099, 71
76900230.295906, 69
76900310.07105, 82
76900390.927862, 32
76900527.234639, 71
76900709.72799, 82
76900799.018703, 79
76900846.020064, 85
76901077.508052, 80
76901157.653832, 83
76901565.819855, 32
76901757.467571, 72
76901813.956204, 65
76901974.142343, 86
76902158.690003, 69
76902247.141237, 32
76902318.254162, 77
76902389.547688, 79
76902463.278365, 82
76902557.681685, 69
76902645.859659, 32
76902775.051399, 80
76902957.767519, 79
76903077.445355, 84
76903189.597569, 69
76903293.541703, 78
76903422.656319, 84
76903504.741832, 73
76903637.45572, 65
76903710.984156, 76
76903777.448323, 32
76904295.534978, 84
76904366.083627, 79
76904462.979582, 32
76904589.631525, 83
76904663.301447, 79
76904821.339231, 76
76904909.184576, 86
76905133.645192, 69
76905140.174592, 82
76905461.683467, 32
76905621.346944, 72
76906242.880315, 8
76906394.027496, 8
76906529.758068, 8
76906829.745113, 32
76907007.226561, 72
76907118.954319, 65
76907214.926459, 82
76907398.503142, 68
76907573.572685, 69
76907647.210703, 82
76907703.060156, 32
76907807.134401, 80
76907894.842145, 82
76907997.719869, 79
76908109.317517, 66
76908223.178926, 76
76908358.177382, 69
76908421.704762, 77
76908543.180014, 83
76909573.659518, 32
76909733.419537, 84
76909805.781415, 72
76909910.236005, 65
76910020.55446, 78
76910109.67983, 32
76910589.574654, 87
76910669.362559, 79
76910797.921777, 82
76910869.781521, 75
76911077.730267, 73
76911121.974333, 78
76911294.112359, 32
76911341.63777, 71
76912187.414814, 8
76912362.121766, 8
76912513.192101, 8
76913182.048088, 78
76913303.96555, 71
76913374.032872, 32
76913525.615328, 73
76913645.374448, 78
76914016.799001, 68
76914119.652035, 73
76914527.542578, 86
76914624.50012, 73
76914811.41502, 68
76914866.044372, 85
76915007.393291, 65
76915132.538556, 76
76915247.833959, 76
76915415.766825, 89
76921320.781752, 190
76936195.845663, 32
new stimulus
76952906.364029, 16
76953065.247949, 73
76953367.351445, 70
76953534.442058, 32
76953710.186014, 69
76954045.688046, 86
76954376.160975, 69
76954472.085399, 82
76954888.17875, 89
76955030.030913, 79
76955109.673172, 78
76955254.798634, 69
76955365.317666, 32
76955479.35607, 76
76955661.244087, 73
76955854.476159, 86
76956365.852812, 69
76956573.265024, 68
76956693.543201, 32
76956797.396618, 73
76956870.331372, 78
76956909.424269, 32
76957030.835436, 83
76957149.547566, 80
76957263.025024, 65
76957869.667224, 67
76958085.443426, 69
76958207.181951, 188
76958734.063433, 32
76958942.066276, 84
76959045.847286, 72
76959157.074853, 69
76959293.251519, 89
76959422.827766, 32
76959565.092732, 87
76959656.149512, 79
76959909.306364, 85
76960079.157325, 76
76960223.778712, 68
76960344.098225, 32
76960621.73256, 67
76960734.614948, 85
76960901.484733, 82
76961047.165872, 82
76961135.439002, 69
76961246.629671, 78
76961381.81511, 84
76961463.111635, 76
76961589.032294, 89
76961678.718055, 32
76961949.315863, 66
76962293.899577, 69
76962413.111344, 32
76962677.35314, 76
76962869.265794, 73
76963109.075882, 86
76963198.864013, 73
76963245.333834, 78
76963383.56259, 71
76963512.351236, 32
76963765.505868, 73
76963902.94314, 78
76963984.207207, 32
76964205.296038, 83
76964429.462864, 65
76964637.432139, 84
76965014.086648, 69
76965189.384786, 76
76965301.347798, 73
76965961.260538, 84
76966133.265401, 69
76966253.464235, 83
76966381.151794, 32
76967221.484156, 65
76967302.712991, 78
76967557.443935, 68
76967661.599741, 32
76967877.142077, 84
76967957.633247, 72
76968109.03205, 69
76968292.961336, 89
76969069.349909, 32
76969237.02283, 87
76969325.216895, 79
76969397.372926, 85
76969605.053682, 76
76969693.553188, 68
76969813.376115, 32
76969972.981887, 65
76970045.849228, 76
76970172.989433, 76
76970301.286488, 32
76970708.881854, 66
76970989.9196, 69
76971158.115184, 32
76971806.697184, 87
76971990.819279, 69
76972174.013952, 65
76972268.838953, 82
76972693.441942, 71
76972772.915251, 73
76972845.333723, 78
76972949.151352, 32
76977093.372697, 65
76977253.189033, 83
76977501.008012, 84
76979080.189334, 82
76979399.294349, 79
76980014.850113, 78
76980594.429536, 65
76980751.296877, 85
76981503.970045, 84
76981629.888484, 73
76981825.062787, 67
76981918.232689, 65
76981961.777929, 76
76982095.227262, 32
76983942.234116, 67
76984010.494312, 76
76984684.881536, 79
76984816.697132, 84
76984912.25092, 72
76985031.008825, 69
76985126.390889, 83
76986376.587927, 32
76986581.487807, 16
76986647.065057, 57
76986831.657104, 32
76987005.208594, 79
76987608.907626, 82
76987838.838168, 32
76988007.509254, 87
76988125.114748, 72
76988365.573726, 65
76988573.392638, 84
76988796.882277, 69
76989060.959563, 86
76989276.959645, 69
76989284.878374, 82
76989437.792177, 32
76989613.410182, 84
76989702.548313, 72
76989845.598661, 69
76990024.799847, 89
76990181.74986, 32
76990397.241705, 87
76990605.129141, 69
76990765.201814, 65
76990829.449658, 82
76991534.33747, 40
76992302.588706, 191
76993236.275733, 8
76993583.296875, 188
76993749.457016, 32
76993978.980302, 16
76994060.754548, 77
76994268.978774, 65
76994549.600665, 89
76994765.549979, 66
76995100.960184, 69
76995206.378815, 32
76995309.203275, 73
76995388.831385, 78
76995422.44104, 32
76995573.489458, 84
76995637.725651, 72
76995749.564933, 69
76995784.287604, 32
76995903.179226, 77
76996213.930515, 70
76996303.631257, 85
76996469.7029, 84
76996493.867729, 85
76997205.564305, 82
76997334.385131, 69
76997525.209737, 32
76998197.401167, 87
76998404.897993, 69
76998580.944893, 32
76998732.811428, 87
76998844.629626, 73
76998909.360184, 76
76999061.239204, 76
76999150.44031, 32
76999278.28267, 66
76999470.357061, 69
76999587.839103, 32
76999678.238393, 65
76999876.74148, 66
76999973.513983, 76
77000182.64621, 69
77000261.408487, 32
77000372.762558, 84
77000478.597599, 79
77000549.021408, 32
77002677.372837, 76
77002741.454228, 73
77002885.363196, 86
77003077.335219, 69
77003174.492505, 32
77003292.609565, 65
77003364.871849, 78
77003470.381197, 68
77003478.974893, 32
77003838.10189, 82
77004030.249244, 69
77004093.151315, 83
77004284.740495, 83
77005122.138844, 8
77005296.77006, 8
77005425.106509, 8
77005553.103393, 8
77005625.488851, 8
77005773.106949, 68
77006453.402981, 82
77006630.317101, 69
77006742.338371, 83
77006892.813637, 83
77006974.982931, 32
77007055.101523, 76
77007128.043768, 73
77007292.548532, 75
77007333.271283, 69
new stimulus
77021325.715144, 16
77021486.162337, 87
77021764.945199, 73
77021940.762948, 84
77022013.025232, 72
77022188.599682, 32
77022748.837255, 80
77022997.87911, 76
77023109.057573, 65
77023230.028749, 78
77023398.805532, 78
77023484.79659, 73
77023572.977615, 78
77023742.006298, 71
77023964.694743, 188
77024100.557645, 32
77025165.414708, 89
77025255.532415, 79
77025365.525732, 85
77025484.543026, 32
77025748.514614, 77
77025754.652849, 78
77025796.714715, 73
77025980.465341, 71
77026110.620012, 72
77026277.085317, 84
77026437.118874, 32
77026828.674542, 66
77027100.403399, 32
77027204.918744, 69
77027677.914364, 8
77027835.886122, 8
77027965.396342, 69
77028060.684083, 32
77028166.984915, 65
77028366.998287, 66
77028437.793841, 76
77028612.398425, 69
77028678.176251, 32
77028860.442116, 84
77028982.048588, 79
77029093.970819, 32
77029260.424749, 65
77029508.60826, 67
77029628.387077, 79
77029756.526279, 79
77029940.618134, 77
77030029.081575, 80
77030228.959288, 76
77030365.921058, 73
77030868.844668, 83
77030989.976471, 72
77031093.948625, 32
77031292.582933, 77
77031405.021168, 79
77031564.33537, 82
77031671.814413, 69
77032127.640119, 32
77032261.300847, 66
77032532.61912, 69
77032780.397872, 67
77032868.879346, 65
77033057.076212, 85
77033089.623064, 83
77033339.867264, 69
77033540.888232, 32
77034086.509558, 89
77034214.843233, 79
77034308.824871, 85
77034519.05347, 222
77034598.559514, 66
77034788.59541, 69
77034902.112262, 32
77035014.12299, 65
77035084.863892, 76
77035189.662485, 82
77035284.843418, 69
77035484.625143, 65
77035628.680035, 68
77035732.515974, 89
77035884.694055, 32
77036188.454591, 84
77036269.812704, 72
77036348.844635, 79
77036413.003704, 85
77036564.453829, 71
77036644.421504, 72
77036758.16279, 84
77036829.776184, 32
77036964.761879, 65
77037164.294201, 66
77037268.597041, 79
77037332.349965, 85
77037430.211625, 84
77037558.164399, 32
77037668.329163, 87
77037754.355175, 72
77037846.033103, 65
77037975.091126, 84
77038005.235782, 32
77038348.515335, 85
77038548.524545, 79
77038660.582436, 85
77038828.328042, 32
77039372.389703, 87
77039460.822905, 65
77039532.743682, 78
77039668.406009, 84
77039725.990735, 32
77039844.488141, 84
77039910.091468, 79
77039948.91055, 32
77040164.460377, 68
77040252.534317, 79
77040772.54628, 32
77041410.986292, 8
77042133.071761, 190
77042236.239114, 32
77044988.21512, 16
77045313.254466, 70
77045566.827173, 82
77045647.593823, 69
77045792.120332, 69
77049872.508578, 8
77050039.230221, 8
77050186.945139, 8
77050459.031869, 8
77050957.443491, 16
77051131.621677, 78
77051541.077156, 79
77051704.910005, 32
77051894.061203, 80
77052086.61165, 76
77052197.017493, 65
77052351.725938, 78
77052508.855166, 78
77052708.981725, 73
77052813.266533, 78
77052980.97552, 71
77053096.030676, 32
77053942.633604, 67
77054014.794351, 79
77054078.116438, 85
77054269.017613, 76
77054380.846352, 68
77054516.439601, 32
77054668.650695, 66
77054892.392788, 69
77054996.739461, 32
77055132.916682, 77
77055205.335986, 79
77055292.375976, 82
77055372.581401, 69
77055477.962025, 32
77055620.688899, 70
77055765.988028, 85
77055820.85513, 78
77055964.388191, 32
77056164.469532, 66
77056380.684061, 69
77056596.998462, 67
77056676.796909, 65
77056772.621184, 85
77056878.473425, 83
77056957.240418, 69
77057060.286815, 32
77057140.754126, 73
77057253.626804, 84
77057604.81288, 32
77057812.301105, 83
77058170.194408, 8
77058304.365038, 8
77058501.092348, 83
77058652.477557, 32
77058798.217231, 77
77059509.750128, 8
77059632.022968, 83
77059782.627789, 80
77060022.354096, 79
77060151.340821, 78
77060288.79335, 84
77060453.454026, 65
77060708.86077, 78
77061044.880194, 69
77061180.923975, 73
77061311.857924, 79
77061438.912406, 85
77061551.893834, 83
77061970.320025, 8
77062105.441102, 8
77062273.53626, 8
77062400.691168, 8
77062829.351451, 79
77062940.795407, 85
77063077.728603, 83
77065442.036176, 190
77066851.925265, 32
77067776.998068, 16
77068127.019526, 73
77068350.51194, 84
77068519.207161, 32
77068695.008543, 77
77069549.221152, 71
77070052.492371, 8
77070261.584095, 73
77070380.776165, 71
77070488.38837, 72
77070567.662213, 84
77070680.172301, 32
77070796.39457, 65
77070869.402286, 76
77070988.893971, 83
77071069.016448, 79
77071158.472781, 32
77071333.436626, 66
77071548.90711, 69
77071669.294591, 32
77071788.653391, 83
77071908.162277, 84
77072084.338455, 82
77072188.593579, 69
77072268.2658, 83
77072416.086138, 83
77072572.05602, 70
77072670.034752, 85
new stimulus
77085337.203737, 16
77085457.355687, 83
77085633.0805, 80
77085754.716101, 69
77085872.929427, 78
77085996.257024, 68
77086078.124761, 73
77086133.403558, 78
77086254.795583, 71
77086325.539259, 32
77086478.391197, 84
77086615.228128, 77
77086630.298514, 73
77086741.703353, 69
77086861.038573, 32
77087004.890392, 87
77087436.972673, 73
77087676.441809, 84
77087807.539715, 72
77087902.302573, 32
77088758.487096, 79
77088852.948952, 78
77088966.055497, 69
77089029.848646, 32
77089156.376304, 79
77089260.4106, 82
77089436.574572, 32
77089564.68187, 84
77089724.424134, 87
77089813.873255, 79
77089893.850362, 32
77090228.716821, 76
77090666.113395, 8
77090796.987975, 67
77090940.966576, 76
77091092.767363, 79
77091188.348616, 83
77091294.334852, 69
77091420.413364, 32
77091557.975475, 70
77091788.37264, 82
77091869.149, 73
77091973.819701, 69
77092092.26412, 78
77092228.113983, 68
77092348.508122, 83
77092612.490529, 32
77093495.116959, 65
77093694.874271, 76
77093812.254776, 76
77093964.328546, 79
77094076.362578, 87
77094253.283356, 83
77094636.480859, 89
77094774.002467, 79
77094932.638373, 85
77095124.308283, 32
77095292.379582, 84
77095372.889062, 79
77095461.883488, 32
77095596.584826, 66
77095725.597351, 85
77095908.294052, 73
77095973.817759, 76
77096095.032235, 68
77096204.718723, 32
77096364.595537, 77
77096447.382649, 79
77096526.142707, 82
77096668.441241, 69
77097556.821123, 32
77098389.451423, 73
77099001.375734, 8
77099540.787251, 80
77099716.223822, 69
77099820.472565, 82
77100124.480839, 83
77100428.519352, 79
77100620.27554, 78
77100764.40811, 65
77100876.117281, 76
77100989.736779, 32
77101140.13714, 82
77101239.621163, 69
77101637.962014, 76
77101796.212581, 65
77101948.459462, 84
77102014.421496, 73
77102100.929668, 79
77102300.140736, 78
77102524.102824, 83
77102637.864917, 72
77102732.472419, 73
77102853.289349, 80
77102940.856162, 83
77103300.868968, 32
77103516.425175, 65
77103588.44416, 78
77103701.942424, 68
77103765.439842, 32
77103854.82904, 77
77104006.284159, 65
77104148.045327, 89
77104275.991998, 32
77104516.093656, 70
77104522.623611, 71
77105177.307227, 8
77105364.505652, 69
77105508.235128, 69
77105636.144901, 76
77105757.556069, 32
77105852.324475, 76
77105940.07522, 73
77106164.176297, 75
77106240.311111, 69
77106477.861321, 32
77107052.17833, 89
77107181.63473, 79
77107316.179601, 85
77109724.396669, 32
77110244.348154, 65
77110436.52214, 82
77110524.609951, 69
77110636.096353, 32
77110789.694278, 73
77110892.746501, 77
77111044.287343, 80
77111236.097906, 79
77111347.997111, 82
77111553.12309, 84
77111655.717844, 65
77111768.097543, 78
77111917.73444, 84
77111991.387161, 32
77112100.293262, 84
77112167.053438, 79
77112228.351734, 32
77112348.644614, 84
77112429.022595, 72
77112572.366732, 69
77112673.276704, 77
77113262.194423, 190
77113478.631722, 32
77113828.330539, 16
77114148.812398, 83
77114890.311569, 8
77115212.328126, 16
77115317.104526, 83
77115476.566871, 80
77115692.191324, 69
77115764.345136, 78
77115948.357094, 68
77116007.958954, 73
77116069.642311, 78
77116214.240672, 71
77116249.077086, 32
77116431.24197, 84
77116492.839049, 73
77116556.835549, 77
77116676.434874, 69
77116836.836015, 32
77116967.905068, 87
77118078.1722, 73
77118214.089477, 84
77118276.434208, 72
77118364.909023, 32
77118461.350839, 65
77118582.314524, 32
77118668.447899, 76
77118891.965003, 79
77118980.359366, 84
77119100.644478, 32
77119214.039542, 79
77119356.188268, 70
77119476.075557, 32
77119700.212976, 82
77120225.905151, 8
77120324.752491, 70
77120532.206038, 82
77120612.39038, 73
77120732.524852, 69
77120830.03696, 78
77120972.334385, 68
77121060.800877, 83
77121181.723227, 32
77121877.148458, 73
77121982.069949, 83
77122069.60153, 32
77122276.012249, 66
77122476.005924, 69
77122548.10758, 78
77122662.177334, 69
77123220.154196, 70
77123348.095873, 73
77123508.190463, 67
77123588.203357, 73
77123724.238816, 65
77123788.926097, 76
77123876.507614, 32
77124053.375682, 66
77124283.851635, 69
77124473.249738, 67
77124567.958222, 65
77124653.603335, 85
77124729.235738, 83
77124814.195619, 69
77124877.711625, 32
77125165.677981, 85
77125294.7385, 80
77125392.41512, 73
77125676.39326, 71
77125924.683857, 32
77126212.436321, 84
77126407.98764, 69
77126521.488956, 84
77126869.90969, 32
77127332.009291, 8
77127440.089784, 8
77127560.732216, 8
77127640.821124, 8
77127800.431335, 8
77127956.422856, 71
77128524.627429, 32
77128932.314621, 69
77129131.945428, 84
77129237.597926, 32
77129356.10088, 84
77129448.376929, 79
77129508.06701, 32
77129740.246333, 69
77129986.742565, 88
77130052.352273, 80
77130316.146866, 69
77130436.543501, 82
77130796.270008, 73
77131021.296286, 69
77131150.125436, 78
77131357.124012, 67
77131446.26242, 69
77131612.098809, 32
77131804.413725, 65
77131919.025006, 32
77131989.637462, 76
77132224.737205, 79
77132332.336371, 84
77132460.079969, 32
77132557.599013, 79
77132692.266228, 70
77132876.247115, 32
77133381.830368, 68
77133500.629886, 73
77133620.488323, 70
77133757.497255, 70
77133875.877589, 69
77133965.543099, 82
77134084.554567, 69
77134174.086082, 78
77134300.011734, 84
77134372.340044, 32
77134500.66928, 75
77134628.101888, 73
77134693.016099, 78
77134774.162262, 68
77134852.095325, 83
77134934.856083, 32
77134980.365469, 79
77135093.85014, 70
77135124.301902, 32
77135284.123786, 80
77135387.858744, 69
77135496.184478, 79
77135556.623043, 80
77135820.144375, 76
77136708.360301, 69
77136835.785973, 190
77137013.207775, 32
77137956.183441, 16
77138108.082157, 65
77138673.827663, 8
77138815.96557, 8
77139056.002312, 8
new stimulus
77152724.791996, 16
77153228.302908, 16
77153260.201702, 16
77153291.643028, 16
77153321.263911, 16
77153352.261362, 16
77153383.095689, 16
77153414.755068, 16
77153446.401686, 16
77153479.178798, 16
77153525.829775, 16
77153555.472575, 16
77153586.443948, 16
77153618.466473, 16
77153649.12103, 16
77153679.80111, 16
77153711.783131, 16
77153742.130028, 16
77153788.773237, 16
77153828.607128, 16
77153851.785722, 16
77153882.560958, 16
77154116.022248, 16
77154617.592039, 16
77154647.714224, 16
77154678.541338, 16
77154709.297154, 16
77154740.281843, 16
77154771.411902, 16
77154802.718678, 16
77154833.729168, 16
77154865.031227, 16
77154911.818419, 16
77154943.390688, 16
77154974.414771, 16
77155005.526242, 16
77155036.820534, 16
77155068.28017, 16
77155099.584449, 16
77155131.601703, 16
77155177.62543, 16
77155209.189931, 16
77155239.951018, 16
77155270.685473, 16
77155303.412094, 16
77155333.443562, 16
77155364.589433, 16
77155395.764157, 16
77155427.272618, 16
77155478.154556, 16
77155494.09244, 84
77155691.558802, 72
77155796.130742, 79
77155893.245305, 83
77155995.849214, 69
77156156.008443, 32
77156355.847871, 84
77156507.400643, 72
77157072.968044, 8
77157240.011496, 8
77157451.997839, 87
77157579.65072, 72
77157711.350353, 79
77158060.521791, 79
77158678.180412, 32
77158835.520203, 68
77158924.157865, 79
77159029.207802, 32
77159173.160048, 78
77159283.874661, 79
77159379.653439, 84
77159485.223264, 32
77159564.010509, 76
77159661.210519, 73
77159836.98499, 75
77159987.533217, 69
77160131.644703, 32
77160315.518228, 67
77160387.686743, 72
77160523.517187, 65
77160627.792007, 78
77160875.252557, 71
77161243.869601, 69
77161467.830858, 32
77162155.756544, 77
77162299.455504, 73
77162531.661182, 71
77162613.365517, 72
77162726.226544, 84
77162821.559504, 32
77162939.585848, 87
77163060.955956, 65
77163147.651388, 78
77163292.305511, 84
77163340.23901, 32
77163467.553436, 84
77163525.446933, 79
77163595.787238, 32
77163827.837283, 76
77163891.598529, 73
77164027.460877, 86
77164227.424867, 69
77164323.375091, 32
77164515.615658, 67
77164629.055386, 79
77164699.635107, 77
77164915.624647, 70
77165019.582374, 79
77165219.398499, 82
77165683.673364, 84
77166363.981879, 65
77166619.343126, 66
77166859.369325, 76
77167035.733873, 76
77167537.961987, 8
77167679.3589, 8
77167795.787571, 65
77167955.408602, 76
77168179.503298, 89
77168715.719747, 32
77168843.649495, 87
77168940.799013, 72
77169012.281464, 73
77169084.998442, 76
77169235.325841, 69
77169475.515442, 32
77169907.580246, 84
77169995.936325, 72
77170075.843799, 79
77170164.898148, 83
77170243.745316, 69
77170363.3943, 32
77170851.733844, 87
77170933.04757, 72
77170995.67749, 79
77171084.741827, 32
77171243.515056, 76
77171435.503169, 79
77171547.712532, 79
77171667.223914, 75
77172075.6263, 32
77172219.607398, 70
77172317.181372, 79
77172443.462956, 82
77172571.491466, 87
77172731.405455, 65
77172795.673273, 82
77173060.047677, 68
77173227.551094, 32
77173419.24736, 84
77173484.9181, 79
77173587.675701, 32
77173693.569556, 73
77173827.76765, 84
77174355.870065, 32
77174547.395439, 77
77174667.636163, 73
77174843.309653, 71
77175035.554659, 72
77175141.076213, 84
77175299.418607, 32
77175483.770961, 66
77175835.613417, 32
77176365.850315, 8
77176481.343243, 69
77176645.933176, 32
77177102.911847, 84
77177230.488992, 72
77177344.47857, 69
77177413.642884, 32
77177556.302621, 79
77177644.178483, 78
77177732.09568, 69
77177824.476317, 83
77177950.568146, 32
77178133.59803, 84
77178721.411333, 8
77178876.498736, 87
77179035.877023, 72
77179115.859956, 79
77179229.210077, 32
77179411.89041, 68
77179484.004828, 79
77179620.324921, 32
77180051.748881, 78
77180467.897994, 79
77180643.390605, 84
77180750.568645, 32
77180803.289612, 76
77180899.571632, 73
77181091.724257, 75
77181211.822664, 69
77181395.679265, 32
77181523.71804, 84
77181619.809472, 79
77181686.282239, 32
77181919.759896, 83
77182142.205597, 69
77182317.201346, 84
77182469.718158, 84
77182572.206105, 76
77182927.027794, 69
77183116.155965, 188
77184532.458492, 32
77184797.204642, 65
77184923.982534, 78
77185065.319247, 68
77186646.048861, 32
77186925.557458, 83
77187235.716451, 84
77187452.007549, 82
77187589.22427, 73
77187779.550626, 86
77188043.938624, 69
77188227.66345, 32
77188407.090458, 70
77188518.705305, 79
77188630.425573, 82
77188747.502024, 32
77188947.292903, 77
77189035.837906, 79
77189195.962458, 82
77189299.808384, 69
77190475.989834, 190
77191067.917857, 32
77191468.046692, 16
77191611.83942, 84
77191932.137904, 72
77192123.524289, 69
77192179.908056, 82
77192332.344139, 69
77192523.797938, 32
77192715.567997, 65
77192788.171232, 82
77192987.495765, 32
77193665.254219, 8
77193677.521812, 61
77193883.568554, 69
77194019.974094, 32
77194699.854547, 77
77194813.337553, 69
77194931.944541, 82
77195099.456558, 73
77195227.871794, 84
77195596.915513, 83
77195707.574642, 32
77195859.66367, 84
77195947.955387, 79
77196060.000516, 32
77196211.600449, 66
77196363.23506, 79
77196531.945262, 84
77196636.971064, 72
77197139.413347, 32
77197275.561994, 76
77197395.86708, 73
77197509.190569, 70
77197635.420553, 69
77197755.74922, 32
77197883.631529, 83
77198027.640646, 84
77198227.507539, 89
77198340.950874, 76
77198510.104119, 83
77198516.432388, 69
77198667.328225, 190
new stimulus
77215156.35633, 16
77215284.11158, 73
77215515.514954, 32
77215859.938872, 84
77215965.199373, 72
77216083.700108, 73
77216443.446311, 78
77216675.653931, 75
77217883.855963, 32
77218141.097852, 84
77218253.610437, 72
77218499.510489, 65
77218819.768746, 84
77219051.730571, 32
77219235.726161, 73
77219411.911217, 84
77219540.605539, 32
77219756.293799, 83
77219875.218435, 72
77219955.418034, 79
77220028.803044, 85
77220243.505901, 76
77220596.686085, 68
77221083.411311, 32
77221331.535732, 66
77221779.408586, 69
77221964.967448, 32
77222068.745684, 79
77222267.236287, 80
77222394.983214, 84
77222507.257771, 73
77222603.485971, 79
77222667.648092, 78
77222843.136264, 65
77222956.802924, 76
77223139.236074, 32
77223300.739134, 70
77223419.161081, 79
77223539.097752, 82
77223643.041885, 32
77223779.1295, 83
77223931.37749, 84
77224044.699037, 85
77224187.144882, 68
77224371.125769, 69
77224474.979741, 78
77224611.040445, 84
77224707.968581, 83
77224835.405905, 32
77225180.434048, 84
77225859.396513, 79
77226028.282323, 32
77226189.057706, 65
77226459.254917, 84
77226603.204666, 84
77226842.938185, 69
77227003.245835, 78
77227211.1796, 68
77227275.337559, 32
77227539.291947, 67
77227707.399311, 76
77227843.097148, 65
77228051.164353, 83
77228211.183484, 83
77228445.920081, 69
77228523.274997, 83
77228675.038055, 190
77229225.573632, 32
77229635.339268, 16
77230165.650239, 16
77230356.470129, 84
77230643.058253, 72
77230835.193677, 69
77230978.916495, 89
77231163.013067, 32
77231403.404909, 68
77231627.149776, 69
77231843.064412, 83
77231923.363051, 69
77232003.165105, 82
77232291.226063, 86
77232490.895431, 69
77232595.20382, 32
77232746.862289, 65
77232891.331372, 85
77233051.072526, 84
77233355.084129, 79
77233634.980562, 78
77233794.845724, 79
77234058.869467, 77
77234202.850564, 89
77234354.928218, 32
77234515.010601, 65
77234634.951987, 78
77234716.495696, 68
77234835.746857, 32
77235409.73623, 8
77235559.971248, 8
77235707.593507, 8
77235849.993022, 8
77235985.73275, 8
77236356.014879, 190
77236571.224032, 32
77236723.434293, 16
77236794.644316, 73
77236938.86899, 70
77237028.6463, 32
77237170.665193, 84
77237219.081961, 72
77237426.935273, 89
77237880.999905, 8
77237979.303221, 69
77238154.940924, 85
77238160.911874, 89
77238290.857924, 32
77238466.862101, 80
77238594.909475, 69
77238723.37437, 82
77239211.033676, 79
77239559.956822, 8
77239675.336561, 70
77239786.944195, 79
77239874.721295, 82
77239996.414877, 77
77240100.562361, 32
77240180.337783, 80
77240394.889446, 79
77240531.576291, 79
77240660.128573, 82
77240788.618436, 76
77240962.829913, 89
77241146.973924, 32
77241339.225865, 66
77241897.058468, 69
77242103.516626, 67
77242199.273487, 65
77242381.054419, 83
77242540.970626, 69
77242731.864865, 85
77243951.315243, 32
77244099.371667, 84
77244197.01028, 72
77244286.352316, 69
77244419.931482, 89
77244536.159577, 32
77244652.879818, 68
77244765.210969, 73
77244794.900099, 68
77245027.67033, 78
77245147.388947, 222
77245355.535494, 84
77245595.269569, 32
77245732.74346, 65
77245963.161155, 84
77246091.193549, 84
77246267.259591, 69
77246363.262525, 78
77246467.067948, 68
77246589.090275, 32
77246739.130265, 67
77246852.9545, 76
77247003.143189, 65
77247132.793784, 83
77247283.002725, 83
77247443.356426, 188
77247563.001804, 32
77247692.686522, 84
77247803.448852, 72
77247893.214234, 65
77247963.555649, 84
77248060.467971, 32
77248131.33621, 73
77248291.19083, 83
77248427.120314, 32
77248835.439751, 65
77248907.458458, 76
77249219.279485, 83
77249299.270186, 79
77249420.624204, 32
77249747.827995, 84
77249875.137427, 72
77250067.415446, 73
77250092.901357, 69
77250897.018242, 8
77251048.315231, 8
77251235.565256, 69
77251379.376849, 73
77251499.210041, 82
77251643.478547, 32
77251803.304038, 70
77251971.179755, 65
77252059.418207, 85
77252274.946395, 76
77252446.789799, 84
77253477.041262, 188
77253645.05791, 32
77253740.212488, 65
77253910.460162, 68
77253924.422525, 78
77254467.945433, 32
77254588.968487, 73
77254669.232171, 84
77254762.761889, 32
77254917.035892, 77
77255141.068723, 73
77255291.222456, 71
77255381.321021, 72
77255531.511097, 84
77255611.039335, 32
77255724.689349, 84
77255858.942096, 69
77256067.164102, 65
77256243.816614, 67
77256341.011629, 72
77256444.558218, 32
77256548.593069, 84
77256699.129644, 72
77256915.005441, 69
77257083.11447, 77
77257203.191793, 32
77258803.492962, 84
77258899.028163, 79
77258971.62252, 32
77259203.286117, 65
77259419.240147, 84
77259547.164346, 84
77259699.562977, 69
77259819.172012, 78
77259924.547642, 68
77260012.508672, 32
77260178.978693, 67
77260347.102148, 76
77260361.473709, 65
77260908.774547, 83
77261076.982061, 83
77261315.85696, 32
77262070.265123, 78
77262157.243248, 69
77262395.422928, 88
77262611.577534, 84
77262691.367104, 32
77262808.285147, 84
77262924.5371, 73
77262989.141709, 77
77263091.077586, 69
77263211.66703, 190
new stimulus
77276162.909311, 16
77276658.747568, 16
77276688.199224, 16
77276719.008583, 16
77276758.371689, 16
77276782.105404, 16
77276810.579703, 16
77276841.549412, 16
77276872.643683, 16
77276903.44777, 16
77276956.899189, 16
77277260.806204, 16
77277389.315764, 73
77277963.626391, 32
77278155.507419, 68
77278253.1194, 79
77278315.459137, 78
77278427.156379, 222
77278580.230254, 84
77278684.354157, 32
77278787.470742, 84
77278892.799211, 72
77278947.359207, 73
77279146.910394, 78
77279323.365382, 75
77279444.455017, 32
77279682.935422, 79
77279763.479857, 78
77279922.911963, 69
77279995.107666, 32
77280170.799465, 65
77280252.613105, 80
77280395.109718, 80
77280611.31648, 82
77280693.166739, 79
77280826.992256, 65
77281026.804219, 67
77281131.097905, 72
77281194.896603, 32
77281322.939262, 73
77281443.136153, 83
77281564.505707, 32
77281770.988834, 66
77282026.763161, 82
77282744.831007, 8
77282867.300261, 69
77282986.935373, 84
77283147.292404, 84
77283276.105741, 69
77283338.916262, 82
77283468.60431, 32
77283578.817622, 84
77283746.918883, 65
77284147.757918, 72
77284552.061951, 8
77284719.340934, 8
77284939.95038, 74
77284945.840323, 72
77285099.214646, 65
77285290.752503, 78
77285442.851519, 32
77285650.769471, 84
77285732.873016, 72
77285842.753422, 69
77285932.417267, 32
77286019.033079, 79
77286165.081524, 84
77286223.180313, 72
77286332.270622, 69
77286387.237042, 82
77286987.210576, 190
77287235.597437, 32
77287707.759127, 16
77288214.147181, 16
77288244.65637, 16
77288275.511503, 16
77288306.839918, 16
77288338.592511, 16
77288369.544465, 16
77288400.64789, 16
77288431.812627, 16
77288463.145758, 16
77288509.60254, 16
77288541.022782, 16
77288572.462165, 16
77288603.414396, 16
77288634.923968, 16
77288665.602938, 16
77288696.74992, 16
77288728.75247, 16
77288775.128522, 16
77288805.98643, 16
77288837.458272, 16
77288869.025547, 16
77288899.994423, 16
77288931.028494, 16
77288962.075603, 16
77288993.178752, 16
77289024.450018, 16
77289071.104602, 16
77289105.03995, 16
77289135.628203, 16
77289165.395566, 16
77289206.761102, 16
77289226.842282, 16
77289258.617623, 16
77289289.780695, 16
77289320.663293, 16
77289367.989793, 16
77289399.1598, 16
77289430.44466, 16
77289461.240147, 16
77289492.288921, 16
77289523.658394, 16
77289555.038133, 16
77289586.053616, 16
77289632.588076, 16
77289664.042441, 16
77289695.328133, 16
77289726.280919, 16
77289758.051544, 16
77289788.749657, 16
77289820.108033, 16
77289834.67157, 73
77290108.054415, 70
77290221.299948, 32
77290450.938642, 89
77290524.330865, 79
77290626.836012, 85
77290690.52069, 32
77290844.653484, 65
77290948.288016, 82
77291026.991479, 69
77291132.049184, 32
77291394.805109, 82
77291515.014762, 69
77291754.999904, 81
77291804.402074, 85
77292026.495171, 73
77292124.258902, 82
77292195.228677, 69
77292394.55543, 68
77292493.572829, 32
77292643.534864, 84
77292682.921274, 79
77292762.600985, 32
77292882.678308, 84
77293010.464074, 65
77293122.571622, 75
77293235.878465, 69
77293346.929592, 32
77293395.964733, 77
77293522.56452, 65
77293626.652359, 78
77293779.006879, 89
77293888.624567, 32
77294020.263445, 83
77294114.867063, 85
77294274.482545, 66
77294642.859064, 74
77294770.569094, 69
77294994.665733, 67
77295299.617518, 84
77295460.734962, 83
77295722.435297, 188
77296442.95472, 32
77296866.928515, 89
77297001.169055, 79
77297108.445857, 85
77297170.962035, 32
77297394.613966, 65
77297610.555234, 82
77297682.882712, 69
77297795.926559, 32
77297907.926468, 65
77298130.593552, 66
77298170.630516, 76
77298330.494013, 69
77298436.021393, 32
77298570.386495, 84
77298642.8144, 79
77298698.475483, 32
77300714.870836, 83
77301231.736835, 8
77301394.83951, 69
77301778.435113, 88
77301962.991095, 80
77302106.766068, 69
77302218.532388, 82
77302306.85157, 69
77302420.211955, 73
77302610.54275, 67
77302730.845062, 78
77302906.300499, 69
77303028.102276, 32
77303226.61646, 65
77303321.011457, 32
77303392.147963, 76
77303563.774423, 79
77303634.679004, 84
77303747.797756, 32
77303802.66569, 77
77303882.863903, 79
77303956.3105, 82
77304034.447746, 69
77304210.354825, 190
77304338.440484, 32
77304586.327708, 87
77304668.071438, 72
77304722.667499, 73
77304780.089102, 76
77304827.724649, 69
77304930.670342, 32
77305090.268624, 84
77305179.978799, 72
77305282.215401, 69
77305330.761448, 32
77305434.344656, 79
77305562.283836, 84
77305651.984023, 72
77305730.805391, 69
77305818.642414, 82
77305859.904749, 32
77306146.386344, 65
77306282.200143, 80
77306426.379043, 80
77306578.450038, 82
77306620.340457, 79
77306786.409881, 65
77306914.349893, 67
77306970.523375, 72
77307059.917012, 32
77307209.401603, 65
77307298.28839, 76
77307426.854544, 76
77307578.263333, 79
77307652.015927, 87
77307834.36058, 83
77307891.084744, 32
77308154.285099, 89
77308267.834409, 79
77308346.723467, 85
77308442.323585, 32
77308523.552974, 84
77308619.838878, 79
77309402.667244, 32
77309546.546528, 83
77309618.559964, 80
77309730.365678, 69
77309922.817917, 67
77310283.604453, 73
77310458.369109, 65
77310602.198179, 76
77311122.433189, 73
77311290.901756, 90
77311498.239897, 69
77312560.192353, 32
77312734.879608, 66
77312815.671781, 85
77312996.46842, 84
77313085.966644, 32
77313299.335103, 89
77313424.583291, 79
77313491.026374, 85
77313571.315026, 82
77313692.178563, 32
77313874.883309, 69
77314087.338495, 88
77314182.031998, 80
77314316.654547, 69
77314402.884188, 82
77314499.543502, 69
77314596.28521, 73
77314778.882317, 78
77314890.402009, 67
77314938.949997, 69
77315068.04131, 32
77315226.716609, 83
77315866.979006, 32
77315994.682655, 77
77316084.211396, 65
77316274.743877, 89
77316386.671379, 32
77316524.424079, 78
77316594.830688, 79
77316674.305939, 84
77316778.564114, 32
77316914.549637, 66
77317114.330252, 69
77317224.477815, 32
77317347.069967, 65
77317451.484054, 83
77317580.165615, 32
77318238.419372, 66
77318546.927983, 79
77319187.507195, 8
77319264.079782, 82
77319420.636966, 79
77319510.089415, 65
77319606.585883, 68
77319742.692362, 32
77319971.276021, 79
77320051.427626, 82
77320156.48117, 32
77320266.441474, 87
77320349.916593, 72
77320396.77314, 73
77320948.928028, 68
77321202.660253, 69
77321665.384053, 8
77321807.209305, 8
77321943.04724, 8
77322175.474301, 8
77322483.121239, 73
77322538.678012, 68
77322699.269742, 69
new stimulus
77345166.165966, 16
77345572.859711, 73
77346253.944452, 32
77346755.211022, 65
77347563.36051, 71
77347867.16044, 82
77348011.056924, 69
77348284.234478, 69
77348644.403472, 32
77348836.807163, 87
77348972.873416, 73
77349162.869362, 84
77349290.29337, 72
77349394.565417, 32
77349602.442033, 84
77349682.71931, 72
77349754.309678, 73
77350522.996743, 83
77350978.756145, 32
77351242.400098, 83
77351722.958515, 84
77351898.484971, 65
77352242.566551, 84
77352442.480606, 69
77352650.216014, 77
77352762.410951, 69
77352866.460505, 78
77352994.297039, 84
77353146.328918, 190
77353290.596592, 32
77354059.048959, 16
77354561.435757, 16
77354590.978131, 16
77354622.193635, 16
77354653.355597, 16
77354684.455971, 16
77354715.538036, 16
77354746.650616, 16
77354778.079181, 16
77354809.356273, 16
77354856.244723, 16
77354887.466608, 16
77354919.467771, 16
77354950.504616, 16
77354981.97091, 16
77355012.960038, 16
77355044.993382, 16
77355074.778776, 16
77355121.190894, 16
77355152.54178, 16
77355183.508437, 16
77355214.441803, 16
77355246.09286, 16
77355277.207105, 16
77355308.298047, 16
77355340.071447, 16
77355371.255325, 16
77355418.235047, 16
77355449.23555, 16
77355481.296081, 16
77355511.448505, 16
77355542.658461, 16
77355573.628169, 16
77355604.799841, 16
77355638.805654, 16
77355667.317683, 16
77355713.924273, 16
77355745.047118, 16
77355777.090449, 16
77355807.922002, 16
77355838.742735, 16
77355869.971833, 16
77355901.267512, 16
77355932.397571, 16
77355979.880814, 16
77356011.200628, 16
77356041.967542, 16
77356072.809359, 16
77356114.049501, 16
77356135.769133, 16
77356167.282311, 16
77356197.623105, 16
77356228.689356, 16
77356275.527593, 16
77356306.775834, 16
77356337.852072, 16
77356370.139812, 16
77356401.455743, 16
77356432.020416, 16
77356462.848639, 16
77356494.202577, 16
77356525.990402, 16
77356572.437752, 16
77356603.248498, 16
77356634.377169, 16
77356665.544402, 16
77356675.077726, 84
77356851.822064, 82
77357027.904197, 65
77357274.068355, 86
77357602.394594, 76
77358151.681495, 8
77358282.864569, 69
77358426.170144, 76
77358538.477159, 73
77358642.671805, 78
77358714.1279, 71
77358826.207984, 32
77358955.724585, 87
77359027.712498, 73
77359162.358629, 84
77359234.872534, 72
77359322.2163, 32
77359530.332609, 65
77359619.730407, 32
77359866.186412, 71
77359955.996736, 85
77360154.277886, 73
77360267.553658, 68
77360418.284428, 69
77360521.993309, 32
77360635.23579, 65
77360730.726881, 76
77360874.188645, 76
77361034.028006, 79
77361138.37246, 87
77361338.1159, 83
77361426.399294, 32
77361818.153319, 89
77361923.896811, 79
77362026.362841, 85
77362426.313848, 32
77362658.133356, 84
77362722.334593, 79
77362818.592755, 32
77363002.055973, 76
77363114.045617, 69
77363229.416201, 65
77363290.260635, 82
77363404.629171, 78
77363467.354247, 32
77363610.329413, 65
77363699.409563, 32
77363842.028796, 76
77364082.224223, 79
77364210.120126, 84
77364387.430682, 32
77364563.943373, 77
77364618.543319, 79
77364769.912714, 82
77364866.252438, 69
77365066.289946, 32
77365225.999751, 65
77365434.344378, 66
77365499.485521, 79
77365612.839803, 85
77365761.797848, 84
77365866.039101, 32
77365977.963551, 84
77366097.904105, 72
77366218.237766, 69
77366337.932802, 32
77366690.037421, 80
77366881.971714, 76
77366987.570947, 65
77367162.194118, 67
77367261.059213, 69
77367351.152507, 32
77367637.03709, 89
77367747.714807, 79
77367834.37556, 85
77367947.24269, 32
77368123.346184, 65
77368204.091195, 82
77368298.131092, 69
77368403.072835, 32
77368570.003931, 84
77368777.897192, 82
77368938.02535, 65
77369282.0864, 86
77369642.295343, 76
77370150.941888, 8
77370258.501383, 69
77370466.595498, 76
77370611.739548, 73
77370730.236399, 78
77370810.417411, 71
77371066.105183, 32
77371218.573169, 84
77371306.353597, 79
77371690.922951, 190
77371779.674634, 32
77372026.420267, 16
77372122.020662, 87
77372257.887449, 72
77372370.155347, 73
77372434.375449, 76
77372586.051396, 69
77372722.097397, 32
77372929.780096, 73
77373082.046119, 84
77373178.400546, 32
77373361.982778, 77
77373522.066271, 65
77373698.006086, 89
77373857.902041, 32
77373971.513771, 78
77374042.178105, 79
77374129.898333, 84
77374258.249762, 32
77374481.861189, 66
77374783.427596, 69
77374875.743594, 32
77375106.010649, 65
77375217.96839, 83
77375361.825757, 32
77375538.009148, 16
77375834.493465, 16
77375836.634329, 222
77376419.077023, 70
77376538.165337, 85
77376626.464267, 78
77377253.306937, 40
77377706.829209, 32
77378290.246486, 16
77378586.377367, 73
77378795.248818, 32
77378959.81406, 73
77379158.299947, 84
77379171.943553, 72
77379947.884367, 73
77380164.101115, 78
77380275.064299, 75
77380413.94139, 32
77380626.818534, 73
77380802.475934, 84
77381002.654372, 32
77382306.907331, 73
77382446.970955, 83
77382501.949859, 32
77382660.146051, 65
77382730.370949, 32
77382818.517851, 76
77383042.413081, 79
77383146.137497, 84
77383258.802941, 32
77383370.2874, 77
77383474.110023, 79
77383531.529407, 82
77383675.553505, 69
77383850.086791, 32
77383963.749566, 69
77384194.213313, 68
77384273.127895, 85
77384441.947678, 67
77384592.803289, 65
77384798.135392, 84
77384893.218118, 73
77384972.391256, 79
77385083.072302, 78
77385237.243936, 83
77385466.437368, 188
77386089.21997, 8
77386238.573896, 8
77386583.408953, 8
77387310.958245, 65
77387389.384287, 76
77388313.882826, 8
77388438.656068, 8
77388791.420396, 78
77388922.692245, 65
77389002.412182, 76
77389233.983397, 188
77389323.68941, 32
77389474.374406, 87
77389578.652279, 72
77389666.515379, 73
77389755.431572, 67
77389842.286521, 72
77389971.266033, 32
77390083.606616, 73
77390194.395024, 78
77390347.418964, 32
77390507.747975, 77
77390682.118692, 89
77390850.025758, 32
77391081.819188, 79
77391282.015658, 80
77391458.325553, 73
77391604.270798, 78
77391714.423355, 73
77391794.361345, 79
77391867.485578, 78
77391969.931634, 32
77392130.053966, 73
77392266.046148, 83
77392347.610385, 32
77392506.165838, 77
77392666.055413, 79
77392825.908369, 82
77392935.600128, 69
77393142.183126, 32
77393413.90588, 69
77393853.22249, 8
77393957.738113, 66
77394164.680372, 69
77394177.619326, 82
77394225.19606, 78
77394364.030151, 69
77394570.831202, 70
77394674.418849, 73
77394869.89249, 67
77395003.975177, 73
77395132.024216, 65
77395210.31765, 76
77395426.719994, 190
77395547.974973, 32
