new stimulus
362770019.027253, 72
362770506.255723, 65
362770835.438918, 78
362774276.586513, 68
362774438.457712, 75
362774944.571118, 69
362775252.270767, 61
362775694.366034, 8
362775844.788589, 8
362776011.397043, 8
362776294.708539, 74
362776637.610798, 87
362777842.924037, 8
362778086.803348, 8
362778884.463794, 74
362779625.684434, 8
362779907.76806, 75
362780417.451608, 8
362780702.290866, 74
362781277.182137, 69
362781635.28101, 8
362781987.73629, 69
362783584.892328, 37
362784775.357395, 8
362785251.198254, 74
362785840.96738, 8
362786164.357453, 72
362786786.274776, 8
362787117.304491, 76
new stimulus
362805862.443992, 80
362806284.125728, 76
362806437.8693, 65
362806650.814968, 78
new stimulus
362842164.437351, 77
362842655.613256, 79
362842866.523202, 85
362843173.178635, 78
362843374.419321, 71
362843612.978514, 90
362843732.481574, 73
362843915.512013, 78
362844473.015039, 8
362844814.071057, 8
362845035.378218, 8
362845199.890751, 8
362845532.447673, 82
362845992.14702, 8
362846084.236919, 84
362846715.479777, 65
362846900.200548, 73
362847236.700189, 78
new stimulus
362876901.197602, 32
362877472.563397, 8
362877683.595409, 86
362878018.048786, 72
362878744.139671, 8
362878926.306219, 8
362879114.985522, 67
362879778.32997, 72
362880149.346435, 65
362880286.595892, 78
362880598.92044, 71
362880771.918197, 69
new stimulus
362915405.593489, 70
362916607.603743, 8
362916994.650474, 84
362917632.7168, 65
362917820.804639, 75
362918026.174472, 83
362918416.448451, 8
362918832.101534, 8
362918970.721454, 68
362919218.600356, 74
362919592.26842, 8
362919765.624882, 8
362920002.518435, 70
362920635.472153, 68
362920807.071704, 8
362920973.59388, 8
362921059.958347, 83
362921675.010868, 74
362922190.458686, 8
362922539.15823, 75
362922978.210734, 68
362923646.445019, 8
362923778.137994, 83
new stimulus
362952291.394458, 76
362952777.999561, 79
362953917.826266, 71
362954744.190717, 8
362955130.145516, 82
362955695.293455, 8
362955883.801866, 84
362956353.579116, 83
362962281.798714, 32
362963121.765989, 61
362963753.288766, 8
362963997.971768, 8
new stimulus
362993613.699533, 68
362994097.424998, 69
362994305.904729, 75
362994698.263256, 85
362994993.36074, 61
362995145.57544, 61
362995398.88321, 8
362995565.540213, 8
362995844.195461, 8
362996021.052433, 8
362996410.803471, 75
362996977.645626, 61
362997281.243315, 74
362997593.398081, 61
362997753.282663, 61
362997922.100782, 61
362998111.08192, 8
362998429.425134, 8
362998766.48489, 8
362998949.979456, 8
362999119.454788, 8
362999285.257887, 8
362999738.169831, 72
363000329.665631, 61
363000742.296481, 8
363000909.098853, 8
363001169.56688, 75
363001927.97297, 8
363002602.354645, 9
363002747.275648, 74
363003327.541412, 8
363003532.904032, 8
363003669.138125, 8
363004387.299739, 69
363004858.085972, 75
363005145.207579, 85
363005485.678236, 8
363006305.778779, 73
363006761.857217, 86
363007160.739595, 69
363007342.132691, 82
363007569.380286, 69
363007809.285253, 68
363008639.062269, 37
363009145.066371, 37
363009174.324387, 37
363009205.704403, 37
363009236.419438, 37
new stimulus
363025818.592755, 83
363026585.197214, 69
363026857.351359, 65
363034793.878909, 66
363035251.491489, 69
363035560.93723, 68
363036772.244445, 37
363036988.051996, 37
363037339.033889, 37
363037775.792115, 8
363038014.011189, 8
363038429.548587, 8
new stimulus
363056468.589606, 65
363057036.406621, 68
363057731.727819, 86
363058098.826255, 65
363058377.556962, 66
363058563.753339, 67
363058785.760159, 69
363060017.363, 83
363060886.674014, 37
363061130.933116, 37
363061322.26901, 37
363061993.597104, 61
363062781.443753, 8
363063020.766688, 8
363063457.747684, 66
363064097.170047, 61
363064773.942266, 8
363064972.320514, 8
363065330.669898, 66
363065814.812605, 8
363065948.384281, 86
363066525.697445, 8
363066729.032111, 67
363067261.139942, 8
363067577.083181, 78
new stimulus
363090081.778684, 87
363090792.933178, 61
363091431.331855, 8
363091661.572277, 8
363099258.138793, 65
363099464.67352, 66
363100112.882387, 61
363100950.64943, 8
363101502.968552, 8
363102042.613935, 66
363102568.858178, 61
363102728.425944, 86
363103024.342933, 61
363103248.42681, 61
363103470.994299, 8
363103669.248816, 8
363103960.532305, 8
363104155.411986, 8
363104565.746893, 8
363104617.137622, 66
363105085.67008, 8
363105248.667057, 86
363105750.427437, 8
363105889.0407, 67
363106365.227781, 8
363106801.124335, 66
363107560.80601, 65
363107784.295649, 75
363108541.771821, 8
363108936.616047, 74
363109504.734897, 61
363109893.095497, 8
363110061.124906, 8
363110314.323372, 76
363111142.890274, 89
363111558.965039, 84
363111704.610112, 73
363111976.518184, 67
363112224.511383, 83
new stimulus
363129457.946318, 85
363130312.945695, 61
363130845.01441, 8
363131036.794734, 8
363131393.980334, 85
363132007.234606, 8
363132745.198036, 89
363133592.898445, 86
363133800.525104, 84
363134064.369632, 69
363134184.59815, 82
363134576.214018, 65
363134728.381002, 84
363134935.975757, 85
363135479.508375, 61
363135632.161401, 61
363135713.847704, 67
363136037.662787, 8
363136187.589312, 8
363136332.67011, 8
363136459.560913, 8
363136603.827478, 8
363137049.042076, 67
363137808.77979, 84
363137976.403331, 85
363138113.934371, 73
363138351.941772, 66
363139515.475283, 37
363139737.951223, 37
363140573.28167, 8
363141132.024771, 39
363141369.749202, 39
363142052.124232, 8
363142432.730615, 73
363142908.946271, 8
363143680.981818, 89
363144176.272998, 61
363144933.239268, 8
363145139.811447, 8
363145664.638898, 74
363146565.730525, 8
363147585.280441, 85
363148189.768738, 8
363148768.968648, 85
new stimulus
363163954.214023, 67
363164032.758247, 75
363164424.20572, 73
363164847.877958, 61
363165252.681073, 8
363165396.032146, 8
363165971.944885, 8
363166337.019807, 74
363167293.954229, 8
363167760.805788, 75
363168424.333334, 73
363168703.870783, 82
363169237.094683, 8
363169403.392425, 8
363169996.502543, 8
363170560.63595, 74
363171388.914889, 8
363172170.607212, 76
363172880.242544, 79
363173239.653067, 82
363173567.657219, 72
363173941.821035, 8
363174108.139584, 8
363174272.236816, 84
363174736.036457, 72
363175192.090481, 69
363175201.054535, 87
363175860.976707, 8
363176024.852834, 83
new stimulus
363194921.017172, 84
363195415.765161, 65
363195551.898272, 74
363195863.962321, 69
363196268.239167, 8
363196475.644721, 8
363197128.378616, 74
363197693.337908, 8
363198032.765737, 75
363198480.051567, 69
new stimulus
363230832.640287, 68
363230968.359207, 73
363231288.175532, 66
363231656.153673, 61
363231816.209147, 61
363232021.079897, 8
363232139.332062, 8
363232339.365131, 8
363232483.099878, 8
363232984.274898, 85
363233556.575327, 8
363233868.534233, 79
363234391.645275, 66
363234760.561102, 20
363234990.462792, 8
363235189.045499, 8
363236080.14134, 79
363236207.735685, 79
363236996.439013, 8
363237155.469135, 8
363237536.602065, 79
363238511.640481, 66
363239276.401472, 8
363239640.879937, 20
363240352.575126, 73
363240845.956535, 8
363241243.416294, 8
363241591.762957, 73
363242157.469069, 8
363242608.732573, 79
363243368.630914, 66
363243935.513573, 65
363244327.473444, 82
363245052.661598, 8
363245152.374495, 84
363245343.544768, 69
363245575.733801, 68
363246330.664627, 37
363246545.57888, 37
363246730.342097, 37
363246964.378482, 37
363248179.952166, 8
363248736.464242, 86
363249207.303462, 61
363249527.25822, 66
363249989.956497, 8
363250187.893921, 8
363250371.764117, 8
363250767.99462, 78
363251647.539726, 78
363252348.745595, 8
new stimulus
363269536.748544, 83
363270407.40977, 71
363271423.54074, 61
363271687.085098, 61
363271987.840323, 8
363272189.515452, 8
363272341.42582, 8
363272474.550292, 8
363272595.029044, 8
363273168.530432, 32
363273655.34055, 86
363273961.965744, 73
363274591.033615, 8
363274754.454492, 8
363274922.554089, 8
363275383.798398, 86
363276012.151076, 8
363276351.889617, 66
363277015.686539, 73
363277247.499943, 73
363277652.137438, 8
363277819.207244, 8
363278071.944358, 79
363278271.215626, 79
363278783.579901, 74
363279347.935246, 8
363279759.665029, 75
363280535.301789, 83
363280967.255623, 72
363281391.119005, 69
363281911.142897, 75
363282484.594072, 8
363282839.627988, 76
363283239.284373, 70
new stimulus
363298272.295352, 82
363298367.018816, 69
363298566.870174, 79
363298719.171707, 75
363298896.392656, 65
363299395.693414, 8
363299690.812815, 8
363299938.328017, 8
363300295.848188, 80
363300727.247456, 75
363300910.92956, 65
363301039.04407, 67
363301355.324931, 8
363301482.348619, 8
363301658.443236, 8
363301927.245292, 74
363302523.847041, 8
363302799.799923, 59
363303579.756418, 8
363303879.134521, 75
363304419.482336, 8
363304927.425616, 76
363305487.238179, 67
363305987.524617, 8
363306160.621968, 65
363306422.990612, 67
363306822.95771, 69
new stimulus
363332639.937258, 70
363332824.526808, 73
363333454.920201, 61
363334076.30099, 8
363334290.291151, 8
363334831.604671, 85
363335379.983016, 8
363335658.039032, 79
363336086.704863, 82
363336551.13453, 67
363337535.008831, 69
363340599.035848, 83
