new stimulus
363455277.359132, 88
363456950.288227, 79
363457577.484333, 61
363457691.401227, 61
363458514.340905, 8
363458793.877522, 8
363458959.547181, 8
363459253.813509, 75
363459699.097463, 8
363460483.133723, 73
363461015.760611, 61
363461263.010875, 76
363462268.095185, 8
363462472.618326, 8
363462843.890297, 8
363463418.426468, 75
363463997.305956, 8
363464560.172101, 76
363465281.83894, 8
363465424.57913, 16
363465672.040512, 85
363466181.822822, 8
new stimulus
363474346.548414, 13
363476029.608954, 8
363476571.962251, 8
363476933.458432, 8
363477640.384462, 82
363478150.980727, 69
363478478.670838, 84
363478727.453858, 73
363479030.299457, 82
363479304.676028, 78
363479670.388742, 8
363479802.42794, 8
363480250.896419, 8
363480536.104093, 85
363481038.957237, 84
363481238.171357, 78
363481747.599122, 8
363481958.731005, 82
363482459.218574, 8
363482610.655384, 8
363482727.273811, 82
363482902.427413, 78
363483089.889943, 32
363483503.332252, 67
363484019.326591, 8
363484176.401167, 86
363484782.970405, 88
363484995.843111, 8
363485210.152307, 8
363485350.690045, 88
363485879.000804, 16
363485926.408033, 61
363486718.969466, 49
363491251.898744, 8
363492762.921684, 8
363492999.04872, 32
363493542.986373, 61
363494294.240528, 32
363494502.948577, 67
363494987.813968, 8
363495294.58897, 86
363495894.130003, 8
363496158.519943, 88
363496977.973538, 32
363497101.982206, 16
363497246.799176, 61
363497670.222567, 49
363498459.014947, 37
363498969.666697, 37
363499000.579256, 37
363499033.11945, 37
363499064.748868, 37
363499094.49903, 37
363499125.741167, 37
363499156.874554, 37
363499188.430732, 37
363499585.057394, 39
363500043.266431, 8
363500548.145032, 8
363500578.854242, 8
363500609.795376, 8
363500641.193701, 8
363500672.79177, 8
363500970.209611, 8
new stimulus
363516377.062596, 65
363517846.303867, 32
363519163.13652, 8
363519385.331986, 8
363519743.005016, 66
363520670.242819, 32
363521658.742851, 8
363521849.69202, 8
363522079.331824, 65
363522401.26987, 32
363522607.904746, 61
363522824.540124, 32
363523177.571332, 66
363524287.69365, 13
363525175.548927, 66
363526046.387149, 32
363526214.293105, 61
363526397.949686, 32
363526646.31796, 84
363526797.487057, 69
363526982.177866, 77
363527230.326977, 80
363529481.507199, 37
363529982.3249, 37
363530014.361295, 37
363530045.342656, 37
363530076.991493, 37
363530106.854566, 37
363530138.204897, 37
363530505.860397, 37
363531346.562563, 8
363532051.908953, 8
363533327.348327, 40
363534532.98282, 38
363534911.206981, 39
363535410.575431, 39
363535451.048501, 39
363535473.574877, 39
363535504.263557, 39
363535535.272105, 39
363535566.553358, 39
363535597.640138, 39
363535631.539699, 39
363535666.827756, 39
363536326.558784, 37
363536691.580996, 37
363537287.67645, 37
new stimulus
363560089.362287, 67
363560634.659585, 61
363560898.678334, 8
363561073.590856, 8
363561206.91951, 86
363561834.480703, 8
363562174.038643, 66
363562666.244893, 8
363563014.188184, 88
363563941.611582, 80
363564459.466312, 8
363564693.859739, 219
363566806.238884, 73
363569226.494395, 39
363570589.33829, 39
363571475.707696, 37
363572199.482108, 80
363572763.355572, 8
363572997.157535, 219
363573782.485749, 74
363574602.960257, 39
new stimulus
363586504.449152, 85
363587379.927809, 8
363588286.241625, 85
363588907.754467, 8
363589182.835966, 73
363589694.689508, 83
363589837.56286, 32
363590422.027126, 8
363590591.282462, 8
363590757.859013, 70
363591485.532312, 16
363591741.599597, 57
363592701.837558, 66
363593347.30966, 8
363593616.740077, 78
363593815.748626, 85
363594085.906443, 77
363594350.393203, 49
363594591.264707, 32
363595053.442541, 16
363595198.222058, 190
363595725.602345, 32
363596349.481873, 78
363596460.575722, 65
363596994.776424, 8
363597229.379582, 85
363597501.504319, 77
363597885.415074, 32
363599107.447416, 8
363599253.95333, 50
363599930.362959, 39
363600413.6648, 13
363601435.138082, 9
363601858.337594, 9
363602886.150797, 82
363602989.297343, 69
363603189.107919, 84
363603685.931578, 85
363603821.906004, 82
363603965.18245, 78
363604109.211542, 32
363604781.527811, 78
363604950.520429, 85
363605221.739939, 77
363605701.331264, 50
363606943.858144, 13
363608526.442877, 220
363609117.379118, 8
363609444.33628, 13
363610074.117403, 38
363611450.094725, 9
new stimulus
363630398.73368, 73
363630789.231261, 32
363631012.908992, 61
363631268.835347, 32
363631437.197662, 48
363632093.58326, 59
363632332.956964, 32
363632957.227657, 73
363633557.076073, 32
363633694.839593, 16
363633918.739539, 188
363634183.133085, 32
363634941.525858, 57
363635445.54473, 52
363636332.349133, 8
363636541.871138, 53
363637129.629788, 8
363637317.77977, 54
363638147.122067, 8
363638549.534638, 55
363639413.542735, 32
363639861.09905, 59
363640060.902969, 32
363640645.548392, 73
363640876.732325, 32
363641370.555945, 8
363641508.755294, 16
363641661.411095, 61
363641836.873189, 61
363643274.8296, 40
new stimulus
363656158.673357, 72
363656797.221842, 61
363657546.560954, 8
363657753.058783, 8
363658333.852204, 67
363658857.837957, 8
363659029.134285, 86
363659698.061015, 8
363659885.039167, 67
363660473.877544, 8
363660757.097213, 86
363661266.313582, 8
363661412.985117, 66
363662003.26248, 8
363662245.144077, 86
363662777.718532, 8
363663477.646597, 88
363664293.315881, 32
363664631.683681, 8
363665030.008441, 191
363665549.02335, 53
363666178.311494, 8
363666233.508728, 52
363666825.737477, 8
363667104.402989, 8
363667388.548692, 16
363667525.106814, 61
363668089.578121, 8
363668286.913818, 173
363668724.740673, 16
363668953.809542, 8
363669172.669566, 48
363669787.080409, 8
363670157.168344, 79
363670713.964222, 8
363671077.255598, 188
363671316.615154, 77
363671553.779192, 8
363672112.954794, 8
363672549.582355, 77
363672686.326904, 79
363672868.850771, 68
363673116.81401, 32
363673409.856908, 8
363673581.525259, 51
363674228.855254, 32
363674820.920047, 61
363675061.805977, 61
363675429.071699, 32
363675652.478666, 173
363676290.048407, 8
363676549.581245, 57
363677154.207421, 8
363677350.493075, 48
363680071.911899, 37
363680446.380879, 37
new stimulus
363700677.456064, 8
363700931.955638, 8
363701669.953745, 8
363702162.931227, 8
363702193.067283, 8
363702226.791236, 8
363702255.304929, 8
363702280.860751, 8
363702314.324204, 8
363702347.247517, 8
363702385.184398, 8
363702410.164014, 8
363702456.939831, 8
363702633.851455, 8
363702809.686682, 8
363702936.908449, 8
363703160.747918, 8
363703322.203261, 8
363703494.676968, 8
363703644.413182, 8
363704062.887645, 173
363704594.771042, 8
363704822.080225, 48
363705365.884438, 8
363705773.78913, 73
363706428.958511, 32
363706956.771575, 61
363707260.491053, 32
363707805.156106, 85
363708392.039491, 8
363709013.214434, 73
363709380.96287, 32
363709692.748664, 16
363709828.373262, 173
363710378.5579, 8
363710420.804528, 16
363710572.607812, 61
363711484.682014, 51
363712073.960937, 8
363712220.767021, 50
new stimulus
363728902.158314, 75
363730180.680121, 16
363730277.725607, 173
363730862.30001, 8
363730952.321174, 16
363731084.516283, 61
363731636.557428, 49
new stimulus
363765341.474646, 68
363765834.20883, 8
363765966.060768, 70
363766689.747793, 87
363767529.285619, 8
363767876.787255, 69
363768037.423095, 66
363768548.652437, 69
363768898.11489, 8
363769097.519044, 8
363769326.161794, 67
363769332.562193, 86
363769777.331806, 8
363769953.473307, 8
363770013.446358, 67
363770490.247096, 8
363770580.989558, 86
363770988.488658, 69
363771076.142027, 82
363771163.77348, 73
363771251.966712, 32
363771828.998571, 61
363772308.096916, 32
363772444.12544, 84
363772659.898591, 82
363772827.732695, 85
363773067.744468, 69
363773727.047158, 37
363774229.524396, 37
363774260.550421, 37
363774291.585601, 37
363774323.319607, 37
363774354.234663, 37
363774718.210995, 37
363775088.393808, 8
new stimulus
363797005.393912, 67
363799153.801275, 8
363799932.549875, 73
363800040.364598, 78
363800251.699, 84
363800451.819734, 32
363800867.818762, 32
363801434.458676, 8
363801691.374872, 8
363802477.879076, 32
363802668.07338, 73
363802827.726314, 32
363803412.022463, 173
363804089.845833, 8
363804331.959632, 61
363804459.444673, 49
363804589.22316, 32
363805596.046073, 59
363805829.557021, 32
363810704.638132, 37
363810957.172727, 37
363811101.513918, 37
363811341.540395, 37
363811533.203925, 37
363812277.627677, 37
363812866.498512, 8
363813124.241702, 67
363813523.897809, 79
363813659.789287, 85
363813923.580827, 78
363814395.731421, 84
363814967.349392, 39
363815475.704921, 39
363815507.29439, 39
363815538.219157, 39
363815569.000218, 39
363815783.47448, 39
363816324.376307, 67
363816932.208924, 80
363817091.958123, 73
363817323.713823, 84
363817616.894878, 8
363817776.038466, 8
363817919.662799, 8
363818164.032315, 79
363818299.855269, 85
363818547.542472, 78
363818675.416736, 84
363818795.504323, 32
363819155.42336, 16
363819268.061617, 188
363819611.663257, 173
363820257.267689, 8
363820435.826643, 61
363820667.528801, 52
new stimulus
363842525.346229, 52
363842612.489419, 48
363843088.439027, 8
363843247.092966, 8
363845668.230678, 69
363846179.799307, 88
363846579.468731, 65
363846723.255079, 77
363847243.778607, 32
363847843.666695, 83
363848075.303104, 67
363848640.663826, 8
363848807.303351, 8
363849216.89338, 8
363849603.895723, 16
363849692.078968, 173
363850149.868266, 83
363850261.359661, 67
363850596.555974, 79
363850739.215157, 82
363850827.649468, 69
363850963.227736, 32
363851331.199219, 16
363851491.691909, 188
363851672.568723, 32
363852379.838756, 53
363852843.989614, 48
363854758.773118, 37
363855271.27222, 37
363855301.898758, 37
new stimulus
363869317.422451, 89
363869955.664662, 32
363870467.976782, 16
363870684.428229, 188
363870694.132167, 190
363871736.915607, 8
363871896.652877, 8
363872173.109557, 190
363872907.488142, 32
363873851.441719, 67
363874417.209974, 8
363874611.687393, 88
363875475.57814, 32
363875947.171115, 16
363876051.99856, 56
363876259.240435, 56
363876625.013905, 8
363876784.028492, 8
363877155.485503, 48
363877331.480802, 48
363878097.697426, 8
363878976.010224, 37
363879334.60485, 16
363879547.706706, 56
363880097.174208, 8
363880299.666622, 83
363880651.628923, 78
363881008.690793, 8
363881159.593843, 8
363881237.025882, 65
363881443.029901, 78
363881555.180172, 68
363881643.500186, 32
363882003.48414, 16
363882411.431832, 89
363882786.96306, 32
363883003.349036, 16
363883130.862374, 190
363883531.523858, 32
363884051.028971, 88
363884955.343962, 61
363885625.442245, 8
363885786.12802, 8
363885901.673658, 90
363886592.617694, 37
363886789.470676, 37
363886948.526321, 37
363887124.708048, 37
363887325.030467, 37
363887813.135035, 37
363888043.011757, 16
363888307.851675, 48
363888523.144887, 48
363888898.515488, 8
363889039.390293, 8
363889331.394524, 55
363889498.912367, 55
new stimulus
363917172.98444, 67
363917619.642186, 65
363917763.186622, 83
363917994.790572, 69
363918178.772569, 82
363918592.013469, 8
363918851.285531, 32
363919004.634331, 16
363919380.062913, 222
363920531.64953, 67
363920684.425455, 79
363921267.162493, 69
363922208.639248, 8
363922428.406719, 87
363922775.042244, 39
363923019.219506, 32
363923720.767992, 8
363923963.210813, 59
363924624.714012, 8
363924730.791797, 16
363924891.284765, 76
363925291.136455, 16
363925408.523619, 8
363925643.181151, 59
363926490.80194, 13
new stimulus
363937580.121782, 74
363937835.002811, 70
363938252.3576, 61
363938387.835995, 61
363938531.360179, 61
363939288.438805, 8
363939638.784293, 8
363939798.466079, 8
363939951.378217, 8
363940446.669675, 8
363940923.465975, 85
363941307.402252, 68
363941559.861666, 8
363941718.429326, 8
363942003.253048, 73
363942486.161782, 70
363943260.781791, 16
363943483.396164, 57
363944003.021955, 65
363944252.391168, 71
363944426.350746, 69
363944650.684025, 32
363944850.594195, 16
363945187.099385, 190
363945762.852051, 32
363946138.521435, 53
363946633.23974, 56
363946976.953458, 8
363947228.795886, 52
363947800.320921, 8
363947910.518143, 8
363948010.953168, 52
363948504.905234, 8
363948787.02437, 54
363948994.606642, 53
363949568.011764, 39
363949818.804428, 16
363950319.642658, 16
363950350.622909, 16
363950381.192575, 16
363950412.345659, 16
363950426.157105, 219
363951109.325562, 13
363952115.334519, 82
363952210.886642, 69
363952370.75874, 84
363952499.358462, 85
363952738.886689, 82
363952834.844681, 78
363952946.682853, 32
363953394.716612, 84
363953642.531984, 82
363953740.046312, 85
363953922.389578, 69
363954673.714753, 38
363955279.192613, 37
363955478.274402, 37
363955654.610931, 37
363955836.435695, 37
363956068.315957, 37
363956346.265721, 16
363956515.230042, 173
363957036.381098, 16
363957093.711707, 61
363957633.417845, 8
363957822.943007, 8
363957971.075167, 173
363958520.412559, 8
363958798.450266, 16
363958975.702841, 48
363959457.270241, 8
363959540.034328, 16
363959707.88369, 57
363960183.129201, 8
363960442.982462, 56
363961337.190698, 8
363961739.961144, 173
new stimulus
363971171.523536, 67
363973336.410033, 8
363973843.225872, 88
363974351.736757, 8
363974554.665, 67
363975007.221012, 8
363975266.898665, 90
363975735.506027, 8
363976082.631756, 65
363976739.072839, 80
363977248.385196, 8
363977466.864875, 59
363978007.929825, 8
363978235.058129, 76
363978784.197164, 8
363979363.094962, 59
363979906.74049, 8
363981771.325901, 80
363982311.531953, 8
363982866.642216, 16
363983282.843484, 59
363983322.524516, 16
363983807.985531, 8
363984236.989262, 221
363985128.845517, 8
363985354.45133, 219
363986851.230879, 173
363987432.388832, 8
363987644.928909, 61
363988616.251537, 8
363988962.787467, 61
363989527.669914, 8
363989858.629719, 48
363990711.621672, 39
363991090.953579, 32
363991858.641925, 61
363992106.623473, 61
363992539.123274, 32
363993178.560341, 78
363994072.15714, 8
363994179.14903, 86
363994631.744159, 8
363994859.577669, 66
new stimulus
