93.3  6.7 90.0  6.7 83.3 16.7 80.0 26.7 63.3 50.0 50.0 60.0 40.0 66.7 33.3 66.7
100.0   9.1  96.3   9.1  96.3  15.2  96.3  24.2  88.9  42.4  74.1  66.7  55.6  78.8  33.3  87.9
100.0   0.0 100.0   0.0 100.0   0.0 100.0   0.0 100.0  10.7 100.0  14.3 100.0  25.0 100.0  32.1
100.0  13.0 100.0  13.0 100.0  17.4  97.3  17.4  89.2  30.4  86.5  34.8  81.1  56.5  75.7  69.6
100.0   6.5 100.0   9.7 100.0  16.1 100.0  22.6 100.0  58.1  96.6  61.3  93.1  77.4  89.7  83.9
100.0  22.7 100.0  22.7 100.0  40.9 100.0  40.9  86.8  59.1  78.9  81.8  71.1  86.4  65.8  95.5
100.0   5.0 100.0   5.0 100.0   5.0 100.0   5.0  97.5  25.0  97.5  30.0  92.5  55.0  87.5  55.0
100.0   0.0 100.0   0.0 100.0  11.5 100.0  19.2  97.1  42.3  97.1  50.0  97.1  57.7  88.2  73.1



set of thresholds is: 1   2   5  10  20  30  40  50
[TPR,TNR,(3*TPR+TNR)/4] pairs of results (averaged over datasets, one pair per threshold):

mean
99.2 98.3 97.5 96.7 90.4 85.1 78.8 71.7
7.9  8.3 15.3 19.5 39.8 49.9 62.9 70.5
76.3 75.8 76.9 77.4 77.7 76.3 74.8 71.4

median
100.0 100.0 100.0 100.0  93.1  91.5  86.8  81.6
6.6  7.9 15.6 20.9 42.4 55.0 62.2 71.3
76.4 75.6 77.1 77.8 78.5 79.1 78.1 76.8
