new stimulus
1111432302.108277, 68
1111432459.094202, 79
1111432738.604989, 78
1111433139.266857, 65
1111433319.61068, 84
1111433442.702588, 69
1111433670.277652, 68
new stimulus
1111470635.048415, 67
1111470761.262126, 76
1111471015.047516, 79
1111471224.268222, 84
1111471405.826033, 72
1111471534.679114, 69
1111471621.680119, 83
new stimulus
1111511796.407582, 67
1111511934.918471, 79
1111512058.262276, 77
1111512246.123061, 80
1111512462.321424, 65
1111512606.456164, 78
1111512829.690721, 73
1111512972.013355, 79
1111513127.33504, 78
1111513350.298004, 83
1111513497.24661, 72
1111513764.428593, 73
1111514285.126314, 80
new stimulus
1111548297.712841, 83
1111548718.796675, 84
1111550341.823945, 65
1111550549.350172, 82
1111550763.840463, 84
new stimulus
1111577149.641518, 84
1111577243.620458, 65
1111577506.067443, 75
1111577621.578584, 69
new stimulus
1111621628.313222, 83
1111622209.692596, 8
1111624099.578932, 84
1111624338.034393, 82
1111624394.690688, 69
1111624555.954978, 65
1111624664.807492, 83
1111624954.849128, 85
1111625098.402118, 82
1111625186.439563, 69
1111627319.254196, 8
1111627502.740073, 8
1111627662.86611, 8
1111627766.595795, 8
1111627911.173296, 8
1111628071.418069, 8
1111628222.425324, 8
1111628365.952514, 8
1111628635.590215, 68
1111628786.10838, 73
1111628930.089429, 83
1111629051.691593, 67
1111629155.647097, 79
1111629313.923856, 86
1111629562.5731, 69
1111629642.330402, 82
1111629804.835035, 89
new stimulus
1111647092.572145, 70
1111647249.586922, 79
1111647763.126108, 82
1111648158.136383, 67
1111648306.2041, 69
1111648751.204001, 8
1111648913.477543, 8
1111649061.895086, 8
1111649221.587516, 8
1111649397.604981, 8
1111649794.936426, 80
1111650409.730991, 85
1111650690.593922, 76
1111650857.371371, 76
1111652190.758154, 8
1111652358.05743, 8
1111652541.735004, 8
1111652693.754286, 8
1111653067.128884, 70
1111653210.694636, 79
1111653353.782949, 82
1111653634.240014, 67
1111653714.09802, 69
new stimulus
1111677698.857974, 79
1111677873.163204, 82
1111678073.37138, 68
1111678313.39121, 69
1111678417.55034, 82
new stimulus
1111715275.403312, 71
1111715490.077533, 82
1111715643.767713, 79
1111715781.445234, 87
1111716008.729007, 83
new stimulus
1111749818.776757, 77
1111750342.623468, 79
1111750907.542706, 85
1111751128.219177, 78
1111751504.181545, 84
1111752008.554233, 65
1111752128.577048, 73
1111752312.155306, 78
new stimulus
1111792803.404104, 71
1111793073.953129, 82
1111793210.578952, 65
1111793289.799447, 77
1111793471.857723, 77
1111793657.456705, 65
1111793776.396197, 82
new stimulus
1111827651.035274, 66
1111828636.905739, 8
1111829263.814108, 76
1111829367.061083, 65
1111829927.621781, 89
1111830166.926978, 69
1111830271.879806, 82
new stimulus
1111865311.988576, 76
1111865558.452309, 85
1111865786.954232, 78
1111865991.083179, 67
1111866104.033459, 72
1111873603.762419, 8
1111873809.089542, 8
1111873983.15203, 8
1111874162.422239, 8
1111874346.872981, 8
1111875039.069279, 80
1111875184.313974, 65
1111875321.984559, 80
1111875417.283462, 69
1111875471.0238, 82
1111878031.246324, 83
new stimulus
1111892095.233709, 71
1111892239.529906, 65
1111892519.468475, 84
1111892679.270208, 72
1111892790.623384, 69
1111892863.500402, 82
1111893007.74389, 69
1111893231.111886, 68
new stimulus
1111925414.925951, 67
1111925591.531544, 72
1111925733.344836, 65
1111925933.328302, 78
1111926061.420698, 71
1111926157.647847, 69
new stimulus
1111962742.68278, 80
1111962909.336223, 82
1111962973.329434, 69
1111963100.739656, 83
1111963277.017339, 69
1111963461.285817, 78
1111963581.174361, 84
1111963684.661581, 69
1111963916.827107, 68
1111965573.839387, 109
1111966087.214895, 109
1111966118.306419, 109
1111966147.471819, 109
1111966178.942576, 109
1111966209.312809, 109
1111966240.539436, 109
1111966271.76218, 109
1111966302.725813, 109
1111966335.079042, 109
1111966383.768678, 109
1111966412.987343, 109
1111966444.320499, 109
1111966529.976852, 8
1111966689.010965, 8
1111966856.818196, 8
1111967024.619047, 8
1111967192.860162, 8
1111967344.694683, 8
1111967512.681127, 8
1111967672.629338, 8
1111967816.734671, 8
1111967976.922295, 8
1111968137.826772, 8
1111968308.182657, 8
1111968519.945359, 8
new stimulus
1111994687.736777, 82
1111994773.359007, 69
1111994932.400611, 80
1111995236.582878, 76
1111995382.086961, 65
1111995502.090634, 67
1111995556.682094, 69
