new stimulus
12409438.383655, 73
12409565.00754, 32
12409676.631264, 16
12410194.405636, 188
12410370.229882, 32
12413647.110048, 8
12413808.22598, 8
12418079.161566, 61
12418155.48456, 32
12418318.779912, 48
12419819.608015, 222
12420120.626594, 8
12420563.735841, 59
12420586.903281, 32
12421033.30302, 73
12421167.991537, 32
12421303.598318, 16
12421432.400514, 188
12421519.380918, 32
12422880.076945, 52
12424072.216605, 173
12424814.872991, 8
12425616.18203, 48
12426263.48877, 59
12426375.524742, 32
12427312.883881, 16
new stimulus
new stimulus
12473590.974436, 67
12473667.339597, 65
12473772.530757, 83
12473958.606269, 69
12474176.304461, 32
12474216.213989, 16
12474511.561248, 222
12474792.578318, 67
12474858.729666, 79
12475050.206012, 87
12475330.206334, 16
12475791.740784, 222
12476096.319786, 59
12476487.838967, 8
12476618.122313, 16
12476751.447028, 59
12477857.470174, 13
12478256.716088, 67
12478336.576478, 79
12478471.804857, 85
12478592.850635, 84
12478719.400171, 32
12478895.09819, 16
12478966.844845, 188
12479112.226559, 188
12479184.366042, 32
12479304.78679, 16
12479391.613503, 222
12479977.865954, 77
12480431.247551, 79
12480623.737317, 79
12480887.434986, 16
12481007.801637, 49
12481551.25189, 16
12481687.065627, 222
12481959.600546, 32
12482056.530382, 16
12482175.078537, 188
12482310.842061, 188
12482390.707168, 32
12482462.564236, 69
12482568.635653, 78
12482687.45374, 76
12482703.386313, 68
12483183.637812, 59
12483590.884829, 8
12483773.140806, 8
12484164.193642, 8
12484375.766653, 68
12484504.209588, 76
12484630.678671, 59
12484910.362178, 13
12485119.325766, 66
12485381.464883, 82
12485454.755941, 69
12485520.239536, 65
12485577.712596, 75
12485656.140661, 59
new stimulus
12513267.634829, 75
12514271.90545, 61
12515328.160076, 48
12515618.242992, 59
12515767.474757, 32
12515960.33599, 75
12516095.549943, 32
12516253.306582, 16
12516335.313657, 188
12516472.157459, 32
12516887.778156, 48
12517470.954006, 8
12517578.147869, 57
12518097.339309, 53
12518436.80929, 8
12518736.955658, 56
12519141.639581, 8
12519240.772418, 55
12520087.446471, 59
12520248.074419, 32
12520478.754534, 16
12520542.322536, 61
12520710.984323, 61
12521223.001097, 75
new stimulus
12543337.004262, 73
12543406.714645, 70
12543513.077632, 32
12543639.929279, 16
12543734.787611, 57
12545904.366553, 65
12545996.772759, 71
12546095.166269, 69
12546256.577377, 32
12546438.225248, 16
12546558.181315, 190
12548470.332028, 53
12548756.485273, 8
12548967.007136, 54
12549630.32496, 52
12551107.803912, 39
12551766.466609, 13
12552191.259958, 82
12552270.77912, 69
12552407.655935, 84
12552486.224653, 85
12552622.583245, 82
12552743.55079, 78
12552847.615898, 32
12553534.226555, 84
12553717.722328, 82
12553838.348922, 85
12554367.364676, 69
12554493.857341, 59
12555621.393941, 13
12556422.935737, 82
12556554.427807, 69
12557030.036109, 84
12557230.669017, 85
12557455.375977, 82
12557622.344108, 78
12557766.582571, 32
12557934.070311, 70
12558072.78837, 65
12558382.192004, 76
12558487.664746, 83
12558550.110857, 69
12558679.185757, 59
new stimulus
12582532.340369, 8
12582772.885024, 8
12582931.278345, 8
12583081.428097, 8
12583227.581875, 8
12583410.80411, 8
12583561.250425, 8
12584063.408762, 8
12584094.545955, 8
12584125.587994, 8
12584156.301565, 8
12584617.966125, 8
12585393.883085, 8
12586633.810479, 8
12586969.646798, 8
12587273.150516, 8
12587538.371504, 8
12588020.212626, 8
12588518.743126, 88
12588546.894714, 32
12589053.724267, 16
12589237.62563, 54
12589794.135206, 8
12590085.474839, 16
12590134.076803, 53
12591143.548515, 32
12591589.849216, 50
12591590.872622, 51
12592084.019765, 8
12592241.308118, 8
12592406.276597, 51
new stimulus
12623183.404501, 77
12623365.409689, 65
12624277.417531, 88
12624365.502626, 32
12624629.165339, 16
12624756.975477, 188
12625325.454942, 32
12625565.239464, 88
12625949.571772, 61
12625966.790193, 219
12626724.949148, 8
12626909.748523, 8
12627215.932684, 219
12627870.751711, 73
12628773.171877, 39
12629318.74357, 221
12629995.073, 8
12630214.856845, 80
12630827.469575, 8
12631341.887706, 59
12631890.908576, 8
12632309.89023, 79
12632319.146108, 76
12632884.941247, 8
12633170.842594, 8
12633357.767292, 80
12633853.573517, 8
12634006.837598, 219
12634982.919735, 74
new stimulus
12641802.629841, 8
12642314.772842, 8
12642345.756899, 8
12642375.442348, 8
12642407.392385, 8
12642437.806342, 8
12642469.383525, 8
12642501.397925, 8
12642532.054347, 8
12642564.957327, 8
12642611.763266, 8
12642834.351838, 8
12642977.174343, 8
12643483.288705, 8
12643514.638403, 8
12643762.334698, 8
12644042.188819, 8
12644297.493666, 8
12644657.855956, 8
12645146.225907, 8
12661304.401175, 75
12661495.116833, 32
12661525.535783, 16
12661684.731961, 61
12661966.84429, 32
12662261.821192, 49
new stimulus
12682446.143402, 73
12682581.330167, 70
12682673.883962, 32
12682816.155231, 16
12682877.527722, 57
12683157.456747, 83
12683697.940813, 8
12683789.604364, 65
12684413.080351, 219
12685694.10075, 48
12686543.273536, 40
12687315.071069, 38
12687601.05481, 39
12687899.234539, 39
12688491.479564, 37
12689124.883066, 219
12689833.23605, 8
12690205.317164, 173
12690460.754896, 173
12690867.32556, 8
12691074.066727, 8
12691269.12569, 61
12691428.472508, 61
12692253.73492, 66
12692556.59197, 219
12693753.712727, 8
12694197.240325, 190
12694580.719841, 76
12694852.75984, 65
12694956.70427, 83
12695116.497735, 84
12695452.518262, 16
12695517.00758, 57
12695621.020809, 48
12696433.019163, 39
12697110.110668, 39
12698293.672467, 13
12699569.583601, 8
12699881.0887, 8
12700410.295597, 8
12700771.558951, 9
12702173.557992, 82
12702276.555306, 69
12702472.500907, 84
12702574.914526, 85
12702676.758322, 82
12702796.720216, 78
12702900.813343, 32
12703500.591461, 84
12703661.31512, 82
12703773.290059, 69
12703852.452735, 85
new stimulus
12718199.283809, 73
12718276.855198, 70
12718412.696955, 32
12719436.721348, 16
12719950.765238, 16
12719980.77527, 16
12720011.808985, 16
12720048.654396, 16
12720074.094192, 16
12720107.054597, 16
12720137.273804, 16
12720167.316017, 16
12720209.363906, 16
12720245.120994, 16
12720276.33642, 16
12720307.696106, 16
12720338.944545, 16
12720369.790724, 16
12720401.099919, 16
12720432.907917, 16
12720463.692231, 16
12720510.260143, 16
12720541.876998, 16
12720573.442252, 16
12720604.06372, 16
12720635.084674, 16
12720666.721226, 16
12720697.579888, 16
12720728.797257, 16
12720761.10711, 16
12720806.919327, 16
12720837.90921, 16
12720869.810421, 16
12720900.521218, 16
12720932.269848, 16
12720963.096885, 16
12720994.119226, 16
12721025.297478, 16
12721056.424962, 16
12721104.460987, 16
12721135.712755, 16
12721166.211048, 16
12721197.989639, 16
12721228.788102, 16
12721259.416228, 16
12722365.55811, 16
12722729.412299, 57
12723159.442805, 84
12723271.257949, 69
12723414.808407, 77
12723527.144826, 80
12723692.571605, 69
12723788.817042, 65
12724202.086872, 8
12724337.012307, 8
12724494.814166, 8
12724648.586761, 8
12724800.809126, 8
12724976.865573, 8
12725144.533083, 8
12725320.601182, 8
12725488.057852, 8
12725671.870439, 8
12725837.619027, 70
12725908.965363, 69
12726120.121965, 86
12726348.158533, 69
12726420.319933, 82
12726508.072955, 32
12726692.355216, 61
12726910.14468, 32
12726972.510339, 84
12727183.544876, 82
12727325.360342, 85
12727724.244221, 69
12727916.286784, 59
new stimulus
12766150.275423, 88
12767284.514518, 49
12767628.134165, 221
12768418.242048, 8
12768869.592923, 221
12768876.462702, 61
12769554.207258, 8
12769809.300987, 8
12770091.896861, 219
12770996.863476, 73
12771665.908104, 39
12772732.03171, 219
12773492.575378, 74
12775593.512007, 39
new stimulus
12790789.225684, 88
12790941.091008, 32
12791255.213575, 16
12791489.964012, 8
12791666.49374, 16
12791772.334343, 173
12791918.764155, 173
12792294.846513, 16
12792361.744679, 8
12792828.352884, 8
12792828.733228, 61
12792831.122101, 61
12793403.77093, 59
new stimulus
12823276.754217, 82
12823371.595903, 69
12823595.113836, 84
12823803.350581, 85
12823948.818851, 82
12824315.322135, 78
12824435.552295, 32
12826403.324559, 16
12828147.636039, 16
12829315.670854, 78
12829923.815162, 85
12830512.435957, 8
12830658.12117, 8
12832051.542905, 16
12832179.075344, 57
12832716.041988, 78
12832947.219241, 85
12833195.631837, 77
12833603.611801, 49
12833947.052511, 32
12834107.11341, 16
12834267.473647, 188
12834619.270282, 32
12834899.019538, 78
12835115.077894, 85
12835339.243328, 77
12835595.313302, 50
12837120.294521, 39
12837811.457104, 16
12837924.78669, 191
12838339.186179, 32
12838499.097549, 16
12841100.086888, 78
12841315.782654, 85
12841627.203694, 77
12841843.061752, 49
12842395.682716, 32
12842451.426887, 16
12842554.650022, 59
12842740.539939, 32
12843043.066302, 78
12843267.493344, 85
12843506.92776, 77
12843706.897077, 50
12845374.347089, 13
new stimulus
12866458.676179, 8
12866971.856457, 8
12867001.334395, 8
12867032.206097, 8
12867062.31711, 8
12867094.020242, 8
12867123.567258, 8
12867154.765484, 8
12867181.12826, 8
12867212.414984, 8
12867269.61728, 8
12867295.164716, 8
12867326.377923, 8
12867439.323003, 8
12867615.142256, 8
12867767.057516, 8
12867952.149569, 8
12868128.838537, 8
12868519.345408, 8
12868846.954526, 8
12869772.541854, 69
12870002.935947, 88
12870162.717761, 65
12870283.325768, 77
12870923.130486, 16
12871066.38882, 16
12871170.497482, 83
12871403.401959, 67
12871483.612178, 79
12871699.416694, 82
12871779.092877, 69
12871922.85251, 32
12872044.220929, 16
12872146.610135, 188
12872282.730423, 32
12872899.282533, 53
12873028.472286, 48
12873478.582255, 16
12873578.882481, 191
12873786.822662, 32
12874755.120639, 16
12874875.079758, 59
12875848.542484, 8
12876023.958921, 8
12876199.513791, 8
12876331.319903, 32
12876460.417829, 16
12876962.641359, 16
12876998.074142, 16
12877024.771765, 16
12877054.794003, 16
12877086.61393, 16
12877118.853318, 16
12877148.933815, 16
12877179.143867, 16
12877211.21375, 16
12877250.282414, 191
12877370.975867, 32
12879819.874616, 84
12880915.652322, 82
12881035.729345, 85
12881156.060764, 69
12881587.426219, 32
12881683.01833, 16
12881746.329718, 59
12881877.952454, 32
12882042.857959, 70
12882131.015461, 65
12882242.693836, 76
12882338.705131, 83
12882434.867065, 69
new stimulus
12902700.481991, 65
12902754.763875, 32
12903178.691393, 61
12903290.750668, 32
12903386.376069, 66
12903739.317899, 59
12904073.772661, 13
12904787.589731, 66
12905403.140906, 32
12905690.428804, 61
12905852.163662, 32
12906027.81674, 84
12906354.551426, 69
12906500.309879, 77
12906570.662492, 80
12906905.654619, 59
new stimulus
12933312.709938, 8
12933813.758035, 8
12933844.675789, 8
12933871.107365, 8
12933909.719948, 8
12933935.989511, 8
12933967.725379, 8
12934004.093903, 8
12934029.606938, 8
12934058.716183, 8
12934109.19823, 8
12934138.885621, 8
12934170.336578, 8
12934510.950367, 8
12934694.356255, 8
12934863.022203, 8
12935047.947527, 8
12935239.479913, 8
12935414.451921, 8
12935686.533811, 8
12935874.148455, 16
12936035.162019, 221
12936202.728825, 221
12936671.805523, 8
12936838.688763, 8
12937538.861985, 73
12937650.49847, 32
12937874.190346, 16
12937970.10593, 173
12938485.895354, 8
12938618.07099, 16
12938682.674883, 61
12938970.100382, 173
12939720.261563, 8
12939970.543978, 61
12940186.024743, 32
12940530.438924, 50
new stimulus
12965351.460955, 8
12965550.297007, 8
12966057.911662, 8
12966090.911461, 8
12966121.902176, 8
12966151.115732, 8
12966182.646586, 8
12966213.65034, 8
12966242.34706, 8
12966276.39995, 8
12966306.453536, 8
12966353.971061, 8
12966582.43791, 8
12967142.361985, 8
12967374.217256, 8
12967582.415161, 8
12967822.141147, 8
12968246.313627, 8
12972612.149991, 89
12972746.432086, 32
12972793.812287, 16
12973049.578208, 190
12973179.350546, 32
12973466.246447, 90
12973842.122959, 32
12974066.637389, 16
12974571.159631, 16
12974601.093649, 16
12974617.262308, 54
12974777.889146, 54
12975167.748794, 8
12975342.768241, 8
12975442.696444, 55
12975628.113358, 55
12975794.777436, 32
12976530.011973, 89
12976650.088441, 32
12976779.157516, 16
12976953.802999, 190
12977057.823442, 32
12977393.74382, 90
12977696.395578, 8
12977780.033057, 88
12987459.136421, 8
12988622.903112, 8
12988903.175584, 8
12989849.877712, 16
12989881.704852, 32
