new stimulus
13071631.755343, 77
13072087.750802, 69
13072349.693227, 69
13072524.350362, 84
13073116.602046, 73
13073228.146704, 78
13073291.844817, 71
13076636.027906, 8
13077125.154939, 8
13077150.097596, 8
13077183.234996, 8
13077294.151851, 8
13077470.856909, 8
13077662.2983, 8
13078003.010296, 71
13078162.489721, 79
13078329.57853, 79
13078484.182001, 68
13078722.13804, 66
13078865.979513, 89
13078979.326854, 69
new stimulus
13107560.500833, 70
13107615.397483, 79
13107759.345485, 82
13108071.331355, 67
13108156.930479, 69
13114614.966648, 8
13114984.162304, 8
13115159.002815, 8
13115321.960823, 8
13115514.65921, 8
13116206.569998, 80
13116309.416949, 85
13116516.768998, 76
13116665.354927, 76
new stimulus
13140899.773291, 68
13140977.822399, 79
13141104.955351, 78
13141235.451203, 65
13141395.975396, 84
13141594.977068, 69
13141833.080972, 68
new stimulus
13180023.661248, 77
13180369.81375, 85
13180545.989489, 76
13180729.351544, 84
13180803.848829, 73
13181281.022618, 84
13181385.857569, 73
13181607.144204, 85
13182120.156643, 8
13182301.915481, 8
13182402.749742, 85
13182449.008607, 68
13182641.232604, 69
13182746.596874, 83
13189310.606808, 8
13189811.729532, 8
13189841.888816, 8
13189875.880118, 8
13189905.137506, 8
13189935.819174, 8
13189967.370558, 8
13189998.743282, 8
13190035.478557, 8
13190229.160124, 8
13191017.741914, 76
13191280.207832, 79
13191744.582242, 83
13191833.142005, 84
13192301.28629, 8
13192436.045272, 8
13192489.404731, 84
13192592.462245, 83
new stimulus
13218369.571561, 83
13218672.114293, 80
13218760.373331, 69
13219000.165343, 67
13219056.663267, 73
13219243.510287, 65
13219313.766635, 76
13219441.227499, 32
13219617.736421, 67
13219690.380533, 79
13219888.208713, 76
13220016.25133, 76
13220088.482639, 69
13220320.141773, 67
13220607.982571, 84
13220712.682695, 73
13220752.308421, 79
13220867.662349, 78
13220943.712915, 83
new stimulus
13253433.615341, 71
13253695.76278, 73
13254055.745835, 65
13254153.39225, 86
13254742.366479, 8
13254900.39083, 8
13255369.911957, 65
13255700.376571, 8
13255963.853135, 8
13256009.847063, 65
13256097.880557, 86
13256376.899086, 69
13256529.482099, 32
13257077.74228, 8
13267622.10081, 8
13267995.622017, 8
13268139.040422, 8
13268337.84568, 8
13268440.97144, 84
13268560.866474, 65
13268664.066028, 85
13268767.688094, 71
13268911.804491, 72
13269001.540796, 84
new stimulus
13280080.981726, 79
13280263.840817, 70
13280455.733851, 70
13280711.41821, 69
13280791.583763, 82
new stimulus
13316393.098816, 83
13316480.711463, 78
13316615.444367, 69
13316687.192409, 65
13316810.143238, 75
13316903.551212, 83
13318205.372093, 8
13318386.574425, 8
13318563.780229, 8
13319045.382769, 8
13319420.954672, 8
13319995.429486, 8
13321536.862888, 69
13321672.484095, 78
13321863.135391, 67
13322548.426911, 8
13322734.432512, 8
13322938.952646, 8
13323218.5041, 8
13323687.803845, 65
13323832.932274, 70
13323977.819902, 70
13324113.662769, 69
13324358.97019, 67
13324606.950287, 84
13324757.154413, 83
new stimulus
13346049.470292, 82
13346119.73413, 69
13346383.616561, 80
13346496.891218, 76
13346568.646195, 65
13346702.929678, 67
13346784.081464, 69
new stimulus
13392008.956818, 77
13392089.818699, 65
13392223.659972, 68
13392424.898491, 69
13399988.393254, 8
13400091.628872, 8
13400290.853591, 8
13400522.44337, 8
13400719.129408, 67
13400823.058301, 79
13401052.631783, 76
13401166.542289, 76
13401199.931033, 69
13401454.427752, 67
13401758.241072, 84
13401878.677078, 69
13402078.292961, 68
new stimulus
13418784.628261, 79
13418974.629836, 80
13419184.103324, 69
13419302.392923, 78
13428499.218782, 8
13428689.912246, 8
13428873.899331, 8
13429065.620363, 8
13429174.88573, 67
13429270.472015, 65
13429310.248103, 72
13429558.053147, 78
13429646.87535, 71
13429737.499958, 69
13430061.95452, 8
13430233.885438, 8
13430386.527541, 8
13430562.46664, 8
13430735.869831, 72
13430846.232121, 65
13430958.425945, 78
13431095.375445, 71
13431150.56949, 69
13432204.721263, 8
13432716.009252, 8
13432747.028264, 8
13432778.310272, 8
13432809.831416, 8
13432849.231598, 8
13433286.716687, 72
13433518.2016, 65
13433614.567439, 78
13433712.770638, 71
13433774.471318, 69
new stimulus
13457879.256888, 83
13458053.918462, 79
13459454.076537, 76
13459717.821367, 68
13459799.274432, 73
13459965.745147, 69
13460119.041687, 82
13460694.186196, 83
13462786.864275, 8
13462993.512229, 8
13463170.471127, 8
13463362.782789, 8
13463578.419187, 8
13463938.01524, 8
13464137.450799, 8
13464281.406846, 8
13464606.668982, 79
13464710.060511, 82
13464869.826789, 68
13465061.853261, 69
13465149.92615, 82
new stimulus
13492222.790534, 84
13492413.284533, 65
13492541.84232, 83
13492701.520933, 84
13493154.180958, 8
13493246.171588, 75
13493350.212837, 83
new stimulus
13531686.570431, 67
13531805.53555, 76
13532013.320375, 79
13532173.016744, 84
13532310.922514, 72
13532365.474329, 73
13532493.281414, 78
13532565.153463, 71
new stimulus
13567151.945776, 16
13568161.358952, 77
13568310.093579, 79
13568540.809759, 85
13568820.71326, 84
13571001.604881, 8
13571485.430951, 78
13571708.598501, 84
13571916.761729, 73
13572092.469181, 65
13572237.073007, 78
13573666.54756, 8
13573848.470077, 8
13574121.007216, 8
13574205.351564, 65
13574341.049617, 73
13574437.293113, 78
13574606.16574, 79
13574740.92167, 85
13575829.065301, 83
new stimulus
13602014.103813, 83
13602196.416939, 72
13602406.423908, 69
13602604.307296, 69
13602956.524501, 84
new stimulus
13634781.58717, 84
13634900.641897, 79
13635051.988166, 79
13635124.345147, 75
13641929.744206, 8
13642135.683904, 8
13642313.340239, 8
13642457.140376, 8
13642740.559081, 84
13642877.996286, 65
13642996.885115, 75
13643133.424863, 69
