new stimulus
384043707.294581, 16
384044198.465703, 16
384044229.923143, 16
384044259.508279, 16
384044289.193286, 16
384044322.087482, 73
384044576.603596, 84
384044903.488773, 222
384045105.285176, 83
384045246.725616, 32
384045656.660789, 72
384045744.147278, 65
384045904.524103, 82
384046151.323236, 68
384046256.696354, 32
384046438.638391, 84
384046528.289586, 79
384046672.792183, 32
384046902.490617, 68
384046983.002501, 69
384047126.343265, 73
384047151.342655, 70
384047326.876022, 78
384047415.852255, 73
384047814.609637, 8
384047994.171691, 8
384048170.347284, 8
384048362.346337, 8
384049063.629513, 70
384049430.133816, 73
384049630.383882, 78
384049774.833215, 73
384050166.240087, 84
384050534.21721, 73
384050768.700855, 86
384050806.496223, 69
384051326.677112, 76
384051574.196981, 89
384051782.029757, 32
384052126.19013, 65
384052587.804412, 8
384052696.752359, 83
384052753.297409, 65
384053029.893348, 89
384053182.648624, 32
384053407.833441, 87
384053599.481558, 72
384053758.909052, 73
384053873.012565, 67
384053998.13574, 72
384054111.829504, 32
384054478.817903, 65
384054646.407915, 80
384054830.62618, 80
384054952.003635, 82
384055118.922846, 79
384055262.472507, 65
384055429.860557, 67
384055597.955195, 72
384055806.031823, 32
384056055.566868, 73
384056416.936133, 83
384056582.882711, 32
384057303.750601, 66
384057411.105051, 69
384057575.452304, 84
384057782.127963, 69
384057846.513168, 82
384058471.171387, 61
384058963.740426, 8
384059186.583266, 8
384059386.535661, 8
384059686.229556, 84
384059741.954276, 69
384060229.789982, 82
384060755.053475, 190
384061206.27978, 32
384061710.232178, 16
384061934.218819, 73
384062646.407915, 84
384062926.172541, 32
384064395.325979, 8
384064569.670048, 8
384065825.248124, 32
384065826.684602, 66
384065827.834229, 69
384065828.069203, 76
384065828.337191, 73
384065828.594359, 69
384065829.15114, 86
384066909.861933, 69
384066910.325779, 32
384066911.367767, 73
384066911.586928, 84
384066911.840767, 32
384067199.17229, 82
384067287.29851, 69
384067484.747747, 76
384067702.039145, 73
384067749.923987, 69
384067885.865138, 83
384067973.85348, 32
384068589.936382, 69
384068972.353195, 8
384069126.674504, 69
384069429.908551, 72
384069770.549024, 8
384069937.423293, 8
384070150.305106, 72
384070197.959967, 69
384070318.017182, 65
384070598.080866, 86
384070759.380111, 73
384071022.95342, 76
384071342.353816, 89
384071517.761789, 32
384071837.645728, 79
384072094.173134, 78
384072182.463863, 32
384072311.093621, 84
384072437.456861, 72
384072542.936508, 69
384072673.671326, 32
384072973.54388, 84
384073342.237577, 89
384073509.783479, 80
384073655.634336, 69
384073789.160273, 32
384074245.908893, 79
384074517.88968, 70
384074717.686997, 32
384075131.44945, 83
384075235.824413, 84
384075387.274707, 85
384075520.091004, 68
384075623.047243, 69
384075744.099007, 78
384075861.993182, 84
384076338.526258, 191
384076497.276016, 32
384076720.535541, 16
384077024.913112, 8
384077185.939098, 8
384077391.210181, 190
384077509.913589, 32
384077791.781888, 16
384077913.705027, 73
384078074.663046, 32
384078416.016487, 80
384078562.089557, 69
384078714.08082, 82
384078894.137236, 83
384078992.68389, 79
384079175.910657, 78
384079265.399007, 65
384079443.173924, 76
384079608.647224, 76
384079714.112723, 89
384079950.215666, 32
384080302.587936, 87
384081030.695646, 79
384081261.821681, 85
384081517.999815, 76
384081614.25748, 68
384081742.891677, 32
384082103.419529, 77
384082326.279292, 85
384082463.751523, 67
384082757.48478, 72
384082985.117548, 32
384083415.97321, 80
384083553.217956, 82
384083696.647217, 69
384084038.286123, 70
384084134.694427, 69
384084262.402875, 82
384084422.317241, 32
384085286.490386, 84
384085486.461646, 72
384085541.645397, 65
384085662.136219, 84
384085778.023818, 32
384086005.704024, 85
384086221.605549, 78
384086623.363779, 73
384086792.221875, 86
384086877.933989, 69
384086973.605467, 82
384087301.53818, 83
384087412.032187, 73
384087575.177382, 84
384087888.310592, 89
384088526.827307, 8
384088697.131592, 73
384088758.722904, 69
384088854.192143, 83
384089023.442788, 32
384090390.213413, 69
384090609.356031, 78
384090909.260488, 8
384091111.625046, 77
384091277.460101, 80
384091485.97089, 72
384091613.951487, 65
384091781.511537, 83
384091949.634749, 73
384092094.375927, 90
384092213.836968, 69
384092582.082355, 32
384095181.966172, 83
384095389.131476, 80
384095569.019776, 69
384096095.383793, 67
384096279.876703, 73
384096502.156937, 65
384096752.563634, 76
384096989.814539, 73
384097142.060195, 90
384097287.379794, 65
new stimulus
384107828.498372, 16
384108081.554426, 79
384108327.452777, 78
384108623.345192, 32
384109320.349171, 79
384109655.746136, 78
384109925.730612, 69
384110365.675372, 32
384110790.410048, 72
384110879.919481, 65
384111033.602448, 78
384111096.532033, 68
384111525.39499, 8
384112126.296659, 68
384112311.283376, 188
384112453.768856, 32
384112693.476866, 89
384112861.284652, 79
384113077.485513, 85
384113189.016791, 32
384113477.821412, 72
384113559.08649, 65
384113717.132158, 86
384113871.042054, 69
384114029.185374, 32
384114517.29406, 67
384114861.513246, 79
384115029.590961, 78
384115204.902115, 83
384115357.043184, 73
384115493.176032, 83
384115764.99869, 84
384115925.175218, 69
384116077.11377, 78
384116168.874741, 84
384116373.312179, 32
384116797.033996, 82
384116861.398394, 69
384117021.423728, 76
384117213.095148, 73
384117564.933663, 65
384117788.939447, 66
384118021.032844, 73
384118261.034919, 76
384118436.939196, 73
384118501.428988, 84
384118677.215639, 89
384118861.764033, 59
384119251.934169, 8
384119573.557251, 222
384119957.089846, 32
384120356.531622, 8
384120529.621477, 8
384120685.831182, 59
384121602.813367, 8
384122038.015917, 59
384122260.996912, 32
384122525.179157, 80
384123043.327947, 8
384123302.360452, 79
384123500.927413, 78
384123598.716712, 32
384123686.226227, 84
384123789.517312, 72
384123861.361497, 69
384123974.524835, 32
384124132.95029, 79
384124241.007721, 84
384124340.665718, 72
384124413.17682, 69
384124484.68727, 82
384124805.784642, 188
384125413.463117, 32
384126197.333831, 89
384126452.608964, 79
384126669.924497, 85
384126823.802213, 32
384127052.800994, 72
384127174.565727, 65
384127340.906795, 86
384127653.15254, 69
384128645.06243, 32
384129117.675012, 65
384129437.39888, 32
384130701.341157, 70
384130796.982118, 82
384131044.983587, 69
384131220.663154, 65
384131697.81127, 8
384131789.401905, 83
384132084.665687, 72
384132252.752002, 32
384137237.512789, 69
384137493.551936, 88
384137614.574848, 80
384137748.596534, 69
384137853.124909, 82
384138020.758753, 73
384138150.494306, 69
384138316.55851, 78
384138495.776009, 67
384138614.8359, 69
384138879.678958, 32
384139285.053075, 69
384139484.565205, 86
384139612.555234, 69
384139677.013677, 82
384139804.537641, 89
384140060.654188, 68
384140166.269771, 65
384140332.62582, 89
384140716.662209, 191
384140868.484523, 32
384141447.675889, 8
384141633.075129, 8
384141773.24693, 190
384141964.412613, 32
384142156.715995, 84
384142714.998524, 8
384142748.696405, 16
384142828.809636, 84
384143004.832371, 72
384143062.893797, 69
384143232.871559, 32
384143384.349595, 84
384143488.904603, 87
384143623.840108, 79
384143741.134224, 32
384144101.170211, 67
384144238.649654, 79
384144428.770021, 85
384144677.038368, 76
384144748.921392, 68
384144878.633919, 32
384145373.334927, 78
384145548.874397, 79
384145660.986315, 84
384145773.918562, 32
384146044.530839, 66
384146158.4507, 69
384146300.552231, 32
384146844.824515, 77
384146991.049334, 79
384147037.605613, 82
384147102.255476, 69
384147196.36314, 32
384147663.615975, 68
384147763.927018, 73
384147888.084772, 70
384148055.75579, 70
384148190.035199, 69
384148321.283243, 82
384148423.771752, 69
384148917.466837, 66
384149069.33326, 84
384150445.926204, 8
384150649.33164, 8
384150896.319418, 78
384151062.794758, 84
384151525.183041, 191
384152062.08706, 8
384152186.821292, 190
384152296.669466, 32
384152934.706245, 16
384153441.049167, 16
384153473.922835, 16
384154073.180238, 16
384154564.046475, 16
384154594.414766, 16
384154626.911975, 16
384154660.088585, 16
384154689.028443, 16
384154721.120342, 16
384154749.951174, 16
384154782.284705, 16
384154812.5817, 16
384154859.630676, 16
384154891.842143, 16
384154921.471389, 16
384154952.436964, 16
384154984.53247, 16
384155015.473632, 16
384155046.252227, 16
384155078.073642, 16
384155124.096999, 16
384155155.074503, 16
384155186.259518, 16
384155217.579081, 16
384155248.74856, 16
384155281.031601, 16
384155311.805757, 16
384155342.591287, 16
384155373.666998, 16
384155420.621652, 16
384155452.481906, 16
384155476.675947, 84
384155660.789347, 72
384155930.838184, 69
384156205.283289, 89
384156636.827507, 32
384156924.562675, 66
384157140.448942, 79
384157214.228129, 84
384157476.695089, 72
384157604.194917, 32
384158036.525064, 79
384158117.355703, 70
384158300.917593, 70
384158646.086108, 69
384158791.163242, 82
384158919.138845, 32
384159229.033459, 65
384159388.970018, 80
384159540.619777, 80
384159646.801851, 69
384160026.62812, 8
384160119.176962, 82
384160260.323892, 79
new stimulus
384174637.333243, 16
384174765.107161, 73
384175076.383879, 32
384176540.84088, 80
384176647.083709, 82
384176764.073773, 69
384176934.735929, 70
384177036.517573, 69
384177164.276234, 82
384177519.091461, 32
384178895.271327, 84
384179036.285096, 72
384179124.444883, 65
384179237.096937, 84
384179324.500755, 32
384179500.164787, 84
384179642.286847, 72
384179733.663314, 69
384179885.424873, 32
384180341.015266, 70
384180453.406546, 82
384180617.782096, 69
384180806.607191, 69
384181061.671763, 68
384181348.003744, 79
384181796.780712, 77
384181923.990913, 32
384182115.739178, 79
384182196.745424, 70
384182317.469833, 32
384182507.901465, 67
384182580.355418, 72
384182716.836428, 79
384182876.052252, 73
384182964.152671, 67
384183101.060353, 69
384183221.920143, 32
384183508.350052, 66
384183622.780088, 69
384183748.003688, 32
384184220.026754, 76
384184355.892725, 69
384184531.798111, 70
384184755.977005, 84
384184861.996788, 32
384184979.790814, 87
384185091.760693, 73
384185206.114716, 84
384185332.199426, 72
384185405.68011, 32
384185683.979129, 83
384185772.451013, 84
384185884.195627, 85
384186108.360372, 68
384186420.080962, 69
384186595.962213, 78
384186700.059756, 84
384186845.514457, 83
384187788.217878, 191
384188449.331529, 8
384188612.25673, 190
384188779.726619, 32
384189068.16144, 16
384189570.417416, 16
384189599.810023, 16
384189630.288449, 16
384189661.627709, 16
384189692.632123, 16
384189724.22328, 16
384189755.228527, 16
384189786.811916, 16
384189818.795066, 16
384189835.679933, 65
384190067.764453, 84
384190219.694128, 32
384190292.045714, 84
384190437.690448, 72
384190995.919435, 73
384191092.986333, 83
384191222.001149, 32
384191500.072961, 65
384191686.428466, 71
384191785.447011, 69
384192029.164012, 188
384192220.130786, 32
384192563.593726, 87
384192699.109594, 69
384192843.502056, 32
384193115.634591, 67
384193235.898206, 65
384193371.544461, 78
384193635.53057, 32
384194224.962603, 8
384194399.579931, 8
384194592.689771, 8
384194759.162891, 8
384194844.292979, 83
384194979.72784, 72
384195131.598425, 79
384195283.58081, 85
384195531.728479, 76
384195611.719091, 68
384195709.652925, 32
384195907.641744, 66
384196037.507129, 69
384196163.45424, 32
384196491.699883, 65
384196692.786646, 66
384196926.303483, 76
384196996.649048, 69
384197124.293967, 32
384197244.215523, 84
384197483.824772, 79
384197627.448227, 32
384197819.807648, 82
384197899.722524, 69
384198011.431629, 83
384198141.298956, 80
384198339.713336, 79
384199011.846371, 78
384199451.904596, 83
384199619.53955, 73
384199763.632121, 66
384199955.66169, 73
384200219.622831, 76
384200884.194795, 89
384201889.312354, 8
384202788.416233, 89
384203988.327292, 32
384204267.495466, 77
384204347.738808, 65
384204540.339583, 75
384204619.975931, 69
384204739.490513, 32
384204987.366311, 79
384205187.365312, 85
384205317.383833, 82
384205437.185267, 32
384206300.015701, 79
384206459.455403, 87
384206587.384121, 78
384206707.797543, 32
384206947.440082, 68
384207043.761831, 69
384207251.549388, 67
384207467.828758, 73
384207637.15292, 83
384207789.388589, 73
384207997.497675, 79
384208228.958, 78
384208358.026081, 32
384208468.561424, 65
384208683.857341, 78
384208812.214119, 68
384208925.317811, 32
384209099.735674, 70
384209205.565702, 79
384209275.948442, 82
384209395.924373, 32
384209493.510323, 84
384209643.647867, 72
384209843.55532, 79
384210027.612959, 83
384210131.605638, 69
384210220.351335, 32
384210459.831029, 83
384210627.300363, 84
384210709.363299, 85
384210875.381451, 68
384210995.854518, 69
384211155.396587, 78
384211243.601039, 84
384211349.319267, 83
384211683.039786, 32
384211885.396299, 87
384212082.781453, 69
384212483.378682, 61
384212840.525066, 8
384213063.379003, 8
384213286.870174, 72
384213469.071321, 79
384213585.373662, 32
384213908.861836, 70
384214059.062632, 69
384214236.423917, 69
384214292.480708, 76
384214480.757344, 32
384214799.246694, 80
384214920.688788, 82
384215275.772835, 69
384215508.092607, 80
384215596.380007, 65
384215723.65346, 82
384215862.589079, 69
384216019.850759, 68
384216283.902616, 32
384216643.918629, 87
384216819.723312, 73
384216973.437628, 84
384217139.395025, 72
384217237.353827, 32
384217657.516628, 8
384217824.74322, 79
384218084.13526, 85
384218171.893621, 84
384218307.548753, 32
384218867.317419, 71
384219006.957683, 79
384219213.25078, 73
384219397.255709, 78
384219509.886402, 71
384219654.814561, 32
384220011.8239, 84
384220171.750195, 79
384220284.299326, 32
384220603.624542, 67
384220783.195751, 76
384220878.593138, 65
384220958.469176, 83
384221147.585839, 83
384222172.335828, 188
384222309.753129, 32
384222579.518721, 73
384222717.210667, 84
384222980.124827, 32
384223203.590475, 87
384223612.855679, 8
384223677.322168, 83
384223758.183323, 65
384223939.450121, 86
384224077.139293, 69
384224291.766352, 83
384224435.630053, 32
384224541.218726, 84
384224710.035487, 72
384224796.881415, 69
384224948.404116, 77
384225078.613778, 32
384225203.93614, 65
384225523.887769, 32
384225972.522698, 76
384226219.804818, 79
384226323.844103, 84
384226451.808331, 32
384226691.628974, 79
384226765.314116, 70
384226853.236155, 32
384226971.563104, 87
384227171.525485, 65
384227387.490262, 83
384227459.65459, 84
new stimulus
384240734.109682, 16
384240821.835863, 65
384241139.348973, 66
384241459.604377, 83
384241723.224015, 79
384242227.322334, 76
384242451.581125, 85
384242562.936242, 84
384242643.288332, 69
384242782.160421, 76
384242933.835703, 89
384243083.151531, 32
384243411.101999, 78
384243563.729939, 79
384243667.996153, 84
384244107.284539, 190
384244579.413856, 32
384244819.25808, 16
384244947.098856, 73
384245093.454062, 32
384245339.133807, 84
384245443.321234, 72
384245556.879062, 73
384245755.810276, 78
384245891.049001, 75
384245987.298343, 32
384246219.081863, 84
384246355.180034, 82
384246524.494763, 65
384246752.295924, 86
384246892.495466, 69
384247042.861605, 76
384247299.013384, 73
384247482.958114, 78
384247587.252902, 71
384247819.403447, 32
384248443.400021, 73
384248578.866507, 83
384248748.654514, 32
384249171.172608, 66
384249315.292921, 69
384249650.826377, 83
384249795.29402, 84
384250018.832074, 32
384250683.371025, 83
384251048.622778, 8
384251156.941537, 68
384251562.777003, 79
384251738.584738, 78
384251827.157603, 69
384251954.747315, 32
384252069.83539, 87
384252203.118029, 73
384252316.796813, 84
384252444.652848, 72
384252571.007488, 32
384252731.375435, 65
384252869.180014, 78
384252988.475989, 32
384253355.173653, 65
384253538.655924, 68
384253795.029639, 86
384253938.895559, 69
384254122.613914, 78
384254282.816241, 84
384254907.238654, 69
384255019.288152, 82
384255231.964397, 79
384255420.897962, 85
384255570.942849, 83
384255692.198239, 32
384258424.248636, 8
384258930.020628, 8
384258960.96623, 8
384258993.280619, 8
384259024.323595, 8
384259055.494184, 8
384259086.150159, 8
384259116.879928, 8
384259149.525279, 8
384259178.88626, 8
384260188.202842, 86
384260300.664308, 69
384260434.583349, 78
384260549.425075, 84
384260730.817821, 79
384261311.564679, 8
384261387.633411, 69
384261506.933825, 82
384261627.928441, 79
384261826.566422, 85
384261931.335597, 83
384262034.895501, 32
384263027.132746, 71
384263109.471715, 82
384263219.337089, 79
384263418.673335, 85
384263610.479303, 80
384263715.061498, 32
384264034.650262, 79
384264122.825585, 70
384264236.030813, 32
384264442.717846, 70
384264564.417385, 82
384264650.735938, 69
384264748.838166, 73
384264922.496732, 68
384265020.488547, 78
384265170.280426, 83
384265583.853402, 8
384265769.813585, 8
384265958.346279, 8
384266158.190758, 8
384266342.866765, 8
384266437.759803, 69
384266658.336126, 78
384266818.340376, 68
384267151.129874, 8
384267326.340602, 8
384267521.216496, 8
384267747.660243, 73
384267803.070369, 69
384268042.588347, 78
384268162.745155, 68
384268242.917477, 83
384268506.448341, 190
384268642.781209, 32
384269186.644854, 16
384269338.764284, 73
384269522.516761, 84
384270395.800644, 32
384270747.507662, 77
384270971.133658, 83
384270976.477037, 79
384271098.543602, 84
384271226.366069, 32
384271773.716046, 8
384271928.827169, 8
384272119.910182, 8
384272312.044615, 8
384272596.520381, 79
384272754.983565, 83
384273040.072706, 8
384273206.344142, 8
384273382.709768, 8
384273574.316271, 8
384273843.509546, 83
384274216.205576, 8
384274539.216034, 222
384274698.645471, 83
384274834.513106, 32
384275130.507888, 77
384275282.986299, 79
384275347.13542, 83
384275442.413239, 84
384275498.422869, 32
384275794.384084, 70
384275916.369642, 85
384276057.363437, 78
384276150.249344, 32
384276436.35495, 87
384276541.746378, 72
384276636.817242, 69
384276779.274425, 78
384276868.273961, 32
384277074.970981, 89
384277194.49999, 79
384277378.795377, 85
384277491.261005, 32
384277658.773061, 71
384277764.317625, 79
384277924.738282, 32
384278484.431489, 79
384278720.51529, 70
384278870.677525, 70
384278951.768383, 32
384279068.532905, 84
384279166.373249, 72
384279246.403254, 69
384279352.537889, 32
384279515.941084, 66
384279571.42223, 69
384279642.796744, 65
384279874.811354, 84
384280159.348152, 69
384280365.698675, 78
384280485.165819, 32
384281131.133747, 80
384281245.31466, 65
384281315.282934, 84
384281444.057505, 72
384281540.478848, 32
384281698.490393, 65
384282138.717289, 78
384282211.098559, 68
384282354.624917, 32
384282538.726111, 69
384282754.795752, 86
384283048.499603, 8
384283239.377048, 8
384284815.270173, 67
384284925.073405, 82
384285020.813682, 69
384285164.992254, 65
384285381.376766, 84
384285507.414316, 69
384285714.814594, 32
384286899.751653, 69
384287162.860562, 88
384287302.862859, 80
384287452.499938, 69
384287676.958193, 82
384287914.452673, 73
384288052.361839, 69
384288186.987467, 78
384288322.545224, 67
384288466.646673, 69
384288770.358992, 83
384288858.844192, 32
384289275.374738, 85
384289442.568594, 78
384289589.451175, 73
384289695.174119, 81
384289818.577292, 85
384289899.252853, 69
384290042.542295, 32
384290218.652695, 84
384290346.820272, 79
384290458.607331, 32
384291210.718217, 89
384291324.610891, 79
384291499.028199, 85
384291679.326525, 32
384292063.390378, 8
384292614.838397, 191
384293189.768876, 8
384293335.307913, 190
384293453.230107, 32
384293949.639188, 16
384294255.716508, 8
new stimulus
384303294.679813, 87
384303652.167701, 79
384304429.896067, 8
384304621.421842, 8
384304674.936359, 16
384306218.622178, 16
384306380.221591, 73
384306690.359502, 70
384306962.247908, 32
384307178.442388, 87
384307341.955719, 69
384308090.585543, 32
384308458.690002, 65
384308850.170113, 84
384309034.07101, 32
384309352.595038, 8
384309518.005641, 8
384309644.298971, 76
384309849.393616, 76
384310029.341006, 32
384310292.289288, 76
384310485.485684, 73
384310589.00342, 86
384310701.921796, 69
384311075.450917, 83
384311599.828332, 8
384311716.913829, 68
384311866.649947, 32
384312750.428613, 8
384312931.098958, 32
384313415.654732, 8
384313722.567085, 32
384313842.415958, 73
384313986.287426, 78
384314186.156595, 32
384314682.569837, 83
384314795.891027, 80
384314946.714908, 65
384315036.188554, 67
384315181.685978, 69
384315362.277259, 188
384315506.33765, 32
384315850.675294, 71
384315948.006296, 73
384316065.883548, 86
384316195.511739, 69
384316299.723301, 78
384316395.719637, 32
384316602.374767, 79
384316778.387515, 85
384316859.913089, 82
384316969.939089, 32
384317322.398747, 84
384318224.884648, 8
384318899.475898, 67
384319025.924584, 85
384319137.926366, 82
384319334.97501, 82
384319466.160634, 69
384319602.471586, 78
384319730.209995, 84
384320131.292986, 32
384320274.340518, 84
384320402.044804, 69
384320562.113415, 67
384320651.306313, 72
384320867.337948, 78
384320978.885594, 79
384321202.355125, 76
384321394.386913, 79
384321450.686169, 71
384321714.461717, 73
384321882.703942, 67
384322010.579118, 65
384322139.39669, 76
384322406.833344, 8
384322565.490721, 8
384322749.613831, 8
384322925.794141, 8
384322978.59791, 89
384323210.098184, 190
384323385.857648, 32
384323935.187291, 8
384324086.536327, 8
384324298.583939, 188
384324449.73462, 32
384324681.928998, 73
384324795.649672, 84
384324923.985088, 32
384325036.717316, 87
384325195.824946, 79
384325379.959707, 85
384325601.986934, 76
384325691.684735, 68
384325787.692723, 32
384326834.028454, 80
384326971.457407, 82
384327262.439494, 8
384327429.660538, 8
384327570.209351, 76
384327825.646221, 73
384327970.145767, 75
384328059.637723, 69
384328226.034275, 76
384328394.166642, 89
384328538.080833, 32
384329058.393773, 66
384329201.556434, 69
384329337.79498, 32
384330970.155477, 72
384331185.670001, 79
384331258.353381, 82
384331385.618512, 82
384331473.910073, 73
384331627.373324, 66
384331802.339923, 76
384331915.459151, 69
384332640.066935, 190
384333268.026725, 32
384333617.713296, 16
384333809.616639, 84
384333939.197391, 72
384334114.427261, 69
384334518.934164, 8
384334701.546447, 8
384334885.731422, 8
384335193.551769, 16
384335707.923214, 16
384335738.978396, 16
384335769.937591, 16
384335800.649328, 16
384335831.618232, 16
384335865.460372, 16
384335895.45165, 16
384335925.503405, 16
384335957.025484, 16
384336003.832274, 16
384336017.600331, 79
384336225.678346, 85
384336396.279192, 82
384336507.273109, 32
384337075.606827, 72
384337306.438243, 79
384337554.266879, 85
384337681.797224, 69
384337828.212075, 83
384338223.690912, 8
384338389.343425, 8
384338482.677642, 83
384338569.897254, 69
384338707.454375, 83
384338873.843437, 32
384339089.624285, 87
384339842.008983, 79
384340049.863675, 85
384340306.208539, 76
384340401.625623, 68
384340582.29042, 32
384340980.235795, 66
384341383.722627, 8
384342403.669096, 66
384342516.529214, 69
384342651.438642, 32
384344017.640557, 79
384344141.627421, 88
384344395.795095, 89
384344650.683229, 71
384344730.460782, 69
384344893.147125, 78
384345146.103031, 65
384345267.673847, 84
384345418.138747, 69
384345562.704042, 68
384345702.673048, 32
384346235.8688, 83
384346333.509679, 72
384346482.955617, 69
384346674.65145, 76
384346787.780387, 84
384346883.199968, 69
384347881.817864, 68
384348215.209917, 8
384348301.28129, 82
384348763.865986, 32
384350245.931641, 67
384350382.599632, 79
384350634.037498, 77
384350834.115564, 80
384350977.96789, 76
384351050.375515, 69
384351293.607586, 84
384351396.620696, 69
384351509.011698, 76
384351665.962113, 89
384351763.973347, 32
384352290.23999, 68
384352449.56262, 73
384352641.777505, 70
384352785.956631, 70
384353081.709226, 69
384353227.770922, 82
384353346.260161, 69
384353458.915822, 78
384353563.568204, 84
384353681.844385, 32
384353865.497823, 70
384353971.071793, 82
384354099.610835, 79
384354297.571357, 77
384354403.316495, 32
384354721.586407, 84
384354865.849314, 72
384355065.585322, 79
384355130.040714, 83
384355242.273586, 69
384355538.099143, 32
384355649.40266, 87
384355777.676488, 69
384355889.603645, 82
384356403.228553, 69
384356840.178014, 8
384357027.933101, 8
384357212.320315, 222
384357340.406053, 82
384357421.499685, 69
384357540.393403, 32
384358042.212998, 85
384358130.585566, 83
384358226.251217, 69
384358348.868738, 68
384358476.694811, 32
384358611.843652, 84
384358699.27022, 79
384358811.894531, 32
new stimulus
384370729.019588, 16
384370893.656745, 73
384371091.726848, 84
384372164.976441, 8
384372500.966529, 8
384372652.372159, 16
384372852.495444, 78
384373017.965138, 69
384373465.802486, 73
384373625.984839, 84
384373757.286425, 72
384373843.392752, 69
384373964.115497, 82
384374169.312787, 32
384374385.967783, 67
384374497.750127, 65
384374610.163599, 78
384374746.774719, 32
384375177.348245, 66
384375313.350707, 69
384375449.675252, 32
384375841.458583, 65
384376065.414986, 83
384376257.268393, 83
384376385.34137, 73
384376490.981921, 71
384376625.251619, 78
384376769.39052, 69
384377025.257389, 68
384377155.486471, 32
384377289.312576, 65
384377449.181445, 32
384377825.441208, 72
384377970.03036, 73
384378058.328302, 71
384378177.331045, 72
384378225.44032, 69
384378329.51345, 82
384378497.148126, 32
384378889.427761, 80
384379011.052119, 82
384379185.161491, 79
384379662.795923, 8
384380073.788619, 73
384380537.696052, 79
384380681.486791, 82
384380905.422665, 73
384381073.589987, 84
384381274.592137, 89
384381449.268278, 32
384381838.444142, 8
384382483.406701, 32
384382595.061986, 84
384382721.409968, 72
384382809.271806, 65
384382977.947083, 78
384383065.65218, 32
384383209.130544, 84
384383385.35108, 72
384383553.271775, 65
384384230.170047, 8
384384297.918132, 69
384384449.018045, 32
384384970.422909, 79
384385068.123988, 84
384385257.525838, 72
384385379.442874, 69
384385460.100126, 82
384386049.60623, 190
384386186.944744, 32
384386457.579214, 16
384386570.052332, 73
384386721.491807, 32
384387505.254049, 70
384387593.101184, 69
384387722.397304, 76
384387889.10207, 76
384388287.534039, 8
384388428.539485, 8
384388505.682663, 69
384388610.889052, 76
384388761.05628, 32
384389153.135063, 66
384389320.991397, 79
384389409.648875, 84
384389577.094074, 72
384389650.668803, 32
384389832.976756, 65
384390033.101151, 82
384390145.490488, 69
384390273.142065, 32
384390569.094125, 78
384390617.268038, 69
384390784.951817, 69
384390938.961585, 68
384391122.508217, 69
384391321.01803, 68
384391489.029164, 32
384392706.383535, 73
384392921.732718, 78
384393003.472738, 32
384393138.835192, 65
384393352.843051, 32
384393593.05763, 83
384393752.935099, 85
384393880.767276, 67
384394080.757954, 67
384394248.781573, 69
384394456.984704, 83
384394656.816144, 83
384394824.701052, 70
384394985.053464, 85
384395256.840889, 76
384395408.801636, 32
384395675.294231, 73
384395834.903713, 78
384395920.874104, 68
384396088.773161, 73
384396242.088547, 86
384396377.019337, 73
384396520.66554, 68
384396880.829418, 85
384397104.70842, 65
384397296.924692, 76
384397403.91156, 32
384397681.664617, 65
384397936.73557, 78
384398074.282426, 68
384398304.833648, 32
384398840.73646, 65
384399064.750566, 32
384399289.105898, 71
384399424.742443, 82
384399530.375781, 79
384399928.681524, 85
384400248.671714, 80
384400481.550487, 32
384401739.694139, 87
384401890.549091, 79
384401978.713039, 82
384402122.241339, 75
384402545.503749, 69
384402699.944349, 68
384403063.220874, 8
384403269.139178, 8
384403811.197376, 69
384403945.288139, 82
384404074.415033, 32
384404440.893535, 87
384404585.749565, 72
384404736.987911, 79
384404866.293185, 32
384405312.419409, 73
384405426.568696, 83
384405548.239661, 32
384405978.144884, 73
384406169.200432, 78
384406417.431327, 68
384406854.08811, 8
384406945.8513, 67
384407056.694023, 65
384407274.80797, 80
384407401.148739, 65
384407624.566948, 66
384407857.824952, 76
384407970.874271, 69
384408110.137799, 32
384408319.151273, 79
384408371.852952, 70
384408506.972109, 32
384408594.359837, 87
384408969.732134, 79
384409071.49852, 82
384409169.280606, 75
384409304.957377, 73
384409425.023469, 78
384409546.815112, 71
384409653.294024, 32
384409778.217457, 65
384409938.900552, 76
384410104.950053, 79
384410209.231802, 78
384410297.680938, 69
384410392.747086, 32
384410490.202926, 65
384410610.388309, 78
384410714.583226, 68
384410793.360405, 32
384411016.79304, 65
384411146.566044, 32
384412033.270932, 83
384412168.615909, 79
384412384.88224, 76
384412609.366573, 79
384413779.804019, 32
384415307.38674, 68
384415918.575128, 8
384417109.079166, 71
384417203.701443, 69
384417401.302429, 78
384417593.053191, 73
384417819.764925, 85
384417914.583615, 83
384418036.754767, 32
384418202.556255, 87
384418316.451148, 72
384418440.521238, 79
384418593.209378, 32
384418905.0856, 67
384419008.932078, 65
384419168.613689, 78
384419488.734822, 78
384420169.098064, 80
384420322.509992, 84
384420425.064805, 32
new stimulus
384436327.320171, 16
384436669.313342, 79
384437363.493467, 8
384437698.895426, 70
384437977.750393, 79
384438333.555176, 8
384438424.555185, 16
384438490.581882, 8
384438610.456555, 70
384438800.946999, 79
384438971.748142, 82
384439178.753653, 32
384439490.505314, 83
384439632.233438, 84
384439722.186188, 65
384439872.802281, 82
384440072.416224, 84
384440176.707684, 69
384440544.408497, 82
384440768.195674, 83
384441145.205024, 188
384441304.37646, 32
384441504.242855, 87
384441736.235549, 72
384441872.224694, 69
384442000.992607, 78
384442081.955575, 32
384442233.200023, 89
384442362.535537, 79
384442551.956252, 85
384442624.606064, 32
384442912.268548, 80
384443072.157114, 76
384443160.878954, 65
384443360.747845, 78
384443448.555864, 32
384444320.665429, 69
384444409.540127, 65
384444584.076725, 67
384444697.88007, 72
384444824.155923, 32
384445184.26709, 65
384445312.220222, 67
384445520.004449, 84
384445656.259917, 73
384445800.977238, 86
384445936.053395, 73
384446050.281747, 84
384446537.735446, 89
384447312.666313, 188
384447552.115768, 32
384447808.57687, 89
384447944.231725, 79
384448144.265126, 85
384448242.321857, 32
384448536.19216, 87
384448655.997756, 65
384448832.832775, 83
384448962.152476, 84
384449073.927329, 69
384449216.428067, 32
384449495.99739, 65
384449713.230251, 32
384450399.362434, 8
384450632.749716, 78
384450737.828769, 32
384450856.025054, 65
384451058.650109, 77
384451255.925405, 80
384451624.072031, 76
384451729.646278, 69
384451858.587301, 32
384452381.312128, 8
384453026.549887, 32
384453617.313812, 65
384453753.560125, 77
384454024.092782, 79
384454272.03627, 85
384454423.995075, 78
384454553.433511, 84
384454663.90144, 32
384454831.872626, 79
384454912.383123, 70
384455017.621415, 32
384455360.475974, 83
384455685.822582, 8
384455792.229088, 84
384455943.876073, 73
384456112.135775, 77
384456217.821545, 69
384456624.066483, 32
384457005.778927, 8
384457288.567427, 190
384457447.918076, 32
384458005.106185, 8
384458171.566821, 8
384458192.663749, 32
384458335.94043, 68
384458433.392109, 79
384458672.054525, 73
384458850.555726, 78
384458987.894518, 71
384459023.989859, 32
384459239.882229, 83
384459304.169228, 79
384459631.949083, 190
384459775.639119, 32
384460256.103231, 16
384460496.154409, 87
384460634.642827, 73
384460751.696143, 84
384460849.410538, 72
384460983.818114, 32
384461057.484669, 84
384461185.421711, 72
384461343.866863, 65
384461455.879464, 84
384461585.618623, 32
384461855.860544, 73
384462072.719721, 78
384462128.091564, 32
384462319.703893, 77
384462519.82801, 73
384462639.799225, 78
384462713.765948, 68
384462944.15377, 190
384463285.418714, 8
384463471.991717, 188
384463544.040083, 32
384464064.018456, 89
384464128.15426, 79
384464327.966281, 85
384464400.642448, 32
384464663.821543, 65
384464976.089204, 76
384465073.339477, 83
384465223.669828, 79
384465351.909534, 32
384465588.055477, 71
384465673.876894, 65
384465795.434117, 73
384465937.277925, 78
384466060.518807, 32
384466273.699678, 84
384466441.208961, 72
384466562.401099, 69
384466735.969503, 32
384467135.965841, 65
384467359.631509, 68
384467640.017277, 86
384467800.052043, 65
384468007.718922, 78
384468129.419016, 84
384468249.533102, 65
384468399.75526, 71
384468487.892299, 69
384468639.536232, 32
384468855.581737, 79
384468954.54674, 70
384469095.890361, 32
384469672.51199, 66
384469744.147833, 69
384469903.537876, 73
384470047.628228, 78
384470175.617702, 71
384470282.106324, 32
384470681.416326, 65
384470845.860122, 66
384471041.098326, 76
384471178.519234, 69
384471284.004429, 32
384471440.835554, 84
384471575.965253, 79
384471673.920171, 32
384471974.892694, 68
384472102.272954, 79
384472201.438809, 32
384472952.029712, 77
384473123.333817, 79
384473193.887447, 82
384473273.85642, 69
384473376.511381, 32
384473755.155565, 73
384474000.295174, 78
384474083.227544, 32
384474568.675498, 84
384474658.285635, 72
384474758.05349, 65
384474841.90828, 84
384474947.08443, 32
384475464.324117, 84
384475552.589046, 73
384475720.101935, 77
384475768.092751, 69
384476127.83495, 190
384476423.623887, 32
384476928.257072, 16
384477088.260767, 83
384477401.095197, 8
384477448.098399, 16
384477537.750149, 70
384477615.635146, 79
384477743.991923, 82
384477857.158313, 32
384478127.77586, 83
384478233.577314, 79
384478367.65698, 77
384478424.38374, 69
384479215.948408, 188
384479343.851327, 32
384479552.128807, 73
384479666.226771, 84
384479800.090327, 32
384480295.995337, 67
384480400.276531, 65
384480505.626901, 78
384480609.569921, 32
384480775.635512, 66
384480848.30835, 69
384480953.299462, 32
384481311.894254, 83
384481407.989074, 84
384481511.922107, 82
384481695.680965, 69
384481976.119443, 83
384482224.85441, 83
384482447.90587, 70
384482560.581227, 85
384482816.742161, 76
384482927.877839, 32
384483096.056535, 84
384483223.971661, 79
384483322.189018, 32
384483655.666239, 65
384483839.458943, 68
384484083.413969, 72
384484219.800657, 69
384484289.704015, 82
384484393.018402, 69
384484524.172124, 32
384484696.145088, 84
384484824.244697, 79
384484921.771834, 32
384485263.953096, 65
384485459.275357, 32
384485673.10539, 80
384485786.616612, 76
384485889.34287, 65
384486072.04143, 78
384486201.832744, 32
384487135.941428, 87
384487241.381127, 72
384487320.403545, 73
384487615.746946, 76
new stimulus
384499853.840097, 16
384500352.100121, 16
384500380.618856, 16
384500411.909567, 16
384500441.844252, 16
384500475.612043, 16
384500504.791591, 16
384500535.736915, 16
384500566.550742, 16
384500599.125351, 16
384500648.000581, 16
384500677.021445, 16
384500708.86866, 16
384500737.832931, 16
384500769.638255, 16
384500800.398818, 16
384500831.098348, 16
384500862.500027, 16
384501231.772145, 16
384501576.825809, 65
384501808.294457, 32
384502032.057221, 67
384502255.600546, 73
384502424.320211, 84
384502671.644221, 89
384502784.967075, 32
384503007.573277, 83
384503113.467112, 72
384503231.730532, 79
384503423.610849, 85
384503663.415401, 76
384503745.21784, 68
384503858.748759, 32
384504015.597639, 65
384504183.870658, 66
384504319.313841, 83
384504471.50651, 79
384504711.195656, 76
384504927.253368, 85
384505000.8514, 84
384505103.915833, 69
384505255.338385, 76
384505415.29908, 89
384505505.098139, 32
384506919.570787, 84
384507023.648356, 82
384507703.557462, 89
384507847.554879, 32
384507962.25207, 84
384508191.605393, 79
384508313.181203, 32
384508559.316748, 80
384508663.774937, 82
384508735.414387, 69
384509167.884076, 83
384509320.95783, 69
384509439.519475, 82
384509711.184004, 86
384509824.918549, 69
384509935.116826, 32
384510271.206508, 73
384510431.016287, 84
384511239.849771, 222
384511375.0688, 83
384511527.244546, 32
384511975.460572, 72
384512135.152725, 73
384512194.175686, 83
384512328.602404, 84
384512623.293037, 79
384512783.016538, 82
384512900.485706, 73
384513143.614855, 67
384513319.162647, 67
384513724.838319, 8
384513847.537401, 32
384514127.045137, 66
384514295.286807, 85
384514503.436396, 73
384514750.975407, 76
384514911.318941, 68
384515062.957881, 73
384515327.186177, 78
384515441.151812, 71
384516247.638326, 188
384516675.988057, 8
384516719.816192, 83
384516943.298763, 188
384517119.047962, 32
384517335.768152, 83
384517543.288276, 79
384517678.960608, 32
384517959.14608, 76
384518118.953085, 79
384518271.25256, 78
384518359.675896, 71
384518535.098572, 32
384518608.813121, 65
384518696.527095, 83
384518840.772247, 32
384519015.872839, 84
384519128.452764, 72
384519328.356888, 65
384519660.693637, 8
384519719.848096, 69
384519880.133372, 89
384520030.964188, 32
384520375.494916, 72
384520480.417782, 65
384521223.391576, 86
384521671.101034, 69
384521830.711903, 32
384522023.166755, 83
384522136.644687, 79
384522326.884344, 77
384522472.463608, 69
384522622.873301, 32
384523295.212459, 83
384523462.711199, 79
384523654.930245, 82
384523800.522824, 84
384523929.848628, 32
384524086.775463, 79
384524222.956305, 70
384524328.673978, 32
384524703.318881, 82
384525053.699001, 8
384525120.007002, 72
384525327.253035, 73
384525423.285713, 83
384525527.149391, 84
384525718.654082, 79
384525862.754976, 82
384526078.795488, 73
384526238.692932, 67
384526454.913212, 32
384526727.005521, 82
384526783.292848, 69
384526951.025731, 76
384527214.597652, 69
384527486.916891, 86
384527633.061536, 65
384527777.068107, 78
384527927.692246, 67
384528006.946864, 69
384528118.713117, 32
384528478.841207, 65
384528662.950723, 78
384528758.948446, 68
384528910.624837, 32
384529318.960686, 65
384529414.928725, 82
384529535.000366, 69
384529648.125975, 32
384530690.236883, 78
384530873.026991, 79
384530976.69925, 84
384531088.118451, 32
384531371.735603, 74
384531567.266762, 85
384531647.295935, 83
384531727.460212, 84
384531798.974268, 32
384532039.104511, 79
384532271.255334, 85
384532462.911219, 84
384532750.818942, 68
384532913.250614, 65
384533009.555718, 84
384533135.928112, 69
384533390.91473, 68
384533528.54176, 32
384533679.086279, 83
384533767.067408, 84
384533881.320173, 82
384533998.620669, 85
384534134.632563, 67
384534334.708132, 84
384534470.755535, 85
384534571.286572, 82
384534706.295316, 69
384535016.30062, 190
384535216.241086, 32
384535727.540109, 16
384535871.663474, 73
384536022.961742, 84
384537367.47749, 222
384537512.541307, 83
384537710.841668, 32
384538631.19145, 66
384538688.430049, 69
384538886.977313, 69
384539380.550056, 8
384539615.501152, 78
384539663.284459, 69
384540038.883408, 70
384540214.904201, 73
384540382.738897, 67
384540478.839265, 73
384540703.978585, 65
384540846.569762, 76
384540978.430348, 32
384541158.288687, 70
384541250.815891, 79
384541314.961127, 82
384541413.621801, 32
384541614.408119, 79
384541782.411486, 85
384541880.067068, 82
384541958.945783, 32
384542326.989486, 80
384542518.591274, 79
384542750.689387, 83
384542946.742927, 84
384543375.6106, 69
384543512.319372, 82
384543646.567986, 73
384544294.948355, 84
384544514.254928, 89
384544648.496607, 32
384544864.451119, 84
384544952.994578, 79
384545170.697943, 32
384547079.602502, 69
384547494.518743, 8
384547560.745459, 83
384547648.944362, 69
384547835.765378, 69
384548008.600007, 32
384548171.485537, 65
384548327.448616, 78
384548398.838111, 68
384548515.490832, 32
384548623.250592, 69
384549136.820571, 88
384549319.567957, 80
384549451.778925, 69
384549599.06099, 82
384549759.064407, 73
384550535.920289, 69
384550695.08368, 78
384550778.626096, 67
384550865.344688, 69
384550987.509737, 32
384551423.109551, 87
384551751.554659, 72
384551903.237986, 65
384551951.456841, 84
384552143.253377, 32
384553663.134375, 68
384553799.043346, 69
384553927.314955, 70
384554032.551028, 73
384554142.889957, 78
384554248.392908, 69
384554288.379891, 68
384554408.421293, 32
384554542.469056, 84
384554648.251646, 72
384554758.52122, 69
384554848.207647, 32
new stimulus
384565438.268313, 16
384565949.805084, 16
384565977.920174, 16
384566009.29855, 16
384566039.038485, 16
384566072.462553, 16
384566102.756219, 16
384566132.498651, 16
384566163.629014, 16
384566194.567957, 16
384566246.802739, 16
384566273.958511, 16
384566305.920578, 16
384566334.72339, 16
384566366.714586, 16
384566397.740084, 16
384566438.808172, 16
384566459.514216, 16
384566506.121263, 16
384566537.783162, 16
384566569.466977, 16
384566599.846365, 16
384566631.207263, 16
384566662.462465, 16
384566693.177808, 16
384566724.623042, 16
384566755.755069, 16
384566802.689194, 16
384566833.939957, 16
384566865.026765, 16
384566896.350767, 16
384566927.801272, 16
384566958.820944, 16
384566990.07892, 16
384567021.605438, 16
384567052.40151, 16
384567099.195261, 16
384567130.072339, 16
384567161.691516, 16
384567192.789698, 16
384567234.264482, 16
384567257.6074, 16
384567284.773436, 16
384567317.263155, 16
384567363.922358, 16
384567395.148153, 16
384567426.532077, 16
384567458.452253, 16
384567490.516133, 16
384567520.135114, 16
384567551.635832, 16
384567582.305956, 16
384567614.169538, 16
384567660.383205, 16
384567691.967981, 16
384567724.104822, 16
384567754.203461, 16
384567785.10523, 16
384567817.226259, 16
384567847.787079, 16
384567879.056429, 16
384567910.038927, 16
384567958.263053, 16
384567988.420505, 16
384568018.830964, 16
384568050.504237, 16
384568081.466761, 16
384568115.78412, 16
384568144.116429, 16
384568185.832292, 16
384568222.442801, 16
384568254.180435, 16
384568285.100237, 16
384568315.537328, 16
384568346.861885, 16
384568377.977544, 16
384568409.046597, 16
384568440.515134, 16
384568471.484871, 16
384568519.195216, 16
384568549.655888, 16
384568580.958251, 16
384568612.014266, 16
384568643.423435, 16
384568674.845088, 16
384568705.684161, 16
384568737.315543, 16
384568768.365454, 16
384568815.192218, 16
384568845.932529, 16
384568877.222408, 16
384568908.832429, 16
384568939.676495, 16
384568970.844309, 16
384569001.839014, 16
384569033.678739, 16
384569080.224476, 16
384569111.51491, 16
384569142.350931, 16
384569173.583384, 16
384569208.278866, 16
384569238.09537, 16
384569267.293782, 16
384569298.792281, 16
384569329.585579, 16
384569376.474207, 16
384569407.545202, 16
384569438.665023, 16
384569480.722112, 16
384569501.137142, 16
384569532.286092, 16
384569564.040372, 16
384569594.711328, 16
384569625.974575, 16
384569672.798287, 16
384569705.621186, 16
384569735.099238, 16
384569766.137775, 16
384569798.149777, 16
384569829.641618, 16
384569860.186348, 16
384569891.265943, 16
384569938.043603, 16
384569969.449444, 16
384570001.921685, 16
384570031.899924, 16
384570062.71819, 16
384570094.225843, 16
384570125.433329, 16
384570156.335375, 16
384570187.495699, 16
384570234.250057, 16
384570266.449595, 16
384570296.979344, 16
384570328.138281, 16
384570359.86898, 16
384570390.640916, 16
384570421.321305, 16
384570452.590932, 16
384570483.949889, 16
384570530.624072, 16
384570561.771079, 16
384570595.406819, 16
384570625.672187, 16
384570655.734485, 16
384570686.533054, 16
384570717.85012, 16
384570748.920282, 16
384570795.848304, 16
384570827.957126, 16
384570859.043102, 16
384570889.833903, 16
384570921.024188, 16
384570951.508996, 16
384570982.944243, 16
384571014.017457, 16
384571045.262394, 16
384571092.473661, 16
384571123.727198, 16
384571155.109458, 16
384571185.737969, 16
384571217.045325, 16
384571248.165424, 16
384571279.835645, 16
384571310.589272, 16
384571341.873325, 16
384571390.882272, 16
384571424.619546, 16
384571452.00197, 16
384571484.966077, 16
384571485.594432, 87
384571670.765078, 73
384571902.389359, 84
384572046.333511, 72
384572229.948666, 32
384572526.224197, 79
384572638.421837, 79
384572846.208561, 78
384572991.661876, 69
384573398.544323, 8
384573557.488276, 8
384573741.274321, 8
384573976.387985, 78
384574088.225812, 69
384574230.078498, 32
384574598.857086, 79
384574718.106455, 82
384574863.608041, 32
384575734.449244, 84
384575893.806274, 87
384576094.325437, 79
384576208.574873, 32
384576510.770261, 67
384576646.412909, 76
384576830.036941, 79
384576862.546634, 83
384576920.227162, 69
384577822.302482, 32
384578006.212811, 70
384578127.779466, 82
384578182.350121, 73
384578325.929744, 69
384578423.798384, 78
384578542.001049, 68
384578679.679125, 83
384578878.530441, 188
384579037.824775, 32
384579206.060619, 84
384579349.995339, 72
384579406.320672, 69
384579549.857572, 32
384580406.305414, 82
384580527.446785, 65
384580631.769593, 78
384580735.526187, 71
384580847.654195, 69
384580959.751132, 32
384581150.242686, 79
384581255.871585, 70
384581367.957426, 32
384581629.857894, 65
384581821.934347, 67
384581998.259192, 84
384582104.540859, 73
384582222.17093, 86
384582365.973321, 73
384582637.897514, 84
384583006.889438, 73
384583181.901256, 69
384583287.631136, 83
384583958.364311, 32
384584126.765775, 89
384584277.80965, 79
384584503.366209, 85
384584606.451725, 32
384584797.83019, 67
384584886.064603, 65
384585018.116886, 78
384585127.42104, 32
384585678.269278, 68
384585799.817901, 79
384585903.479618, 32
384586133.722904, 65
384586255.421611, 82
384586358.218056, 69
384586487.044227, 32
384587182.292695, 83
384587278.31816, 76
384587502.519802, 73
384587592.359642, 71
384587702.320171, 72
384587853.981581, 84
384587959.447357, 76
384588109.786031, 89
384588221.554781, 32
384588479.266768, 76
384588678.462917, 73
384588934.106187, 77
384589093.467933, 73
384589221.56671, 84
384589343.484578, 69
384589597.722717, 68
384590845.941406, 188
384590997.659688, 32
384591229.832704, 66
384591381.878341, 85
384591477.013012, 84
384591575.048936, 32
384591701.787248, 84
384591823.188283, 72
384591911.276218, 69
384592061.51835, 32
384592490.789669, 84
384592591.102376, 73
384592725.636733, 77
384592798.0033, 69
384592919.690355, 32
384593197.525528, 65
384593295.222446, 78
384593397.668787, 68
384593504.354932, 32
384593629.807681, 67
384593743.39131, 79
384593885.488957, 78
384594008.070413, 86
384594127.346969, 69
384594214.045587, 82
384594469.596199, 83
384594647.457948, 65
384594774.976641, 84
384594904.00838, 73
384595239.685261, 79
384595415.703558, 78
384595470.631806, 32
384595958.572653, 89
384596071.62863, 79
384596532.165137, 8
384596698.246264, 8
384597239.994029, 54
384597606.171531, 79
384598022.312026, 8
384598194.384583, 8
384598238.787254, 89
384598351.052585, 79
384598630.02712, 85
384598757.639026, 32
384599088.923523, 72
384599193.484911, 65
384599359.408463, 86
384599527.359675, 69
384599782.172073, 32
384601006.710502, 73
384601174.066926, 83
384601328.466191, 32
384601606.751893, 71
384601694.225067, 69
384601829.870766, 78
384601957.830834, 73
384602221.752026, 85
384602626.630949, 8
384602785.57934, 8
384603343.399965, 85
384603549.690843, 73
384603725.661701, 78
384603822.261147, 69
384603949.510187, 32
384604303.056775, 65
384605277.916179, 78
384605407.52606, 68
384605581.614903, 32
384606165.87001, 69
384606309.38971, 78
384606550.074514, 74
384606688.452242, 79
384606857.321158, 89
384607112.150479, 65
384607230.735705, 66
384607445.549745, 76
384607549.705546, 69
384607877.383034, 190
384608029.454193, 32
384608590.127801, 16
384608893.074441, 87
384609057.712986, 73
384609247.793959, 84
384609383.827214, 72
384609510.178802, 32
384609681.322836, 65
384609822.282508, 32
384610094.056618, 76
384610238.064299, 65
384610342.391822, 82
384610562.977022, 71
384610655.670955, 69
384610824.120968, 32
384611366.029082, 71
384611527.935043, 82
384611646.450083, 79
384611821.75763, 85
384612093.787798, 80
384612261.685468, 32
384612724.280151, 8
384613381.42365, 8
384614214.667285, 80
384614565.680754, 188
384614709.556106, 32
384615213.808671, 83
384615981.9189, 79
384616405.957252, 69
384616875.758465, 8
384617119.146446, 77
384617224.146157, 69
384617365.881772, 84
384617495.757422, 73
384617661.854083, 77
384617726.305314, 69
384617863.947048, 83
384618015.200929, 32
384618261.752881, 73
384618565.424696, 84
384618918.602038, 222
384619094.044411, 83
384619197.883399, 32
384619589.426762, 77
384619837.559728, 79
