new stimulus
382842213.708522, 82
382842407.551583, 69
382842628.20808, 80
382842800.06314, 79
382843370.68557, 82
382843477.64109, 84
382844180.578242, 8
382844593.665456, 84
new stimulus
382875292.069849, 67
382875610.774477, 72
382875852.253257, 65
382876057.186721, 78
382876239.866416, 71
382876371.017919, 69
new stimulus
382905455.489135, 80
382905899.614053, 85
382906589.586001, 76
382906840.10422, 76
new stimulus
382944983.157578, 83
382945267.142866, 69
382945626.685046, 80
382945880.429656, 65
382946055.481422, 82
382946168.880844, 65
382946400.868545, 84
382946591.69328, 73
382946822.609863, 79
382947110.82691, 78
new stimulus
382976618.563587, 68
382976862.158246, 79
382977238.044325, 78
382977421.969357, 65
382977526.789578, 84
382977686.241486, 69
382977974.102048, 68
new stimulus
383013159.982333, 67
383013453.601017, 79
383013950.727782, 76
383014133.798639, 76
383014325.220104, 69
383014462.053992, 67
383014766.000175, 84
383015133.320646, 73
383015341.540977, 79
383015509.26304, 78
new stimulus
383050910.144346, 84
383051117.167612, 65
383051398.601749, 74
383051622.017739, 69
383052229.447646, 61
383052460.67161, 61
383053276.803726, 8
383053625.233864, 8
383053848.715602, 8
383054065.957896, 8
383054430.144912, 74
383054597.001704, 69
383055057.970708, 8
383055297.927564, 8
383055541.4451, 72
383055820.636855, 69
383057674.072752, 8
383057946.103197, 8
383058133.683788, 75
383058316.429232, 69
new stimulus
383078326.232131, 68
383078477.246044, 69
383078788.493356, 67
383078942.388272, 73
383079165.170635, 83
383079333.694441, 73
383079532.355725, 79
383079892.736267, 78
383086553.885427, 8
383086736.789833, 8
383086993.991091, 8
383087128.310725, 8
383087383.206349, 8
383087624.250134, 8
383087863.749248, 8
383088104.293123, 8
383088837.741438, 73
383088942.093652, 82
383089369.224401, 8
383089591.626144, 8
383089741.361986, 79
383089846.03351, 82
383090043.968786, 68
383090172.20017, 69
383090363.851893, 82
new stimulus
383115075.89146, 82
383115199.155645, 69
383115661.60829, 80
383116112.454808, 76
383116301.182528, 65
383116486.719646, 67
383116900.524267, 69
new stimulus
383156472.288001, 68
383156669.515581, 65
383157219.322385, 78
383157395.588972, 71
383157779.220606, 69
383157907.68086, 82
383158138.795521, 79
383158379.051435, 85
383158546.938286, 83
new stimulus
383194828.761643, 65
383195098.401841, 80
383195298.3043, 80
383195476.253992, 69
383195627.100343, 65
383195810.358181, 82
383196242.54407, 83
383205191.840368, 32
383205764.544554, 77
383205884.810944, 65
383206190.972599, 78
383206418.236676, 73
383206971.744536, 70
383207130.254882, 69
383207411.046792, 83
383207594.329044, 84
new stimulus
383225732.001016, 79
383227180.878965, 85
383227330.760174, 84
383227649.791879, 70
383227809.813052, 73
383228033.933132, 84
383228193.694363, 83
new stimulus
383268178.621879, 67
383268315.057947, 79
383268666.642346, 78
383268849.305119, 84
383269002.851041, 69
383272033.689281, 78
383272138.788863, 84
new stimulus
383296218.114778, 80
383296440.973986, 82
383296594.253031, 69
383297106.327164, 83
383297241.282366, 69
383297498.479185, 78
383297681.363339, 84
383297929.076292, 69
383298192.998317, 68
new stimulus
383333466.090725, 69
383334000.398651, 77
383334360.494006, 80
383334560.234452, 76
383334752.374434, 79
383335105.785086, 89
new stimulus
383364273.363446, 76
383364623.988805, 65
383365000.114851, 84
383365549.344346, 8
383365714.085536, 89
383365784.775933, 69
383365895.856405, 82
new stimulus
383402368.597433, 67
383402751.729156, 79
383403039.331995, 76
383403239.382319, 76
383403303.69484, 69
383403455.15318, 67
383403999.026257, 84
383404207.855246, 69
383404392.693544, 68
