new stimulus
383501718.690424, 38
383503587.929806, 40
383504601.221811, 13
383505312.952332, 38
383505857.5897, 39
383507850.580417, 79
383507992.111296, 70
383508645.055495, 8
383508831.744736, 8
383509412.15231, 79
383509575.469227, 70
383509901.117945, 8
383510083.173447, 8
383512154.017535, 73
383512279.895013, 70
383512449.290194, 32
383513338.49269, 78
383513872.775094, 85
383514151.711068, 77
383514310.463324, 32
383514848.056731, 8
383514977.461877, 49
383515282.711099, 16
383515438.481371, 32
383515655.747523, 16
383516173.42581, 16
383516205.472489, 16
383516229.001555, 8
383516419.336367, 8
383516599.285145, 8
383516769.798881, 8
383516969.43474, 8
383517120.08246, 16
383517281.904363, 57
383518287.932968, 78
383518454.294843, 85
383518622.554268, 77
383518925.792754, 49
383519181.956185, 32
383519541.125236, 8
383519638.159121, 16
383519784.287952, 188
383519889.221083, 32
383520446.016365, 78
383520608.714637, 85
383520849.511519, 77
383521026.801784, 50
383521351.181585, 32
383522509.868092, 40
383523263.846012, 17
new stimulus
383537256.777083, 65
383537509.031949, 82
383537615.969992, 69
383538156.068498, 8
383538222.321291, 82
383539790.253861, 16
383540118.564975, 80
383540588.919084, 8
383540670.634969, 16
383540783.581087, 48
383541311.533054, 8
383541518.819868, 16
383541735.217141, 219
383542779.597896, 8
383542911.30396, 16
383543048.331764, 219
383546317.781098, 73
383547428.385517, 38
383548226.860153, 40
383548547.9603, 39
383549093.432423, 16
383549561.692015, 221
383550231.561306, 8
383550461.282766, 16
383550790.398119, 221
383551324.908839, 8
383551439.864585, 16
383551517.165337, 219
383552814.59105, 75
383553667.219933, 8
383554189.992753, 75
383555050.897896, 8
383555494.23522, 76
383556155.077278, 8
383556398.282994, 75
new stimulus
new stimulus
383605204.893792, 40
383607938.511333, 38
383608625.719349, 39
383608833.498582, 39
383609145.248024, 39
383609629.452029, 46
383610820.545861, 13
383611394.622443, 13
383612192.73033, 38
383612887.153197, 70
383613118.638491, 59
383613252.566408, 82
383613390.033922, 32
383614157.042518, 220
383614348.842938, 220
383615003.62837, 8
383615192.876807, 8
383615377.399124, 8
383615569.229505, 8
383615810.689698, 8
383616005.525643, 80
383616125.917149, 82
383616230.192795, 32
383617255.425495, 16
383617646.14187, 16
383617788.485588, 57
383618431.032933, 73
383618596.198297, 78
383618716.267718, 84
383618829.887134, 32
383619188.399255, 73
383619364.686371, 32
383619985.339761, 8
383620397.644097, 32
383620490.867624, 8
383620525.456854, 61
383620716.011383, 32
383621388.859883, 48
383621772.247942, 59
383621948.163315, 32
383622380.58945, 73
383622387.432281, 79
383622914.228795, 8
383623181.138352, 32
383623324.172013, 16
383623412.541529, 190
383623582.935698, 32
383624033.931468, 8
383624209.242899, 8
383624269.946469, 16
383624388.930347, 188
383624396.213167, 190
383624769.902359, 8
383625141.529491, 32
383625436.369376, 51
383625930.400416, 8
383626013.153572, 52
383626171.828428, 48
383626412.546523, 32
383626753.584538, 8
383626933.557173, 59
383627038.882853, 32
383627543.648644, 79
383628009.896666, 8
383628173.775081, 73
383628444.789061, 16
383628740.660946, 61
383628940.332037, 61
383629302.97133, 8
383629521.165728, 8
383629588.127051, 16
new stimulus
383640589.246162, 67
383640750.0344, 65
383641076.206331, 83
383641220.135225, 69
383641459.97501, 32
383641843.880733, 16
383642108.278533, 13
383642857.684855, 8
383643483.986231, 16
383643675.846851, 222
383645484.008702, 67
383645629.730281, 79
383645753.502145, 87
383646574.91633, 40
383647204.487927, 17
383648871.833255, 37
383649445.583036, 16
383649952.461932, 16
383649982.98863, 16
383650003.781783, 59
383650965.659615, 13
383651708.501911, 67
383651853.145161, 79
383652067.54862, 85
383652116.012159, 84
383652307.822012, 32
383652484.137702, 16
383652771.801296, 188
383652939.532237, 188
383653062.507629, 32
383653787.65971, 16
383653886.853029, 222
383654734.485031, 16
383654836.50165, 77
383655139.540115, 79
383655363.826093, 79
383656644.061778, 32
383657229.33002, 8
383657656.674105, 40
383657903.242147, 32
383658347.888892, 17
383658651.713565, 17
383659486.525452, 37
383659981.402067, 37
383660564.392972, 32
383660851.275075, 16
383660971.595007, 190
383661171.402589, 190
383661586.380972, 8
383661717.409022, 16
383661760.444015, 8
383661963.968187, 188
383662139.189735, 188
383662483.657766, 32
383662875.54291, 69
383663075.054485, 77
383663315.475463, 68
383663579.312043, 59
new stimulus
383674308.675632, 82
383674461.073869, 69
383674835.408616, 84
383675066.960768, 85
383675259.238072, 82
383675443.193621, 78
383675564.773314, 32
383676051.282677, 16
383677372.218591, 65
383677507.281987, 71
383677650.948164, 69
383677931.299533, 32
383678227.084586, 16
383678491.530379, 190
383679203.441223, 32
383680075.68173, 54
383680323.36278, 53
383681011.447997, 59
new stimulus
383709676.052141, 17
383710130.991708, 17
383710539.326169, 17
383712979.934795, 88
383713211.588759, 32
383713555.194016, 16
383714067.199626, 16
383714097.809272, 16
383714128.930758, 16
383714160.440908, 16
383714191.515787, 16
383714222.946318, 16
383714253.651951, 16
383714285.407895, 16
383714316.845361, 16
383714363.475435, 16
383714394.288707, 16
383714425.452915, 16
383714456.54111, 16
383714487.923092, 16
383714519.024326, 16
383714550.127779, 16
383714581.793007, 16
383714628.350951, 16
383714659.811443, 16
383714691.809574, 16
383714722.361795, 16
383714753.503809, 16
383714784.170326, 16
383714815.602244, 16
383714847.228078, 16
383714878.201699, 16
383714924.84065, 16
383714955.881129, 16
383714987.249795, 16
383715018.301093, 16
383715049.255572, 16
383715080.589283, 16
383715111.794827, 16
383715142.883577, 16
383715174.436172, 16
383715221.614704, 16
383715252.363615, 16
383715283.598842, 16
383715314.776643, 16
383715346.065968, 16
383715377.650189, 16
383715408.851016, 16
383715439.445127, 16
383715486.271891, 16
383715517.384499, 16
383715549.374862, 16
383715580.521038, 16
383715611.12791, 16
383715642.786202, 16
383715673.789507, 16
383715704.536753, 16
383715735.714832, 16
383715782.806254, 16
383715813.766559, 16
383715845.161857, 16
383715876.351865, 16
383715909.299881, 16
383715939.432088, 16
383715969.947689, 16
383716001.038936, 16
383716032.389015, 16
383716078.866507, 16
383716110.152503, 16
383716141.533098, 16
383716172.582177, 16
383716204.567269, 16
383716235.41938, 16
383716266.296182, 16
383716297.971951, 16
383716344.733799, 16
383716375.258277, 16
383716409.273526, 16
383716438.440591, 16
383716469.223069, 16
383716500.400593, 16
383716531.714053, 16
383716562.357545, 16
383716593.992256, 16
383716640.599581, 16
383716671.622305, 16
383716713.979839, 16
383716734.278353, 16
383716765.384026, 16
383716796.537969, 16
383716829.877702, 16
383716834.256493, 188
383717515.169858, 32
383717965.39135, 90
383719723.618505, 32
383720339.073329, 16
383720855.080995, 16
383720884.947157, 16
383720915.751829, 16
383720939.569688, 55
383721220.209851, 55
383721579.725676, 32
383722475.84563, 89
383722979.457911, 32
383723692.279523, 16
383723826.750073, 188
383724010.341092, 32
383725051.186967, 90
383728730.698254, 17
383729728.587923, 8
383730927.209536, 8
383731086.813469, 8
383731310.943259, 8
383731502.885996, 8
383731810.801775, 90
383732162.237477, 32
new stimulus
383743115.892869, 82
383743218.763108, 69
383743339.574626, 84
383743802.205097, 85
383743890.665329, 82
383744244.955679, 32
383744688.381778, 8
383744693.950976, 220
383745082.347846, 32
383745342.844849, 8
383745511.333422, 8
383745731.680596, 78
383745866.465463, 32
383746194.371267, 49
383746621.242351, 8
383746857.501758, 88
383747109.16045, 32
383747323.24238, 16
383747654.658929, 61
383747899.207634, 32
383748500.257445, 49
383748690.678535, 32
383748983.592295, 8
383749234.861489, 32
383749535.559644, 8
383749696.93185, 59
383750098.821299, 32
383755071.94905, 8
383755831.622671, 8
383756038.319414, 8
383756222.157891, 8
383756737.700602, 8
383756767.694099, 8
383756799.106597, 8
383756830.56709, 8
383756861.416426, 8
383756892.928241, 8
383756924.094114, 8
383756955.006425, 8
383756986.624214, 8
383757032.951345, 8
383757063.981281, 8
383757092.589345, 8
383757124.02265, 8
383757659.186139, 32
383758224.825281, 13
383758562.445764, 67
383758930.305261, 32
383759214.556594, 8
383759389.372277, 8
383759482.733681, 88
383759574.272161, 8
383759778.65356, 32
383760270.815347, 8
383760426.166715, 88
383760576.649093, 8
383760746.321138, 32
383761259.213937, 88
383761430.691706, 8
383762058.657877, 88
383762433.880367, 61
383762937.984513, 32
383763475.656152, 88
383763738.566706, 32
383764018.98521, 16
383764154.961594, 61
383764827.046357, 32
383764977.969277, 49
383765714.444239, 59
new stimulus
383784611.096007, 79
383784833.440879, 70
383785206.339703, 8
383785373.106888, 8
383785442.186587, 82
383785545.255459, 69
383785737.157137, 84
383785905.412955, 85
383786041.478668, 82
383786249.375251, 78
383786369.950131, 32
383789641.872105, 65
383790891.341123, 219
383791294.429858, 8
383791874.115586, 32
383792337.396605, 61
383793049.871443, 61
383793273.281884, 32
383793742.500793, 8
383793919.847374, 66
383794598.685641, 8
383794777.610185, 32
383795129.93363, 66
383795513.978341, 32
383796852.704619, 37
383798602.56258, 59
383800359.359083, 40
383800837.875431, 38
383801181.059287, 38
383801955.906374, 40
383802683.698935, 38
383803564.232624, 39
new stimulus
383816762.41203, 73
383817769.807204, 8
383818898.413659, 66
383819080.984883, 32
383819513.347489, 61
383819728.942465, 32
383820393.316074, 84
383820521.443147, 69
383820659.316249, 77
383820897.039599, 80
383821442.323633, 59
383821656.53484, 13
383822121.521435, 65
383822701.975615, 8
383823049.460307, 32
383823521.72029, 32
383823960.945423, 65
383824113.013253, 32
383824521.44176, 61
383824681.115326, 32
383825609.67756, 66
383827910.135192, 8
383828140.861188, 8
383829353.986575, 32
383830789.885447, 8
383830988.699035, 8
383831181.0149, 8
383831357.169965, 8
383831524.258124, 8
383832036.361664, 8
383832067.42933, 8
383832098.857919, 8
383832131.327941, 8
383832161.47069, 8
383832193.85055, 8
383832373.442011, 8
383832516.877098, 8
383833019.66461, 8
383833050.558334, 8
383833081.908691, 8
383833113.316473, 8
383833141.566943, 8
383833356.94248, 8
383833753.401441, 32
383834089.856485, 65
383834546.296337, 32
383835041.159636, 61
383835232.686797, 32
383835721.056813, 66
383836040.828119, 59
383836304.077124, 13
383837049.907785, 66
383837144.570842, 32
383837408.927307, 84
383837685.425317, 8
383837858.687172, 61
383838008.627194, 32
383838114.380655, 84
383838209.360803, 69
383838328.716701, 77
383838496.569706, 80
new stimulus
383851926.474929, 8
383852469.214747, 8
383852861.46442, 8
383853362.194311, 8
383853393.155448, 8
383853420.782556, 8
383853452.214474, 8
383853483.758469, 8
383853514.959296, 8
383853547.33777, 8
383853578.938914, 8
383853609.830696, 8
383853658.248183, 8
383853689.525301, 8
383853720.622374, 8
383853751.86315, 8
383853791.36881, 8
383853814.491179, 8
383853845.52389, 8
383854093.133643, 8
383854849.344513, 76
383855574.226665, 8
383855792.625521, 59
383856551.959026, 8
383856792.772831, 76
383857574.215845, 8
383857800.842412, 59
383858672.826306, 76
383859174.019765, 8
383859481.067499, 75
383859862.446485, 8
383860060.763492, 8
383860192.724504, 75
383860672.48397, 16
383860784.461894, 61
383861672.72699, 49
new stimulus
383889325.025078, 8
383889834.037331, 8
383889865.313894, 8
383889896.556612, 8
383889927.75411, 8
383889959.018467, 8
383889990.300301, 8
383890021.207341, 8
383890052.360729, 8
383890083.272485, 8
383890130.851889, 8
383890161.531999, 8
383890192.90122, 8
383890224.874106, 8
383890500.400316, 8
383890724.140887, 8
383890924.05472, 8
383891108.206404, 8
383891284.231636, 8
383891492.038889, 8
383893192.529756, 69
383893568.107066, 88
383893696.235527, 65
383894079.929857, 77
383894386.025209, 16
383894506.074656, 173
383895104.160517, 83
383895296.02835, 67
383895472.063291, 79
383895607.614113, 82
383895696.291288, 69
383896257.295303, 32
383899536.342522, 16
383900048.111216, 16
383900078.489494, 16
383900109.826257, 16
383900140.732187, 16
383900172.013744, 16
383900203.240649, 16
383900234.62596, 16
383900265.678923, 16
383900297.239564, 16
383900344.090463, 16
383900375.298503, 16
383900406.231343, 16
383900437.213564, 16
383900469.616173, 16
383900500.167561, 16
383900531.527905, 16
383900562.478499, 16
383900609.592392, 16
383900639.958464, 16
383900671.216995, 16
383900702.332932, 16
383900733.59923, 16
383900764.750677, 16
383900796.496634, 16
383900827.282164, 16
383900858.453862, 16
383900905.303929, 16
383900936.342744, 16
383900967.755797, 16
383900999.245141, 16
383901030.184084, 16
383901061.439008, 16
383901092.793249, 16
383901124.119747, 16
383901155.045652, 16
383901201.681828, 16
383901232.895694, 16
383901263.93645, 16
383901295.612775, 16
383901326.497344, 16
383901358.170894, 16
383901388.873754, 16
383901420.081239, 16
383901466.742106, 16
383901498.225901, 16
383901529.35127, 16
383901560.39064, 16
383901592.031454, 16
383901624.408541, 16
383901654.625638, 16
383901685.709395, 16
383901716.916325, 16
383901763.203508, 16
383901794.7586, 16
383901825.642614, 16
383901855.50295, 188
383902631.912186, 32
383903432.219456, 53
383903618.594658, 48
383904332.888814, 16
383904546.627576, 48
383905939.292269, 17
383906544.681755, 93
new stimulus
383924408.148867, 70
383926144.130578, 70
383926815.933206, 8
383927155.123329, 8
383929119.452717, 83
383929334.962526, 70
383929582.780066, 65
383929951.212157, 68
383930262.88725, 70
383930286.629651, 65
383930815.272392, 32
383933703.499481, 70
383933726.744747, 68
383933990.873727, 65
383944783.843526, 70
383945207.001071, 65
new stimulus
383950911.475683, 70
383951366.776728, 68
383951624.769464, 65
383951625.459684, 68
383952127.575286, 65
383952494.782847, 59
383952550.450141, 70
383963424.309946, 65
383963425.049547, 68
383963542.913482, 83
383963654.932187, 70
383963806.298146, 79
383963822.256708, 73
383963873.933044, 74
new stimulus
