new stimulus
173423410.926369, 73
173424019.741892, 16
173424316.964705, 61
173425805.88739, 61
173426557.756866, 50
173436118.289894, 37
173436440.819959, 37
173436661.496263, 37
173436921.790624, 37
173437286.732384, 8
173437784.193835, 8
173437805.105615, 8
173437839.755602, 8
173437878.245384, 8
173437898.918027, 8
173437936.608556, 8
173437958.324028, 8
173437994.236838, 8
173438026.300976, 8
173438069.097732, 8
173438107.928743, 8
173438132.305799, 8
173438165.984255, 8
173438200.240857, 8
173438332.893434, 8
173438526.864281, 8
173438690.228842, 8
173438866.831695, 8
173439042.769846, 8
new stimulus
173467868.99614, 40
173468632.792259, 40
173469105.481883, 38
173469368.289408, 38
173471040.498871, 40
173471522.226898, 38
173477026.518197, 191
173477205.458884, 191
173478264.045104, 32
173478591.781267, 73
173478712.680868, 83
new stimulus
173491398.083126, 86
173491948.582638, 8
173492104.105038, 66
173492619.989796, 8
173492768.209067, 88
173493806.807321, 32
173493918.980619, 16
173494085.94445, 61
173494597.639861, 61
173495070.384415, 49
173495974.064942, 59
173496753.098455, 37
173496959.470335, 37
173497214.619353, 32
new stimulus
173526566.667101, 73
173526694.85069, 70
173526869.399789, 32
173527519.580294, 16
173527613.875974, 57
173527734.35972, 48
173528097.472437, 37
173529314.022369, 68
173529786.497546, 8
173529973.88545, 70
173530382.209881, 66
173530835.028334, 8
173530959.117177, 69
173531477.344762, 86
173531789.352772, 69
173531901.612347, 82
173532277.15273, 32
173532453.450697, 16
173532606.204428, 190
173535517.575089, 32
173535891.136899, 8
173536398.517568, 8
173536428.990137, 8
173536457.544056, 8
173536488.967349, 8
173536520.530741, 8
173536552.328276, 8
173536585.768703, 8
173536614.960693, 8
173536801.580971, 8
173537009.165739, 8
173538649.42453, 8
173539030.588531, 82
173539141.54034, 69
173540450.600465, 8
173540630.85308, 8
173541437.78968, 70
173541700.985319, 69
173541941.272295, 86
173542141.745909, 69
173542213.132927, 82
173542597.459259, 32
173542838.969111, 61
173543014.725828, 32
173543485.524822, 68
173544114.075579, 8
173544326.873658, 71
173544987.773187, 8
173545117.841857, 70
173545670.169579, 65
173546053.825938, 76
new stimulus
173559097.796743, 37
173559656.886899, 37
173559967.028138, 37
173560481.646742, 37
173560511.987535, 37
173560543.669108, 37
173560575.997629, 37
173560606.711277, 37
173560637.646031, 37
173560675.147082, 37
173560700.559199, 37
173560730.95076, 37
173560778.778561, 37
173560810.246242, 37
173560966.683302, 37
173561166.652286, 37
173561666.807227, 37
173561698.914365, 37
173561728.817109, 37
173561762.190123, 37
173561798.16896, 37
173561824.269638, 37
173562229.87478, 39
173562417.40195, 39
173563045.68333, 73
173564189.049383, 32
173564948.914711, 61
173565295.304163, 32
173565510.905036, 173
173565969.957435, 8
173566125.177723, 48
173566765.084465, 59
173567261.223169, 32
173567580.871376, 73
173568805.301475, 32
173568940.501894, 16
173569012.698984, 188
173570956.789608, 32
173571228.318998, 48
173571898.407848, 8
173572069.331044, 54
173572683.128508, 8
173572998.020595, 57
173573573.080816, 56
173574113.997068, 8
173574229.442556, 55
173574561.591391, 8
173574654.126552, 54
173575453.12112, 76
173576115.166679, 8
173576316.97275, 59
173576652.352717, 32
173577172.660966, 16
173577461.245973, 79
173578347.482771, 8
173578613.394369, 73
173579156.457589, 16
173579412.808676, 61
173579788.536319, 61
173581444.911376, 59
173582258.18429, 8
new stimulus
173596636.326058, 82
173596712.878115, 69
173597463.870938, 84
173597708.870479, 73
173597900.241606, 82
173598292.809309, 78
173598874.679681, 8
173599057.139187, 8
173599379.089995, 8
173600346.404155, 8
173600537.863779, 8
173600761.0563, 8
173601917.22759, 79
173602530.199446, 8
173602852.859067, 73
173602988.532491, 70
173603140.13076, 32
173604012.691493, 73
173604156.520286, 78
173604402.398422, 8
173604575.814808, 8
173604812.890904, 78
173604934.683526, 85
173605236.610304, 77
173606076.676619, 49
173606516.244851, 32
173606589.718081, 16
173606700.323113, 188
173606940.299931, 32
173607484.399322, 78
173607652.120792, 85
173607924.411706, 77
173608372.234347, 50
173609020.575822, 32
173609876.817771, 82
173610020.627977, 69
173610460.308565, 84
173610748.218605, 85
173610924.262175, 82
173611076.103188, 78
173612036.611636, 32
173612372.292605, 78
173612740.624459, 85
173613060.413874, 77
173613460.368488, 49
173614020.306168, 32
173614292.565455, 69
173614446.163658, 76
173614509.440803, 83
173614588.391449, 69
173614773.741136, 32
173615221.07163, 82
173615316.341338, 69
173615844.717014, 84
173616012.869043, 85
173616172.022896, 82
173616316.099149, 78
173616564.305686, 32
173616972.5566, 78
173617141.826362, 85
173617404.351749, 77
new stimulus
173634766.003008, 73
173635636.784359, 32
173635775.111599, 61
173635952.442962, 32
173636159.080058, 48
173636997.089567, 59
173637724.431625, 32
173638457.650031, 8
173639432.992224, 8
173639617.027486, 8
173639792.538961, 8
173639953.089355, 8
173640137.810958, 8
173640632.571708, 8
173642677.42527, 67
173642852.017369, 79
173643028.421311, 85
173643315.856405, 78
173643460.161254, 84
173643824.198063, 32
173644132.074707, 173
173644777.866121, 8
173645060.636644, 61
173645508.361355, 32
173645668.01096, 48
173646252.150643, 76
173646785.389523, 8
173647044.774773, 59
173647260.406717, 32
173647972.831802, 67
173648101.364388, 79
173648220.237977, 85
173650300.50721, 78
new stimulus
173668839.812196, 67
173669251.925931, 8
173669376.48972, 88
173670141.626618, 53
173670458.123313, 8
173670719.087925, 16
173670796.86591, 55
173671537.448201, 8
173671669.70351, 56
173671765.588263, 16
173672175.174408, 8
173672388.234928, 16
173672686.207058, 52
173673193.411564, 8
173673355.873672, 16
173673444.415345, 53
173674741.060012, 51
173675927.717742, 37
173676151.781644, 37
173676328.082662, 37
173676589.131888, 16
173676684.235698, 49
173688119.839017, 37
new stimulus
173699540.61192, 67
173700475.930465, 65
173700851.695005, 83
173700956.077188, 69
173701291.770919, 32
173701540.07067, 16
173701936.669589, 222
173702147.705763, 222
173702838.600695, 37
173705132.484182, 67
173705427.803881, 79
173705604.379824, 87
173705902.885159, 39
173708212.956209, 16
173708340.987494, 59
173709357.962381, 13
173710356.189378, 67
173710515.682239, 79
173710619.881601, 85
173710803.64166, 84
173711124.988244, 32
173711243.939234, 16
173711363.410113, 188
173711539.688105, 188
173711716.493754, 32
173712061.039183, 16
173712356.494542, 59
173712627.812259, 59
173713041.415472, 8
173713200.886973, 8
173713388.176947, 16
173713491.917453, 222
173713683.684184, 222
173713973.735088, 37
173714580.267983, 16
173714796.5097, 77
173715052.765632, 79
173715212.475992, 79
173715444.956595, 16
173715547.934747, 49
173715927.7932, 39
173716356.783338, 32
173716467.915471, 16
173716611.717632, 188
173716795.99536, 188
173717515.924984, 32
173717723.583823, 69
173717803.851391, 78
173717947.572267, 68
173718364.353347, 76
173718707.618197, 59
173719740.776487, 13
173720463.104699, 66
173720845.019959, 82
173720915.797758, 69
173720987.850033, 65
173721183.362236, 75
173721724.244642, 59
new stimulus
173739365.648352, 66
173740664.552342, 8
173740899.96252, 65
173741876.017409, 32
173742059.654016, 173
173742483.66138, 32
173742728.177374, 8
173742903.810915, 8
173743075.922587, 61
173743323.465253, 32
173743692.477623, 66
173744660.439008, 76
173744948.693606, 76
173745216.68143, 8
173745415.459719, 8
173745659.846158, 59
173746019.983804, 13
173746660.257575, 32
173746905.586693, 32
173747117.561939, 32
173747507.437263, 66
173748104.781947, 8
173748295.704761, 8
173748868.107558, 66
173749451.725411, 32
173749747.829937, 61
173749899.156332, 32
173750331.578455, 84
173750467.874135, 69
173750587.317827, 77
173750716.157519, 80
173751259.513418, 76
173751976.624436, 8
173752195.913631, 59
new stimulus
173777422.697378, 85
173777563.899541, 70
173777976.188052, 8
173778167.211846, 8
173778683.938302, 73
173779739.307538, 71
173780407.984588, 8
173780556.034909, 70
173781462.659992, 32
173782715.351331, 65
173783156.72003, 219
173783612.055254, 48
173784328.27769, 39
173785099.867974, 32
173785539.214269, 61
173785698.949042, 61
173786416.961404, 32
173786867.359074, 66
new stimulus
173807732.248817, 76
173808450.836829, 8
173808739.449023, 59
173809208.815134, 8
173809483.28686, 75
173810051.021758, 16
173810467.074051, 61
173811035.08748, 49
new stimulus
173845100.350688, 88
173846123.06793, 219
173846723.590482, 73
173847664.488812, 39
173848347.853406, 74
173848864.636456, 8
173849187.24087, 80
173849194.962352, 219
173849687.627458, 8
173849864.027793, 8
173850267.634387, 219
173850743.897205, 8
173851467.208323, 219
173851834.880191, 74
173852367.442439, 39
173853706.788151, 16
173853971.542623, 190
173855235.025116, 77
173855362.467711, 65
173855467.446074, 88
new stimulus
173873156.211238, 82
173873258.67283, 69
173873554.462482, 84
173873714.481058, 73
173874397.05611, 8
173874739.120833, 85
173874978.593299, 82
173875123.851369, 78
173876770.961924, 32
173877042.315984, 65
173877210.357876, 71
173877562.515483, 69
173878026.598095, 16
173878234.51244, 32
173878490.317007, 16
173878593.968738, 190
173879010.918768, 32
173879523.208694, 54
173880075.01514, 53
173881285.413243, 37
173881540.442415, 37
173881724.261842, 37
173882138.855174, 61
173883421.626252, 39
173883612.12239, 39
173884332.551373, 39
173884907.096422, 76
173885552.236172, 8
173885771.100635, 59
173889526.252011, 37
173889906.392048, 16
173890267.211319, 48
173890527.733166, 37
173891030.423464, 37
173891058.662233, 37
173891089.621122, 37
173891121.252204, 37
173891152.231622, 37
173891183.201331, 37
173891223.401696, 37
173891245.631785, 37
173891572.123156, 37
173891955.215793, 16
173892019.38596, 57
173893048.731363, 46
new stimulus
173915164.307517, 84
173916068.405565, 8
173916203.599326, 89
173917346.296793, 32
173917482.635751, 16
173917554.238048, 190
173917755.338636, 32
173918196.209086, 90
173919058.462211, 32
173919282.110813, 16
173919578.403154, 54
173919756.069642, 54
173920223.879694, 8
173920478.576515, 8
173920810.117518, 16
173921722.012784, 8
173921847.341979, 8
173922063.042723, 8
173923636.169314, 88
173923644.599054, 90
173924119.977173, 8
173924319.051749, 8
173924947.33202, 88
173925375.170302, 37
173925562.652529, 32
new stimulus
173943227.371048, 88
173946306.72562, 50
173947402.20173, 219
173948058.654187, 85
173948792.097028, 8
173948907.805512, 89
173949262.519284, 39
173949598.525946, 37
173950047.197775, 8
173950458.779693, 84
173950991.001822, 8
173951236.612524, 85
173951713.381358, 8
173951828.082801, 73
173952430.875496, 39
173953122.434576, 32
173953281.860856, 61
173953425.643875, 32
173957682.208854, 88
173958289.985432, 49
173958938.389605, 219
173959818.803873, 73
173960775.24393, 39
173961218.378142, 59
173964039.057387, 37
new stimulus
173980506.859116, 70
173980810.051769, 65
173981433.876645, 59
173982063.062143, 8
173982361.825757, 76
173982649.587654, 83
173982753.736247, 69
173988235.284228, 220
173988446.9102, 8
173988622.034117, 8
173988790.3182, 8
173988965.839662, 8
173989141.613579, 8
173989333.87745, 8
173992986.714823, 69
173993250.089399, 88
173994001.783822, 65
173994162.995589, 77
173994626.854044, 16
173994818.304514, 173
173995289.656132, 83
173995481.817079, 67
173995649.547427, 79
173995755.326707, 82
173995857.774427, 69
173996329.774103, 32
173996473.633413, 16
173996577.307615, 188
173997689.964459, 32
173997945.52101, 53
173998177.556074, 48
