new stimulus
172746848.158432, 16
172747305.522442, 68
172747827.332098, 61
172748063.189757, 8
172748319.984997, 8
172748731.283112, 16
172749148.72612, 67
172749443.466563, 73
172749700.737858, 84
172749801.221432, 73
172749876.490691, 69
172749987.528779, 83
172750060.773135, 32
172750458.780248, 83
172750589.619318, 72
172750692.681806, 79
172750795.269347, 85
172750932.113768, 76
172751066.126822, 68
172751195.872573, 32
172751430.74483, 83
172751634.46428, 84
172752466.898165, 82
172752713.96006, 73
172753002.50179, 66
172753098.264754, 69
172753402.515217, 32
172753695.113408, 8
172753871.184721, 8
172754006.013118, 8
172754291.163365, 86
172754403.014299, 69
172754595.661289, 32
172754810.339456, 84
172754882.2164, 79
172755027.500271, 32
172755876.470717, 80
172755995.930776, 82
172756074.545465, 69
172756522.398899, 83
172756842.066526, 69
172757194.477141, 82
172758210.499639, 86
172758426.169312, 69
172758802.585515, 32
172758939.074837, 84
172759099.788632, 72
172759387.290584, 69
172759538.415849, 73
172759674.424953, 82
172759796.010896, 32
172760146.588585, 72
172760271.304678, 69
172760398.96394, 82
172760551.704632, 73
172760987.797045, 84
172761127.038114, 65
172761310.640597, 71
172761445.104184, 69
172761812.763568, 190
172761897.812778, 32
172762063.342616, 16
172762485.748979, 73
172764014.1241, 84
172764216.690307, 32
172764447.952196, 73
172764542.372161, 83
172764682.870783, 32
172764955.153651, 73
172765076.367016, 77
172765243.536972, 80
172765332.825743, 79
172765484.058648, 82
172765707.710301, 84
172765787.131178, 65
172765868.831907, 78
172765973.186625, 84
172766283.623595, 188
172766388.906011, 32
172766740.540955, 69
172766984.990646, 86
172767122.532506, 69
172767218.448607, 78
172767330.099242, 32
172767602.277244, 73
172767722.825907, 78
172767842.012983, 32
172768514.857742, 67
172768521.573015, 86
172768919.96824, 8
172769267.852718, 65
172769435.832191, 83
172769578.500529, 69
172770026.376435, 83
172770241.901848, 32
172770490.965619, 79
172770698.573413, 70
172770704.472511, 71
172770787.497097, 32
172771151.529745, 8
172771326.426731, 8
172771659.276611, 32
172772795.773422, 66
172773082.022538, 65
172773770.600998, 68
172773998.695839, 32
172774546.866118, 72
172774650.478455, 73
172774745.943746, 83
172775034.248557, 84
172775130.201555, 79
172775330.198281, 82
172775450.894255, 89
172775698.846119, 188
172775818.772247, 32
172776306.334733, 84
172776435.662132, 79
172776554.364552, 32
172777202.350928, 76
172777347.658379, 69
172777410.400655, 65
172778534.615447, 82
172778667.420884, 78
172778794.771652, 32
172779129.984056, 65
172779696.426168, 8
172780723.802987, 70
172780937.441932, 82
172781010.859677, 79
172781130.115554, 77
172781242.137934, 32
172781860.062048, 77
172782002.653817, 73
172782148.321362, 83
172782411.087274, 84
172782506.697379, 65
172782826.806383, 75
172783034.143414, 69
172783114.651506, 83
172783418.342964, 188
172783538.367022, 32
172787490.397736, 67
172787681.724198, 72
172787937.974027, 69
172788010.083173, 82
172788361.718117, 73
172788523.594033, 83
172789297.984891, 72
172791034.032168, 32
172793618.105824, 73
172793739.462062, 84
172793913.876612, 32
172794223.050203, 8
172796115.249073, 222
172796508.809946, 83
172796660.130238, 32
172797594.916688, 80
172797858.392801, 65
172798003.163163, 83
172798883.637077, 84
172799371.833472, 188
172799507.033336, 32
172799793.646429, 65
172800145.753823, 68
172800337.635128, 78
172800474.079784, 32
172800769.962373, 82
172800866.038269, 69
172801319.260371, 8
172801493.290414, 8
172801669.464095, 8
172801832.73572, 8
172802100.074931, 8
172802556.150594, 78
172802721.694581, 71
new stimulus
172813397.344351, 16
172813995.064665, 16
172814501.468532, 16
172814531.839842, 16
172814563.217083, 16
172814595.615791, 16
172814627.858589, 16
172814657.106063, 16
172814687.91126, 16
172814720.837347, 16
172814752.186569, 16
172814801.387053, 16
172814828.174905, 16
172814859.26557, 16
172814890.526016, 16
172814921.749288, 16
172814953.927724, 16
172814983.94643, 16
172815017.895927, 16
172815063.132885, 16
172815093.375194, 16
172815125.207962, 16
172815156.154367, 16
172815186.915454, 16
172815218.129572, 16
172815249.363941, 16
172815266.004812, 84
172815513.777461, 79
172815649.682809, 85
172815873.609665, 82
172816001.822938, 83
172816153.737468, 32
172816513.701725, 65
172816601.742098, 82
172816713.565289, 69
172816818.160809, 32
172817049.598584, 78
172817195.102173, 84
172817201.094762, 79
172817369.607439, 32
172817467.311524, 84
172817562.130144, 72
172817625.430315, 69
172817745.451322, 32
172817991.818552, 8
172818722.306573, 32
172819180.759187, 66
172819326.306885, 69
172819387.638749, 83
172819491.53683, 84
172819619.75482, 32
172820147.32403, 87
172820281.76043, 65
172820466.878469, 73
172820489.997972, 89
172821039.240208, 8
172821189.100984, 8
172821538.93324, 85
172821545.373033, 89
172822030.342457, 8
172822570.478044, 32
172822841.313603, 84
172822977.588754, 79
172823097.507392, 32
172823905.7365, 69
172824473.93386, 88
172824745.496542, 80
172824897.377226, 69
172825009.521949, 82
172825233.347824, 73
172825391.914096, 69
172825476.41845, 78
172825603.660747, 67
172825723.389073, 69
172827394.480248, 32
172828146.602733, 84
172828330.008525, 82
172828466.167991, 65
172828802.258158, 86
172828808.054887, 66
172829253.975801, 8
172829536.010047, 69
172829696.661145, 76
172830071.122634, 188
172830593.904099, 8
172830883.412088, 190
172831066.669181, 32
172831290.228454, 16
172831586.185668, 84
172832070.342246, 8
172832297.623132, 16
172832531.101622, 71
172832691.280548, 16
172833114.647068, 82
172833239.675815, 79
172833321.921956, 85
172833418.682806, 80
172833529.515047, 32
172834091.954794, 84
172834257.697415, 79
172834370.175877, 85
172834697.468165, 82
172834897.332283, 32
172835450.46758, 71
172835722.295754, 85
172835858.940709, 73
172835993.419831, 68
172836113.780679, 69
172836273.37591, 83
172836434.94888, 32
172836961.847562, 79
172837145.304122, 66
172837422.23769, 8
172837561.662688, 70
172837817.470861, 84
172838081.147549, 69
172838217.84133, 78
172838346.192482, 32
172840329.89173, 68
172840483.24386, 79
172840617.669162, 32
172841009.593801, 78
172841105.457747, 79
172841257.051854, 84
172841417.201928, 32
172842921.69963, 80
172843105.894964, 82
172843586.092732, 79
172843899.013182, 66
172844081.834446, 73
172844469.802495, 8
172844629.129458, 8
172844994.258755, 86
172845281.602299, 73
172845462.557346, 68
172845465.01031, 70
172845602.842353, 69
172845841.117743, 32
172846081.304293, 84
172846177.436783, 72
172846290.410997, 69
172846401.454911, 32
172847018.02798, 84
172847385.773642, 82
172847578.738279, 85
172847713.220731, 69
172847841.56245, 32
172848306.403811, 67
172848490.591377, 72
172848587.232381, 65
172848682.995068, 82
172848841.876214, 65
172849161.470324, 67
172849185.744457, 86
172849711.469644, 8
172849890.380092, 84
172850057.30453, 69
172850129.503561, 82
172850241.498199, 32
172850815.303642, 79
172850946.112474, 70
172851105.530709, 32
172851385.317283, 65
172851561.157781, 32
172852161.426214, 76
172852498.455731, 73
172852500.58744, 79
172853022.660924, 8
172853188.914001, 8
172853426.107169, 79
172853641.296347, 67
172853873.151642, 65
172853945.386461, 84
172854001.459516, 73
172854081.738735, 79
172854185.24593, 78
172855233.602497, 65
172855425.084592, 78
172855515.077182, 68
172855870.2573, 8
172856036.81138, 8
172856173.132583, 8
172856385.653241, 32
172856513.190437, 65
172856657.099959, 78
172856754.943032, 68
172856867.167376, 32
172857185.109993, 87
172857265.421394, 73
172857465.168718, 76
172857617.96961, 76
172857778.959718, 32
172858089.072936, 79
172858265.149798, 70
172858592.998316, 84
172858793.213374, 69
172858913.544538, 78
172859041.394943, 32
172859409.337852, 76
172859506.944839, 69
172859609.313217, 65
172859817.408441, 86
172859969.403978, 69
172860145.061655, 32
172860338.026848, 79
172860466.186856, 85
172860601.13926, 84
172860729.147241, 32
172860827.645307, 84
172860946.344398, 72
172861027.812925, 69
172861089.582838, 32
172861601.458295, 73
172861738.560718, 77
172861914.602625, 80
172861990.958545, 79
172862204.841066, 82
172862442.692001, 84
172862554.206977, 65
172862706.072125, 78
172862897.139198, 84
172863090.477245, 32
172863985.640923, 83
172864296.938455, 85
172864513.030642, 66
172864873.275927, 84
172865021.770123, 76
172865881.39107, 84
172866136.90684, 73
172866258.550487, 69
172866353.188783, 83
172866482.439891, 32
172866937.114574, 79
172867074.671969, 70
172867281.090179, 32
172867432.97003, 84
172867569.093432, 72
172867673.062811, 69
172867761.279347, 32
new stimulus
172881337.71891, 16
172882441.311827, 16
172882953.76571, 16
172882984.081535, 16
172883015.118102, 16
172883046.850721, 16
172883077.385709, 16
172883108.901384, 16
172883140.143798, 16
172883171.05941, 16
172883202.238572, 16
172883248.831291, 16
172883280.207422, 16
172883311.47203, 16
172883353.664007, 16
172883374.227622, 16
172883405.333823, 16
172883436.401739, 16
172883467.685211, 16
172883514.444938, 16
172883549.564322, 16
172883581.096365, 16
172883609.201693, 16
172883639.267284, 16
172883670.3438, 16
172883701.480794, 16
172883732.515142, 16
172883763.725098, 16
172883810.655994, 16
172883841.806582, 16
172883873.830771, 16
172883904.647897, 16
172883937.015257, 16
172883967.765802, 16
172883998.179003, 16
172884029.63087, 16
172884060.353951, 16
172884107.157233, 16
172884138.190749, 16
172884169.702817, 16
172884200.785714, 16
172884232.322472, 16
172884263.452808, 16
172884294.153418, 16
172884325.343122, 16
172884373.075212, 16
172884403.536129, 16
172884435.317019, 16
172884466.239011, 16
172884497.34105, 16
172884528.494412, 16
172884559.373681, 16
172884590.478216, 16
172884621.523106, 16
172884668.661514, 16
172884700.656296, 16
172884731.209872, 16
172884762.399021, 16
172884793.507718, 16
172884824.623351, 16
172884855.774771, 16
172884887.045759, 16
172884905.138379, 73
172885162.990041, 32
172885473.923318, 84
172885545.352782, 72
172885624.653534, 73
172885753.248817, 78
172885841.278925, 75
172885960.757572, 32
172886089.936273, 84
172886193.269801, 72
172886274.461461, 65
172886321.125478, 84
172886394.693308, 32
172886945.410041, 83
172887200.79903, 84
172887369.005711, 85
172887730.118772, 68
172887906.380674, 69
172888953.29437, 78
172889224.903103, 84
172889480.659398, 83
172889696.840082, 32
172890008.955454, 83
172890081.135343, 72
172890219.061432, 79
172890288.69653, 85
172890410.937744, 76
172890508.574692, 68
172890642.223768, 32
172890889.489568, 66
172890982.727716, 69
172891101.06283, 32
172891953.517417, 82
172892370.820882, 69
172892601.49547, 81
172892817.351292, 85
172892922.601251, 73
172893105.386172, 82
172893217.321997, 69
172893345.833776, 83
172893718.695096, 8
172893905.533982, 68
172894034.381719, 32
172894264.796085, 84
172894361.329172, 79
172894486.284126, 32
172895027.278056, 71
172895562.962132, 79
172895714.570943, 32
172895873.467625, 84
172895979.191698, 79
172896081.341745, 32
172896465.580412, 67
172896619.046284, 76
172896722.70828, 69
172897120.18302, 65
172897406.011842, 8
172897564.463817, 8
172897729.294552, 65
172898048.850932, 83
172898248.865968, 83
172898545.116696, 69
172898681.149935, 83
172899305.176497, 190
172899456.860489, 32
172899658.145007, 16
172899785.135405, 73
172900017.518078, 70
172900193.427377, 32
172900504.700219, 65
172900635.24328, 78
172900730.609254, 89
172900985.857589, 84
172901090.550762, 72
172901169.098315, 73
172901289.188677, 78
172901434.261429, 71
172901602.884243, 188
172901730.345148, 32
172902192.855888, 73
172902304.802532, 84
172902450.301959, 32
172902843.926362, 72
172902986.233773, 69
172903122.250368, 76
172903464.870489, 80
172903624.749522, 83
172903776.939254, 32
172905088.973897, 83
172905345.070311, 84
172905496.991221, 85
172905680.582608, 68
172905817.244208, 69
172905920.733092, 78
172906072.787165, 84
172906160.920751, 83
172906322.405502, 32
172906905.022694, 83
172907312.676596, 84
172907568.731119, 65
172907682.363378, 89
172907818.14888, 32
172908064.703648, 79
172908144.952906, 78
172908259.71233, 32
172908407.26024, 65
172908502.363495, 32
172909480.80116, 82
172909626.263413, 69
172910033.884857, 81
172910822.605939, 8
172911546.70771, 71
172912041.248187, 85
172912713.170518, 76
172912888.899492, 65
172912977.32881, 82
172913170.149189, 32
172913624.813884, 67
172913957.067584, 8
172914121.200604, 83
172914280.618284, 72
172914816.852765, 68
172915165.178344, 8
172915321.010902, 69
172915472.708211, 68
172915561.643269, 85
172915714.267444, 76
172915850.378639, 69
172916464.658816, 188
172917000.843917, 32
172917152.37394, 65
172917264.533366, 78
172917376.80071, 68
172917497.149629, 32
172919072.771075, 72
172919288.561981, 69
172919441.022477, 76
172919640.382797, 80
172920104.82467, 83
172920248.389913, 32
172920672.797041, 72
172921237.518861, 8
172921497.03977, 75
172921768.541973, 69
172921944.780849, 69
172922040.866732, 80
172922168.651111, 32
172922360.551004, 84
172922506.126722, 72
172922825.033658, 69
172922952.6649, 77
172923088.423492, 32
172923848.674159, 85
172924520.945486, 80
172924658.450171, 32
172924808.601963, 84
172924880.984647, 79
172924992.444971, 32
172925649.143224, 68
172925816.840559, 65
172925952.837456, 84
172926040.456148, 69
172926138.057031, 32
172926296.566988, 84
172926344.854476, 79
172926637.240995, 8
172926796.369879, 8
172927097.237738, 79
172927209.20186, 78
172927296.711802, 32
172927423.685554, 84
172927514.503751, 72
172927584.676494, 69
172927664.472722, 32
172927952.577512, 77
172928082.440335, 65
172928240.536378, 84
172928437.746957, 69
172928480.618062, 82
172928809.138497, 73
172928920.712563, 65
172929072.417917, 76
172929376.755768, 190
172930040.73246, 32
172930392.363242, 16
172930728.754689, 83
172930936.62326, 84
172931040.774905, 85
172931208.68641, 68
172931328.893289, 69
172931457.852272, 78
172931569.975079, 84
172931648.777859, 83
172931800.345057, 32
172932072.379078, 79
172932232.641508, 70
172932529.240122, 84
172932674.029072, 69
172932825.863981, 78
172932944.765868, 32
new stimulus
172943786.774968, 16
172944292.182613, 16
172944322.851596, 16
172944354.265457, 16
172944385.762822, 16
172944416.791622, 16
172944447.602645, 16
172944478.676664, 16
172944509.912143, 16
172944541.193951, 16
172944587.908735, 16
172944618.996903, 16
172944649.921115, 16
172944681.435125, 16
172944713.110872, 16
172944744.00207, 16
172944775.413157, 16
172944806.987645, 16
172944856.639772, 16
172944887.342601, 16
172944917.193467, 16
172944946.949733, 16
172944978.462911, 16
172945008.90746, 16
172945040.026976, 16
172945071.413372, 16
172945102.666051, 16
172945149.294003, 16
172945183.081485, 16
172945212.005207, 16
172945243.460404, 16
172945274.187923, 16
172945305.489428, 16
172945337.073626, 16
172945367.991735, 16
172945399.128174, 16
172945446.400576, 16
172945477.489576, 16
172945508.210715, 16
172945539.351038, 16
172945570.518825, 16
172945601.754859, 16
172945633.979624, 16
172945664.238023, 16
172945710.902872, 16
172945742.12337, 16
172945774.263243, 16
172945804.963575, 16
172945835.792076, 16
172945867.081097, 16
172945898.192291, 16
172945929.119277, 16
172945961.104072, 16
172946007.858805, 16
172946017.343303, 68
172946469.063443, 8
172946776.210745, 16
172947287.333279, 16
172947317.64855, 16
172947349.214715, 16
172947381.049148, 16
172947411.321973, 16
172947443.20329, 16
172947473.757698, 16
172947504.934363, 16
172947536.478057, 16
172947583.686375, 16
172948280.842718, 16
172948769.364529, 67
172949016.438907, 65
172949137.975469, 82
172949248.696464, 69
172949552.486129, 70
172949816.292373, 85
172949984.247156, 76
172950440.480949, 32
172950912.672046, 80
172951024.672233, 76
172951192.321296, 65
172951369.237636, 78
172951528.713852, 78
172951649.987418, 73
172951760.684832, 78
172951817.89171, 71
172951937.357041, 32
172952080.074204, 79
172952218.606182, 70
172952354.418317, 32
172952704.319374, 70
172952920.286166, 82
172953184.822029, 69
172953328.48104, 69
172953520.438082, 32
172953720.290826, 84
172953818.173293, 73
172953904.445102, 77
172954008.331532, 69
172954129.683053, 32
172954947.616932, 65
172955138.382447, 67
172955378.636688, 84
172955505.834042, 73
172955656.964023, 86
172955873.1411, 73
172956593.079601, 84
172956767.097438, 73
172956845.05852, 69
172956936.922321, 83
172957050.486611, 32
172957432.773893, 79
172957600.289517, 70
172957904.512238, 84
172958032.477773, 69
172958105.96099, 78
172958224.494183, 32
172958648.554257, 68
172958729.954816, 78
172959008.359829, 8
172959158.92054, 8
172959354.635815, 78
172959467.442467, 69
172959761.383658, 71
172959977.061098, 65
172960184.761551, 84
172960312.986476, 69
172960456.511215, 83
172960696.715797, 32
172960855.32618, 84
172960970.290063, 72
172961048.666724, 69
172961201.834091, 32
172961896.877866, 66
172962080.483679, 69
172962272.621045, 78
172962560.201785, 69
172962866.559822, 70
172963024.340991, 73
172963169.448699, 82
172963765.34968, 8
172963976.729579, 84
172964088.508383, 83
172964249.403334, 84
172964720.288884, 32
172965005.267963, 8
172965174.064998, 8
172965385.787513, 32
172965640.174731, 79
172965800.205514, 70
172965888.602651, 32
172966440.805255, 70
172966680.095455, 82
172966920.638769, 69
172967080.384917, 69
172967208.314942, 32
172967343.747841, 84
172967449.803987, 73
172967544.607349, 77
172967562.154557, 69
172967816.299586, 16
172968200.534924, 76
172968716.892132, 8
172968928.276469, 16
172969032.980462, 59
172970512.625051, 32
172971816.654686, 70
172972112.606075, 82
172972424.128319, 69
172972568.285857, 69
172972729.082324, 32
172972904.129951, 84
172972992.603379, 73
172973088.496731, 77
172973192.233631, 69
172973304.242417, 32
172973424.226527, 73
172973528.185919, 83
172973656.46827, 32
172973952.047914, 85
172974096.258439, 83
172974316.797975, 8
172974468.706678, 8
172974633.752138, 83
172974729.971461, 73
172975104.940633, 80
172975461.697893, 8
172975612.278579, 8
172975912.979152, 73
172976361.573858, 219
172976624.97784, 219
172977649.540492, 80
172977816.322335, 79
172978312.563408, 68
172978504.940189, 69
172978585.559527, 83
172978768.127782, 32
172979703.642187, 39
172979900.818921, 39
172980409.881599, 32
172980648.756775, 84
172980722.022493, 79
172980842.097597, 32
172981080.297251, 66
172981217.808872, 69
172981280.236274, 32
172981704.350445, 82
172981824.411955, 69
172982128.244621, 76
172982288.204107, 65
172982616.707063, 88
172983064.651215, 73
172983168.48549, 78
172983288.39414, 71
172984472.56201, 32
172984672.171178, 65
172984816.218024, 78
172984888.572134, 68
172985032.183983, 32
172985768.473727, 66
172985968.198858, 89
172986096.365524, 32
172986744.424306, 67
172987024.129041, 65
172987257.708789, 82
172987416.477857, 69
172987656.275462, 70
172987752.474533, 85
172987952.503995, 76
172988112.161645, 76
172988217.827737, 89
172988472.034353, 32
172988888.457004, 80
172988992.274911, 76
172989113.459425, 65
172989258.262523, 78
172989441.80758, 78
172989569.684063, 73
172989680.412271, 78
172989753.96623, 71
172989904.461747, 32
172990032.064137, 73
172990128.403861, 84
172990544.339914, 188
172990640.462695, 32
172992162.608586, 73
172992275.557, 78
172992394.629224, 32
172992736.761915, 8
172992893.297183, 8
172993067.861263, 84
172993138.933962, 32
172993688.943547, 73
172993785.532118, 78
172993880.708058, 32
172994095.135158, 67
172994351.704021, 8
172994502.30052, 8
172994656.735982, 67
172994877.902768, 82
172994968.761747, 69
172995081.753993, 65
172995288.476812, 83
172995436.51992, 69
172995570.238629, 83
172995730.801507, 32
172996200.661983, 83
172996432.132494, 84
172996648.212474, 82
172996776.458482, 69
new stimulus
173006392.885905, 16
173006776.893757, 73
173007185.898703, 84
173007337.443152, 32
173007625.242223, 73
173007816.45411, 83
173007944.059552, 32
173008239.994018, 77
173008609.51407, 67
173009070.340582, 8
173009320.784804, 85
173009687.936505, 67
173009795.191391, 72
173009898.883349, 32
173010136.437443, 77
173010233.019079, 79
173010297.469163, 82
173010376.778794, 69
173010465.951602, 32
173010696.385665, 73
173010776.508141, 77
173010929.403634, 80
173011016.157879, 79
173011161.393201, 82
173011376.069981, 84
173011448.289819, 65
173011560.137701, 78
173011672.019983, 84
173011776.415482, 32
173012088.069779, 84
173012192.142636, 79
173012304.018815, 32
173012607.924998, 66
173012729.865209, 69
173012872.249189, 32
173013296.259049, 65
173013488.582011, 66
173013711.907139, 76
173013808.041016, 69
173014000.135936, 32
173014088.418221, 84
173014136.32148, 79
173014289.368446, 32
173014832.545963, 87
173014939.191354, 79
173015055.873588, 82
173015144.682974, 75
173015279.979382, 32
173015832.302387, 87
173015937.583139, 73
173016064.027571, 84
173016136.277925, 72
173016257.762332, 32
173016383.839179, 65
173016456.277348, 32
173016944.442672, 71
173017143.922006, 82
173017248.559695, 79
173017311.969725, 85
173017419.48622, 80
173017496.014141, 32
173018056.643157, 79
173018192.011416, 70
173018319.942828, 32
173018954.065048, 80
173019161.722223, 69
173019226.448065, 79
173019331.526577, 80
173019448.811372, 76
173019602.265315, 69
173019744.592701, 190
173020001.394599, 32
173020184.700241, 16
173020688.614802, 16
173020689.390473, 66
173021063.729897, 69
173021382.353308, 8
173021547.94085, 8
173021808.464639, 16
173021920.872635, 86
173022320.109282, 69
173022400.541083, 82
173022481.821795, 89
173022583.904706, 32
173023275.075951, 70
173023674.137821, 69
173023745.899358, 87
173023938.72695, 32
173024455.603213, 84
173024586.254747, 65
173024825.623734, 83
173025025.267025, 75
173025161.17598, 83
173025322.254307, 32
173025689.469816, 73
173025800.637737, 78
173025881.136397, 32
173026660.934206, 84
173026801.688611, 72
173026920.123042, 69
173027032.556006, 32
173027279.955801, 77
173027344.058831, 79
173027663.891523, 83
173028007.633816, 8
173028176.501039, 68
173028351.80639, 69
173028448.904031, 82
173028556.281815, 78
173028833.030342, 32
173029463.147977, 87
173029536.056653, 79
173029665.447027, 82
173029801.42617, 75
173030656.421386, 80
173030760.238738, 76
173030897.198566, 65
173031001.576033, 67
173031104.138606, 69
173031207.991191, 32
173031416.130525, 65
173031512.028871, 82
173031616.145562, 69
173031713.273164, 32
173032442.405979, 65
173032671.65545, 66
173032880.033923, 76
173032969.619535, 69
173033303.736123, 188
173033408.153261, 32
173033631.736946, 79
173033904.006775, 82
173034057.664346, 32
173034288.154171, 65
173034470.35179, 84
173034848.926613, 32
173035064.323857, 76
173035161.339104, 69
173035274.134658, 65
173035384.451727, 83
173035512.483843, 84
173035665.213438, 32
173036192.008919, 69
173036471.9023, 71
173036647.858761, 71
173036807.695903, 73
173037148.957212, 8
173037316.401816, 8
173037460.739956, 8
173037705.484823, 70
173037920.053686, 70
173038128.0876, 73
173038344.364272, 69
173038797.123634, 8
173039104.749212, 67
173039217.472914, 73
173039375.926276, 69
173039478.010574, 78
173039583.71273, 84
173039737.350882, 32
173040190.166283, 8
173041016.701626, 32
173041589.510292, 8
173041849.245648, 188
173041993.548, 32
173042400.207067, 84
173042457.340151, 79
173042649.602912, 32
173043207.740956, 66
173043329.409571, 69
173043423.809007, 32
173044391.881361, 68
173044607.601802, 73
173044711.737911, 66
173044833.221486, 69
173044985.790453, 32
173045340.970571, 8
173045507.207557, 8
173045787.651344, 8
173046003.648374, 8
173046353.275061, 73
173046357.967652, 79
173047240.366873, 78
173047431.831491, 69
173047544.24781, 32
173048112.048735, 65
173048576.018158, 75
173048783.853439, 73
173048953.860588, 66
173048959.806015, 78
173048997.761483, 69
173049695.945396, 32
173050224.127154, 66
173050369.53309, 89
173050487.936727, 32
173050911.764599, 65
173050999.928147, 78
173051144.608625, 32
173051503.750049, 73
173051616.208259, 78
173051967.749434, 68
173052127.872321, 73
173052608.102825, 86
173052613.935064, 66
173053653.545908, 8
173054032.601781, 73
173054038.717268, 79
173055016.080478, 68
173055343.67044, 85
173055473.540199, 65
173055655.792748, 76
173056415.92884, 190
173057039.897975, 32
173057215.870248, 16
173057663.935356, 70
173057871.846095, 79
173057999.549189, 82
173058097.211938, 32
173058519.932619, 69
173058815.726988, 88
173059079.700795, 65
173059319.76944, 77
173059952.065391, 80
173060048.02477, 76
173060231.787048, 69
173060393.108675, 188
173060527.846077, 32
new stimulus
173072840.9868, 16
173073350.970518, 16
173073381.344879, 16
173073412.254388, 16
173073443.990058, 16
173073474.829933, 16
173073505.795758, 16
173073536.785441, 16
173073567.908286, 16
173073599.256398, 16
173073646.08659, 16
173073677.004143, 16
173073708.758678, 16
173073741.082483, 16
173073772.431427, 16
173073802.842408, 16
173073844.438482, 16
173073864.665863, 16
173073911.656405, 16
173073942.633326, 16
173073974.287157, 16
173074005.254924, 16
173074036.11949, 16
173074067.175754, 16
173074098.4104, 16
173074129.555717, 16
173074160.771221, 16
173074207.553142, 16
173074239.125965, 16
173074270.445225, 16
173074301.612458, 16
173074332.414604, 16
173074363.575179, 16
173074394.928285, 16
173074426.058898, 16
173074457.237228, 16
173074504.423907, 16
173074536.52078, 16
173074566.623546, 16
173074597.80465, 16
173074628.776023, 16
173074660.095005, 16
173074687.672677, 84
173074943.89088, 72
173075047.585334, 69
173075161.063346, 32
173075751.732707, 66
173075951.750517, 69
173076319.646819, 70
173076853.547073, 8
173077120.265692, 78
173077271.525506, 69
173077783.735534, 70
173078281.83034, 73
173078520.301313, 84
173078689.194891, 83
173078871.651899, 32
173079095.543246, 79
173079184.068274, 70
173079320.993702, 32
173081088.103069, 77
173081192.431987, 65
173081303.490049, 73
173081408.14799, 78
173081991.874869, 84
173082143.385195, 65
173082231.723519, 73
173082359.577808, 78
173083033.073953, 73
173083130.165213, 78
173083225.520367, 71
173083365.606739, 32
173083473.870053, 65
173083569.922923, 32
173083962.050358, 67
173084051.916721, 76
173084265.477988, 79
173084416.976385, 83
173084513.515298, 69
173084656.994816, 32
173085464.04183, 82
173085703.694065, 69
173086039.791722, 76
173086175.700399, 65
173086239.688854, 84
173086304.955391, 73
173086415.455003, 79
173086495.850462, 78
173086800.355876, 83
173086863.736777, 72
173086959.420399, 73
173087063.334016, 80
173087183.561147, 32
173087855.774216, 87
173087943.696407, 73
173088102.039078, 84
173088177.797986, 72
173088289.176747, 32
173088585.472972, 65
173088729.497347, 32
173089248.145227, 67
173089361.271746, 79
173089464.175548, 85
173089671.651289, 80
173089736.010657, 76
173089883.206796, 69
173089977.067756, 32
173090415.714393, 70
173090927.916376, 73
173091436.707457, 8
173091680.345689, 82
173091801.283297, 73
173091943.646748, 69
173092079.376488, 78
173092207.497103, 68
173092296.962591, 83
173092424.862377, 32
173092591.369295, 65
173092735.379522, 82
173092847.700963, 69
173093032.458631, 32
173093136.895744, 84
173093271.331588, 72
173093295.713361, 65
173093368.815123, 84
173093495.797752, 32
173094399.915219, 89
173094520.859208, 79
173094623.734158, 85
173094711.332875, 32
173095351.520923, 71
173095495.671248, 65
173095640.814466, 73
173095759.478324, 78
173095902.918449, 32
173096071.337636, 65
173096167.819955, 32
173096935.783227, 68
173097551.786749, 69
173097711.590045, 69
173097855.64466, 80
173097991.481762, 69
173098071.787614, 82
173098185.276724, 32
173098559.736826, 65
173098687.335332, 78
173098753.410554, 68
173098895.37424, 32
173099039.346183, 77
173099127.669248, 79
173099199.509851, 82
173099272.087008, 69
173099360.888903, 32
173099511.406337, 73
173099623.465337, 78
173099871.421917, 84
173100332.522521, 8
173101048.221739, 84
173101208.571557, 73
173101480.543158, 77
173101655.994988, 65
173101751.970735, 84
173102279.846219, 69
173102425.216645, 32
173102799.549134, 82
173102896.008426, 69
173103223.37118, 76
173103415.265247, 84
173104032.25001, 8
173104236.167539, 65
173104311.855427, 84
173104375.606132, 73
173104448.971999, 79
173104543.603914, 78
173104783.488906, 83
173104847.725654, 72
173104944.378587, 73
173105039.355338, 80
173105151.26342, 32
173105407.029147, 87
173105535.727354, 73
173105663.40437, 84
173105751.48386, 72
173105855.304818, 32
173106079.254978, 84
173106201.097813, 72
173106303.818794, 69
173106447.251151, 77
173106759.352097, 190
173106931.987541, 32
173107087.017518, 16
173107271.399557, 89
173107495.266212, 79
173107591.501071, 85
173107663.394383, 32
173108423.324906, 71
173108815.353855, 69
173109036.44546, 8
173109203.155451, 8
173109367.810023, 70
173109647.344975, 69
173109783.199833, 69
173109928.750306, 76
173110047.460494, 32
173110359.203843, 77
173110447.597374, 79
173110543.196659, 82
173110631.055043, 69
173110719.227191, 32
173110975.4662, 67
173111495.423233, 79
173111607.833726, 77
173111919.714122, 80
173112235.998034, 8
173112399.706043, 71
173113165.112595, 8
173113351.861597, 70
173113807.479514, 79
173114071.122634, 82
173114439.223673, 84
173114560.800184, 65
173114823.443753, 66
173114927.178156, 76
173115039.26906, 69
173115231.24774, 32
173115735.38618, 83
173115879.146173, 72
173116031.178329, 65
173116135.61239, 82
173116391.301549, 73
173116471.308895, 78
173116552.771874, 71
173116679.019613, 32
173117047.062671, 68
173117327.21988, 69
173117487.302264, 69
173117708.082879, 8
173117882.913839, 8
173118002.789476, 8
173118183.997254, 71
173118503.19798, 69
173118659.086577, 69
173119225.383875, 76
173119423.118226, 73
173119543.294589, 78
173119623.214825, 71
173119807.410991, 83
173119959.412631, 32
173120695.177493, 65
173120831.100041, 78
173120920.662627, 68
173121072.630977, 32
173122327.538916, 79
173122495.251231, 84
173122616.849658, 72
173122704.526886, 69
173122759.402033, 82
173122841.222054, 32
173123103.118526, 80
173123270.98703, 82
173123390.979462, 79
173124071.388404, 66
173124591.085215, 76
173125071.257739, 69
173125184.870301, 77
173125327.272868, 83
173125535.500423, 190
173125687.039323, 32
173125919.173982, 16
173126421.222326, 16
173126451.662159, 16
173126482.669319, 16
173126513.943359, 16
173126545.654617, 16
173126576.429575, 16
173126607.648686, 16
173126638.63504, 16
173126670.106882, 16
173126716.917654, 16
173126747.871272, 16
173126779.844416, 16
173126810.9717, 16
173126841.773846, 16
173126873.22072, 16
173126904.052272, 16
173126935.281925, 16
173126982.155673, 16
173127013.249389, 16
173127044.210497, 16
173127075.586906, 16
173127106.683119, 16
173127137.926088, 16
173127169.467563, 16
173127200.515505, 16
173127231.705486, 16
173127279.019779, 16
173127310.23889, 16
173127341.227186, 16
173127372.355303, 16
173127403.022344, 16
173127434.554941, 16
173127465.503566, 16
173127496.728225, 16
173127528.072731, 16
173127574.795283, 16
173127605.933109, 16
173127637.163317, 16
173127668.316124, 16
173127699.580454, 16
173127731.321673, 16
173127762.101348, 16
173127793.47637, 16
173127840.171457, 16
173127871.762313, 16
173127902.467916, 16
173127933.870958, 16
173127964.786569, 16
new stimulus
173137503.953677, 16
173138011.864499, 16
173138042.830878, 16
173138073.632747, 16
173138105.035511, 16
173138136.348945, 16
173138167.776955, 16
173138198.450654, 16
173138229.584596, 16
173138261.988853, 16
173138308.33966, 16
173138338.743151, 16
173138370.18947, 16
173138401.10952, 16
173138432.479271, 16
173138463.967204, 16
173138495.295619, 16
173138526.291682, 16
173138572.758452, 16
173138603.993098, 16
173138637.222685, 16
173138667.966572, 16
173138697.917033, 16
173138729.201061, 16
173138760.102246, 16
173138791.255331, 16
173138822.321859, 16
173138869.119593, 16
173138900.364227, 16
173138942.669114, 16
173138962.548885, 16
173138994.121708, 16
173139026.063503, 16
173139056.403741, 16
173139087.971294, 16
173139094.820562, 73
173139270.911849, 32
173139439.258074, 84
173139544.884771, 72
173139623.251999, 73
173139751.140689, 78
173139823.486476, 75
173139976.507087, 32
173140104.117245, 84
173140184.330438, 72
173140272.688736, 65
173140335.249023, 84
173140424.626846, 32
173140855.234908, 73
173140970.946998, 84
173141102.901582, 32
173141335.68402, 82
173141415.336267, 69
173141479.272289, 65
173141591.036667, 76
173141759.000881, 76
173141855.339496, 89
173142016.538502, 32
173142471.481451, 68
173142694.912277, 69
173143078.944543, 80
173143310.965458, 69
173143630.889977, 78
173143758.808073, 68
173143855.321741, 83
173144190.723901, 32
173144390.88819, 79
173144511.507596, 78
173144599.223107, 32
173144790.883585, 84
173144921.188619, 72
173144983.032326, 69
173145126.748485, 32
173145494.984906, 85
173145742.938435, 78
173145880.489449, 73
173146190.774669, 66
173146820.334964, 8
173147031.275427, 86
173147286.823933, 69
173147375.16836, 82
173147662.883927, 83
173147806.914406, 73
173148007.171909, 84
173148012.616035, 82
173148022.797138, 89
173148618.589648, 32
173148801.637288, 65
173148920.839345, 78
173148959.368243, 68
173149143.922561, 32
173149273.37591, 84
173149393.09952, 72
173149488.942936, 69
173149599.589027, 32
173149839.477625, 89
173150180.370796, 8
173150343.845493, 84
173150535.216343, 89
173150727.171165, 80
173150903.09267, 69
173151127.103585, 32
173151343.254585, 79
173151456.734539, 70
173151576.847095, 32
173152119.321903, 69
173152336.003888, 68
173152462.956833, 85
173152849.313616, 67
173153024.737427, 65
173153112.552533, 84
173153183.491514, 73
173153233.198571, 79
173153327.782214, 78
173153423.240292, 32
173153472.842483, 84
173153639.233716, 72
173153678.445072, 69
173153879.19278, 32
173154962.022061, 83
173155311.253699, 84
173155455.116338, 85
173155623.031171, 68
173155735.345954, 69
173155814.966852, 78
173155950.810335, 84
173156078.931226, 32
173156351.993372, 83
173156591.075228, 69
173156718.952821, 69
173156879.163928, 75
173157007.57528, 83
173157542.981657, 190
173158687.961751, 32
173158832.595067, 16
173159031.068193, 73
173159287.09109, 78
173159447.162376, 32
173160199.228822, 83
173160312.428026, 79
173160415.139852, 77
173160512.337919, 69
173160648.617787, 32
173161023.070676, 67
173161295.119955, 65
173161503.19576, 83
173161656.500451, 69
173161823.563877, 83
173162014.994372, 188
173162135.175728, 32
173162767.698611, 72
173162855.511775, 65
173163087.286894, 86
173163093.078907, 66
173163177.979697, 73
173163564.543992, 8
173163746.738837, 8
173164087.968797, 73
173164175.646857, 78
173164310.832296, 71
173164416.351908, 32
173164502.703337, 65
173164615.038649, 32
173165073.845252, 76
173165264.716465, 79
173165388.103153, 84
173165504.091555, 32
173165718.92175, 79
173165830.745773, 70
173165967.415973, 32
173166720.536622, 68
173166904.094718, 73
173167327.075621, 66
173167575.107383, 69
173167647.365782, 82
173168028.468195, 8
173168792.820822, 82
173169183.380823, 83
173169326.553236, 73
173169630.831996, 84
173169726.834098, 89
173169918.742036, 32
173170182.770495, 73
173170280.146667, 83
173170406.911521, 32
173171103.243088, 73
173171190.923922, 77
173171359.071236, 80
173171439.42952, 79
173171576.455653, 82
173171807.073091, 84
173171927.080504, 65
173172047.010516, 78
173172222.7664, 84
173173191.177209, 32
173173948.256112, 8
173174239.30629, 77
173174392.605709, 32
173174884.741771, 8
173175050.976538, 8
173175287.351589, 190
173175598.597799, 32
173176175.179679, 83
173176272.432398, 85
173176398.746996, 67
173176500.735029, 74
173176501.773973, 72
173176584.275897, 32
173177228.382528, 8
173177402.268311, 8
173177547.459246, 8
173177776.828841, 74
173177782.053803, 72
173178230.932589, 32
173178486.842853, 65
173178566.959226, 83
173178694.951949, 32
173178894.775841, 73
173179003.40674, 78
173179078.578623, 32
173179487.555827, 70
173180022.965811, 73
173180222.758355, 69
173180366.843486, 76
173180526.736667, 68
173180623.097475, 83
173180734.772801, 32
173181791.056142, 84
173182006.612904, 72
173182150.799293, 65
173182231.111804, 84
173182335.014602, 32
173182958.869994, 82
173183015.332272, 69
173183302.74961, 81
173183470.585379, 85
173183558.908722, 73
173183711.941816, 82
173183839.108654, 69
173184055.950157, 32
173184695.264326, 82
173184816.084029, 69
173185070.978375, 76
173185214.698973, 65
173185278.968179, 84
173185352.291046, 73
173185438.667165, 79
173185527.021302, 78
173185870.886493, 83
173185927.064968, 72
173186039.495991, 73
173186118.586735, 80
173186894.977804, 83
173187134.625323, 32
173187366.721975, 87
173187486.695265, 73
173187600.240691, 84
173187654.944669, 72
173187768.018201, 32
173187870.755827, 79
173187976.067373, 84
173188071.160086, 72
173188158.78821, 69
173188230.844369, 82
173188304.168346, 32
173188614.802563, 80
173188806.722707, 69
173188902.996405, 79
173189019.063041, 80
173189118.700478, 76
173189239.914676, 69
173189430.490989, 190
173189678.436472, 32
173189806.712997, 16
173189998.352391, 79
173190182.383214, 84
173190318.73854, 72
173190400.691168, 69
173190454.901891, 82
173190607.947192, 32
173190838.60125, 70
173190990.479992, 73
173191190.777999, 69
173191646.866978, 76
new stimulus
173203888.84373, 16
173204390.485651, 16
173204420.267717, 16
173204451.530661, 16
173204482.455427, 16
173204513.892869, 16
173204545.196316, 16
173204576.468691, 16
173204607.290812, 16
173204638.40478, 16
173204685.125113, 16
173204716.541748, 16
173204747.571657, 16
173204778.928924, 16
173204809.826225, 16
173204841.712536, 16
173204872.72469, 16
173204903.685798, 16
173204950.381718, 16
173204981.668797, 16
173205013.729883, 16
173205045.066344, 16
173205075.714243, 16
173205107.369738, 16
173205137.723848, 16
173205168.931862, 16
173205199.947345, 16
173205246.771434, 16
173205277.985828, 16
173205309.279011, 16
173205340.261203, 16
173205372.355857, 16
173205403.128042, 16
173205434.046427, 16
173205465.07273, 16
173205496.191136, 16
173205543.246595, 16
173205574.423538, 16
173205605.737804, 16
173205637.234337, 16
173205667.888339, 16
173205699.076379, 16
173205730.485524, 16
173205761.592279, 16
173205809.167348, 16
173205839.397728, 16
173205870.80826, 16
173205913.67992, 16
173205933.41876, 16
173205964.432302, 16
173205995.682206, 16
173206026.838065, 16
173206058.292152, 16
173206104.872109, 16
173206136.548689, 16
173206167.503139, 16
173206198.192929, 16
173206229.588758, 16
173206260.766255, 16
173206293.07286, 16
173206295.060587, 73
173206494.594019, 32
173207159.073954, 66
173207390.391328, 69
173207646.55682, 76
173207941.554433, 73
173208048.314398, 69
173208206.518081, 86
173208295.16462, 69
173208446.649701, 32
173208622.86888, 84
173208686.797134, 72
173208806.593706, 65
173208878.683156, 84
173208960.128934, 32
173209622.725453, 76
173209790.593125, 73
173209910.509266, 70
173210006.620671, 69
173210158.59346, 32
173210726.717858, 82
173210798.863069, 69
173211582.919859, 81
173211710.469816, 85
173211798.893586, 73
173211910.476807, 82
173212046.527247, 69
173212318.822876, 83
173212462.525443, 32
173212761.823094, 65
173212856.985717, 32
173213752.745851, 77
173213905.395826, 73
173214071.098776, 88
173214407.348182, 32
173214806.917735, 79
173214983.047306, 70
173215286.967083, 32
173215486.845072, 84
173215583.981552, 72
173215656.158944, 69
173215800.338399, 32
173216294.618099, 84
173216702.64763, 87
173216985.455605, 79
173217352.451951, 190
173217824.398639, 32
173217999.982522, 16
173218508.216541, 16
173218538.621973, 16
173218569.472113, 16
173218600.822167, 16
173218631.91727, 16
173218663.444597, 16
173218700.856317, 16
173218725.626758, 16
173218757.272821, 16
173218803.798126, 16
173218834.673234, 16
173218865.737266, 16
173218894.252069, 76
173219198.686185, 73
173219406.821081, 70
173219550.61159, 69
173219784.077595, 32
173220430.709597, 78
173220622.484928, 69
173220766.593085, 69
173220982.588451, 68
173221078.948427, 83
173221223.625575, 32
173221974.881117, 83
173222214.601043, 84
173222374.631826, 65
173222940.275518, 66
173223070.550313, 73
173223206.572178, 76
173223406.483459, 73
173223582.601933, 84
173223870.95668, 89
173224086.340886, 32
173224270.127855, 65
173224398.249579, 78
173224503.848811, 68
173224662.388452, 32
173224950.449132, 82
173225095.86561, 79
173225182.443414, 85
173225606.793949, 84
173225774.648028, 73
173225878.807996, 78
173226350.292222, 69
173226606.563412, 32
173228278.926288, 65
173228678.223412, 83
173228838.999627, 32
173229374.573013, 83
173229699.902819, 8
173229831.230984, 65
173229974.339035, 32
173230422.437433, 70
173230510.590717, 79
173230622.261048, 85
173230846.513043, 78
173231334.239208, 68
173231598.587811, 65
173231726.586637, 84
173231839.129183, 73
173231911.577894, 79
173232014.99354, 78
173232710.868749, 190
173232846.727767, 32
173232998.663659, 16
173233174.29609, 70
173233462.864452, 82
173233591.785428, 79
173233670.721649, 77
173233782.888288, 32
173233919.830084, 84
173234007.928993, 72
173234087.71995, 65
173234134.72686, 84
173234198.746941, 32
173234558.378846, 70
173234654.681396, 79
173234743.48773, 85
173234944.699842, 78
173235326.514952, 68
173235494.486934, 65
173235598.695174, 84
173235670.231444, 73
173235727.759022, 79
173235799.001503, 78
173236110.170312, 188
173236288.2435, 32
173238191.098143, 67
173238342.214808, 72
173238486.094092, 65
173238600.02014, 78
173238719.761228, 71
173238822.582636, 69
173239318.043321, 32
173240302.393401, 67
173240566.20991, 65
173240750.21188, 78
173240870.522793, 32
173241422.558667, 66
173241878.505883, 82
173242070.227394, 32
173242516.144979, 8
173242681.738902, 8
173242791.025348, 69
173242927.720516, 32
173243446.33455, 66
173243702.111929, 85
173243839.880442, 73
173243934.440782, 76
173244135.646236, 84
173244326.630082, 32
173244534.114146, 65
173244631.973864, 78
173244742.267906, 68
173244846.590166, 32
173245294.555402, 73
173245406.563356, 77
173245782.365071, 80
173245934.192767, 82
173246062.237923, 79
173246278.186127, 86
173246988.131616, 69
173247198.379357, 68
173247350.422055, 32
173247862.539702, 85
173248023.726224, 80
173248318.201452, 79
173248422.425782, 78
173248718.136368, 190
173254911.145671, 32
173255342.394022, 16
173255853.785656, 16
173255885.373461, 16
173255886.241791, 76
173256894.31976, 73
173257806.321278, 70
173257966.179782, 69
new stimulus
173265991.298109, 87
173266300.156826, 8
173266550.005423, 16
173266670.731358, 69
173266870.08724, 86
173267069.840668, 69
173267158.491646, 82
173267247.631164, 89
173267590.148917, 79
173267678.502776, 78
173268198.73085, 17
173268356.366095, 8
173268831.42296, 16
173269047.247434, 73
173269326.002553, 70
173269501.884387, 32
173269894.125287, 69
173270061.944133, 86
173270262.021589, 69
173270358.285854, 82
173270446.008024, 89
173270621.945897, 79
173270750.165828, 78
173270855.583627, 69
173270975.744454, 32
173271134.108764, 76
173271294.024139, 73
173271462.0566, 86
173271621.864335, 69
173271813.916533, 68
173271965.969773, 32
173272165.887434, 73
173272254.535361, 78
173272405.844556, 32
173272806.315729, 83
173273165.81586, 80
173273317.967585, 65
173273430.39722, 67
173273550.282568, 69
173273711.347579, 188
173273798.188379, 32
173274222.194356, 87
173274326.489706, 69
173274503.219064, 32
173274958.195027, 87
173275030.273934, 79
173275134.013886, 85
173275294.253567, 76
173275407.603965, 68
173275557.96521, 32
173275886.355534, 65
173276021.916879, 76
173276158.121843, 76
173276254.298998, 32
173276470.104607, 70
173276944.407162, 8
173277112.352789, 68
173277232.098316, 73
173277337.577979, 69
173277457.13264, 32
173277750.82526, 66
173277872.433674, 69
173278070.84438, 67
173278190.702262, 65
173278302.166747, 85
173278422.182483, 83
173278518.224256, 69
173278614.428875, 32
173278774.011622, 84
173278863.531208, 72
173278935.651729, 69
173279022.403199, 82
173279166.112424, 69
173279469.881837, 32
173279678.075269, 73
173279806.127637, 83
173279942.032431, 32
173280134.006395, 78
173280246.410785, 79
173280558.09116, 84
173280758.145867, 32
173281099.543391, 8
173281249.758989, 8
173281422.370852, 32
173281681.038412, 79
173282026.472145, 67
173282399.862509, 89
173282716.801415, 8
173282882.367595, 8
173282998.832331, 88
173283182.414008, 89
173283678.686707, 71
173283790.770675, 69
173283943.529954, 78
173284085.715022, 32
173284878.718666, 79
173285278.321786, 70
173285699.736366, 8
173285814.493015, 82
173285965.985586, 32
173286262.351998, 65
173286488.262698, 84
173289322.279275, 77
173289322.897648, 79
173289323.131792, 83
173289323.736017, 80
173289323.935483, 69
173289324.127459, 72
173289326.143206, 69
173289327.30061, 69
173289327.651549, 82
173289328.353149, 73
173289328.590899, 8
173289328.853895, 32
173289329.127156, 67
173289606.278499, 80
173289750.421611, 82
173289846.343261, 69
173290182.83014, 83
173290334.284982, 83
173290486.215047, 85
173290583.698859, 82
173290662.404542, 69
173290910.055681, 190
173291063.546521, 32
173291222.108633, 16
173291502.130738, 73
173291742.450172, 78
173292054.035669, 32
173292278.396967, 65
173292685.87859, 68
173292886.05148, 68
173293141.959247, 73
173293293.939248, 84
173293382.240675, 73
173293438.056282, 79
173293526.659821, 78
173293790.247457, 188
173293902.171075, 32
173294246.102015, 83
173294302.342078, 79
173294541.876409, 76
173294982.105182, 65
173295070.480403, 82
173295247.108779, 32
173295918.226031, 82
173296078.159439, 65
173296446.849445, 68
173296639.281987, 84
173296734.570005, 73
173296814.41284, 79
173296902.425748, 78
173297182.105792, 32
173297900.370885, 8
173298057.919297, 8
173298305.842032, 8
173298457.625341, 8
173298601.481599, 8
173298967.218449, 73
173299462.172562, 65
173299630.646956, 84
173299718.250944, 73
173299790.348161, 79
173299886.120003, 78
173299959.216494, 32
173300157.924318, 73
173300285.648497, 83
173300382.121106, 32
173300982.110453, 81
173301157.763691, 85
173301269.875124, 73
173301453.928417, 84
173301566.221284, 69
173301701.872791, 32
173302101.791063, 72
173302207.523458, 65
173302534.264231, 90
173302781.951435, 65
173302997.732353, 82
173303317.936791, 68
173303715.094161, 79
173303801.817889, 85
173304154.339196, 83
173304538.67829, 188
173304665.786314, 32
173305122.860418, 66
173305273.397826, 85
173305410.513843, 84
173305531.973559, 32
173306238.148608, 78
173306333.959289, 79
173306518.637892, 84
173306647.338595, 32
173307510.005634, 82
173307662.193702, 69
173308037.6098, 76
173308189.690782, 69
173308549.828151, 86
173308813.987275, 65
173308989.727347, 78
173309111.322722, 84
173309437.880119, 32
173309717.691384, 79
173309806.072985, 78
173309917.557445, 32
173310061.693621, 84
173310151.216813, 72
173310239.496601, 69
173310349.995103, 32
173310741.761057, 84
173310919.314357, 73
173311005.972059, 77
173311093.775514, 69
173311870.034253, 83
173312021.822555, 65
173312469.770591, 67
173312757.806303, 76
173312981.986445, 69
173313219.219839, 8
173313385.515084, 8
173313553.447951, 8
173313721.495392, 8
173314262.286527, 67
173314517.802852, 76
173315165.831673, 65
173315499.450566, 8
173315665.80296, 8
173315839.074254, 65
173316261.889814, 76
173316437.8951, 69
173316567.196976, 32
173316829.867733, 79
173316959.215384, 70
173317117.61243, 32
173317549.929964, 78
173317982.052472, 79
173318103.406767, 84
173318237.685591, 32
173318629.687353, 72
173318694.086947, 65
173318982.040265, 67
173318988.461193, 86
173319411.785822, 8
173319585.492114, 8
173319918.280683, 86
173320285.787208, 73
173320365.994297, 78
173320478.915247, 71
173320607.161533, 32
173320885.698876, 79
173321389.906395, 88
173321677.581181, 89
