new stimulus
172081463.548297, 65
172082385.773087, 8
172082654.24834, 20
172083362.716836, 65
172083823.955874, 8
172084027.757718, 83
172084608.110038, 8
172085211.323582, 20
172085978.170508, 83
172086628.579331, 87
172086907.59384, 20
172087218.52462, 8
172087464.17749, 69
172087799.680354, 20
172088695.561722, 65
new stimulus
172110899.640433, 80
172111511.581113, 85
172111958.438325, 76
172112204.611638, 76
new stimulus
172142922.342416, 80
172143530.410842, 8
172143932.438906, 79
172144191.821937, 82
172144681.419867, 68
172144921.697965, 69
172145010.654107, 82
new stimulus
172180973.117824, 71
172181401.322303, 65
172181704.489711, 84
172181921.011901, 72
172182126.888861, 69
172182214.860988, 82
172182566.343627, 69
172182790.976799, 68
new stimulus
172215600.771676, 65
172215966.97515, 32
172216335.423521, 219
172216609.283255, 84
172217455.484199, 8
172217950.925742, 8
172219463.662317, 80
172220518.325792, 76
172221014.320792, 69
172221303.618773, 84
172221478.032213, 72
172221894.402986, 79
172222037.679432, 82
172222150.079384, 65
new stimulus
172256022.164617, 68
172256022.45258, 73
172256023.032115, 8
172256023.964807, 85
172256024.494128, 84
172256034.563985, 73
172256146.092277, 69
172256234.337387, 83
new stimulus
172293527.786431, 65
172294491.483843, 8
172294701.847268, 65
172295154.748948, 8
172295286.748197, 83
172295781.801072, 69
172296029.019433, 80
172296261.54692, 65
172296453.235695, 82
172296693.297682, 65
172296831.499251, 84
172296945.727135, 73
172297014.354637, 79
172297094.422461, 78
new stimulus
172324550.64599, 219
172325185.807709, 8
172325854.651212, 80
172326293.474289, 82
172326421.178216, 69
172326765.153543, 83
172326965.199095, 69
172327142.091022, 78
172327366.318881, 84
172327477.883515, 69
172327733.184561, 68
new stimulus
172356769.3526, 68
172357446.961246, 79
172357880.117427, 78
172358133.674044, 65
172358276.994045, 84
172358381.430603, 69
172358662.245025, 68
new stimulus
172391219.804367, 87
172391678.566583, 79
172391789.531986, 77
172392062.249019, 68
172392427.096455, 8
172392625.766273, 8
172392769.316257, 8
172393271.03336, 79
172393796.451996, 8
172394115.080955, 73
172394516.732558, 78
172394788.552964, 68
172395004.372722, 73
172395100.735195, 78
172395204.526192, 71
172402034.364796, 8
172402241.834712, 8
172402400.528599, 8
172402568.630138, 8
172402728.541906, 8
172402896.306932, 8
172403040.314108, 8
172403428.896646, 84
172403700.27068, 82
172403861.82756, 69
172404077.920856, 65
172404677.934339, 67
172404829.954289, 72
172405108.454458, 69
172405220.661046, 82
172405876.697925, 79
172406052.138103, 85
172406156.581319, 83
new stimulus
172422773.962796, 82
172422860.67515, 69
172423776.426856, 80
172424153.11965, 76
172424286.264373, 65
172424372.578905, 67
172424516.139153, 69
new stimulus
172456725.722746, 79
172456868.305915, 77
172457280.435463, 8
172457457.175917, 8
172457806.123753, 73
172457989.497641, 78
172458404.565919, 67
172458660.054224, 85
172459116.880036, 66
172459364.117261, 65
172459502.159867, 84
172459700.040697, 69
172459820.425681, 83
new stimulus
172493877.257762, 68
172494372.046532, 69
172494987.940195, 76
172495436.726322, 73
172495643.798692, 66
172495915.582756, 69
172495979.927698, 82
172496336.993174, 8
172496339.825651, 220
172496512.144279, 8
172496664.316811, 8
172496908.895225, 8
172497052.420519, 86
172497187.951347, 69
172497243.78471, 82
new stimulus
172526196.802214, 67
172526475.502126, 80
172527186.339804, 8
172527581.554111, 79
172527995.814259, 76
172528179.445317, 76
172528372.107842, 69
172528541.309358, 67
172528803.677448, 84
172528883.654555, 73
172528971.799793, 79
172529068.013013, 78
new stimulus
172566236.869416, 84
172566467.074883, 65
172567032.82788, 75
172567515.323256, 69
172567603.401358, 78
172577388.133947, 220
172578032.556006, 8
172578222.690109, 8
new stimulus
172601004.394361, 65
172601511.921787, 8
172602077.152952, 67
172602253.12689, 74
172602412.950716, 65
172602579.958103, 78
172602638.555142, 71
172602963.050463, 8
172603136.945402, 8
172603295.199853, 8
172603478.741858, 8
172603939.993935, 74
172604600.339175, 8
172604867.429817, 75
172605560.128546, 8
172605995.396739, 74
172606499.029717, 72
172606856.273298, 8
172607307.35731, 72
172607559.781214, 8
172607742.788627, 8
172607875.22537, 72
172608242.860063, 65
172608594.965237, 78
172608955.523732, 71
172609124.570724, 69
new stimulus
172642508.983889, 71
172643002.901, 65
172643099.151116, 82
172643658.892104, 77
172643851.194259, 69
172643980.512503, 78
172644411.484819, 84
172644475.226369, 83
