new stimulus
174086894.644898, 66
174087423.00698, 79
174087668.611301, 79
174089278.247992, 76
174089522.421093, 32
174090954.95363, 79
174091082.984082, 78
174091338.166391, 16
174091499.924957, 79
174091975.555807, 70
174092170.427165, 70
174092690.083196, 16
174092930.417333, 87
174093297.800405, 8
174093499.005581, 16
174093595.133077, 83
174094065.32535, 87
174094270.412212, 73
174094571.917309, 84
174094891.985255, 67
174095045.763782, 72
174099288.615246, 13
174100984.137297, 8
174103085.511672, 36
174103199.643845, 36
174103862.343287, 37
174104396.031036, 46
174104635.974287, 46
174104821.810016, 46
174104973.26569, 46
174105134.524342, 46
174105317.727893, 46
174105564.732084, 39
174105960.499292, 37
174106554.635316, 79
174106949.817997, 39
174107451.215787, 39
174107481.113815, 39
174107512.521018, 39
174107544.222565, 39
174107576.343297, 39
174107607.051119, 39
174107638.608407, 39
174107668.594101, 39
174107699.337988, 39
174107745.184442, 39
174108770.5211, 32
174108993.811828, 61
174109121.178687, 32
174110402.310757, 80
174110530.826697, 77
174110968.584197, 8
174111127.059753, 8
174111377.748383, 16
174111707.974129, 49
174112633.465561, 79
174112769.782881, 78
174113729.428824, 16
174113817.206756, 79
174114065.33284, 70
174114241.448264, 70
174114986.93038, 83
174115311.128027, 8
174115505.612104, 16
174115601.937957, 83
174115866.900218, 87
174116298.605206, 73
174116529.124714, 84
174116769.298225, 72
174116801.394544, 67
174117422.799469, 8
174117573.678105, 8
174117721.520915, 67
174117820.987183, 72
174118330.310082, 59
new stimulus
174153019.203693, 73
174154095.406199, 8
174154563.073933, 73
174154666.702916, 78
174154794.505327, 84
174154996.646524, 32
174155850.103159, 73
174156003.455011, 83
174156250.238097, 16
174156460.438676, 80
174156731.079761, 79
174156873.211565, 83
174157450.600743, 73
174157633.546291, 84
174157753.687976, 73
174157946.753318, 86
174158114.499757, 69
174161172.052857, 16
174161955.177787, 16
174162454.975962, 16
174162485.620532, 16
174162517.028845, 16
174162547.554679, 16
174162577.42441, 56
174162673.999665, 57
174163127.613487, 37
174163342.022554, 37
174163894.538368, 46
174164046.270909, 39
174165362.58839, 73
174165457.66196, 78
174166147.314875, 84
174166458.828797, 32
174167290.186285, 65
174167677.625568, 39
174168281.782901, 32
174168426.447843, 16
174168604.671117, 80
174169222.932021, 8
174169456.76894, 16
174169595.067883, 219
174170236.730705, 13
174171571.472324, 82
174171659.708279, 69
174171921.006075, 84
174172065.300105, 85
174172240.968046, 82
174172433.059638, 78
174176736.003444, 32
174177338.365025, 65
174177513.285592, 16
174178169.143812, 32
174178336.681075, 16
174178393.497065, 190
174179072.927818, 32
174179249.00246, 48
174179898.241672, 59
174180915.903733, 37
174181289.349859, 16
174181529.713126, 48
174181789.965596, 37
174182300.752451, 37
174182330.461, 37
174182360.838968, 37
174182391.401976, 37
174182423.304099, 37
174182825.280286, 16
174182905.265993, 57
174183316.827659, 40
174183808.491549, 38
174184245.662856, 46
174184638.432522, 40
new stimulus
174227154.575005, 73
174227240.676476, 70
174227416.507542, 32
174227960.600551, 16
174229120.697915, 16
174229276.272194, 57
174229411.1533, 48
174229628.415929, 37
174230625.258036, 77
174230803.627512, 79
174231970.089765, 68
174232056.80739, 69
174232144.311229, 76
174232328.234412, 16
174232553.158045, 89
174233128.617754, 65
174233977.389843, 8
174234634.003205, 69
174235352.5607, 65
174236616.518417, 84
174237222.008761, 8
174237345.929209, 82
174237904.699775, 32
174238127.986619, 61
174238312.192495, 61
174238608.44239, 32
174238776.320049, 16
174238928.620195, 222
174239064.19763, 222
174240253.494474, 8
174240462.4461, 8
174240676.819103, 8
174240869.279943, 8
174241061.872281, 8
174241569.538417, 16
174241777.435285, 190
174244659.575949, 61
174245130.84989, 32
174245480.683811, 49
174245648.151441, 48
174245848.165922, 48
174246269.770258, 8
174246436.77071, 8
174246864.681676, 48
174247392.490302, 8
174247706.41807, 173
174248165.200261, 8
174248616.663231, 57
174248928.334728, 57
174250344.2558, 57
174251944.479014, 32
174252194.260475, 16
174252440.847423, 54
174252480.58061, 53
174252941.898158, 8
174253208.139611, 8
174253400.060311, 16
174253472.785057, 53
174253954.548039, 53
174254366.372701, 8
174254532.298697, 8
174254696.376232, 16
174254761.115113, 52
174254975.853758, 52
174255374.568574, 8
174255549.072731, 8
174255727.893017, 16
174255817.433687, 51
174255984.003579, 51
174256471.676756, 8
174256652.37713, 8
174256911.887775, 16
174256935.787665, 54
174257408.045344, 54
174257590.775613, 8
174257772.648094, 8
174258055.958757, 16
174258144.668826, 50
174258367.90074, 50
174258944.190218, 8
174259100.226126, 8
174259247.870856, 16
174259280.095899, 51
174259488.046032, 51
174260648.267958, 32
174262808.188049, 77
174262912.295585, 79
174263496.243847, 68
174264064.134378, 87
174264209.560289, 76
174264448.120314, 16
174264999.203244, 8
174265205.840617, 8
174265416.374934, 87
174265684.199356, 76
174266242.446982, 16
174266592.019295, 89
174267240.177672, 87
174267456.441582, 20
174268264.807459, 20
174268694.863729, 8
174269000.484378, 65
174269501.635817, 8
174269664.548458, 69
174270016.170641, 65
174270472.189155, 84
174270984.089025, 32
174271448.247096, 16
174271808.96483, 188
174272408.200145, 61
174273000.183098, 32
174273319.703413, 50
174273457.326835, 173
174273760.50423, 173
174274046.563867, 8
174274252.261612, 8
174274432.333625, 48
new stimulus
174283241.741221, 67
174283708.732323, 8
174283896.576586, 66
174284392.151847, 80
174284568.121069, 80
174284768.06453, 59
174285116.590962, 8
174285283.494039, 8
174285459.590042, 8
174285848.617565, 79
174286111.798223, 79
174286376.251415, 76
174286864.135432, 32
174287656.070169, 67
174287760.45374, 79
174287855.737874, 78
174288536.359043, 84
174288632.02269, 65
174288735.719087, 73
174288839.877113, 78
174288959.767731, 83
174289259.477353, 16
174289488.603095, 83
174289904.058098, 85
174290164.656236, 8
174290603.832194, 8
174290823.647936, 16
174290936.653499, 68
174291167.79471, 85
174291728.480319, 219
174292341.058514, 8
174292523.678924, 8
174293256.484804, 73
174294004.924237, 8
174294360.423944, 79
174295281.123469, 8
174295616.042361, 73
174296308.950821, 8
174296616.100897, 79
174297101.029262, 8
174297392.121885, 89
174297432.049545, 85
174298648.106498, 219
174298904.304449, 59
174299127.738604, 79
174299416.09668, 67
174299631.872328, 65
174299768.115576, 84
174300464.781714, 69
174300788.82456, 39
174301424.399915, 32
174301687.604986, 16
174302197.15981, 16
174302227.430971, 16
174302258.779915, 16
174302289.632552, 16
174302321.01229, 16
174302352.159271, 16
174302383.458834, 16
174302414.98838, 16
174302451.573661, 16
174302493.00245, 16
174302524.21629, 16
174302555.713932, 16
174302586.56213, 16
174302617.661117, 16
174302648.754833, 16
174302680.087964, 16
174302711.403895, 16
174302757.921988, 16
174302789.348055, 16
174302820.184047, 16
174302839.47929, 55
174303338.415238, 36
174304177.024534, 8
174304914.7, 40
174305257.512375, 39
174305948.807627, 8
174306310.124038, 16
174306407.464422, 57
174311488.710457, 86
174311817.864523, 69
174312144.937093, 67
174312577.460197, 84
174312744.728915, 79
174312881.639363, 82
174313218.076029, 16
174313536.968816, 188
174314239.732132, 73
174314352.183684, 78
174314464.897399, 84
174314799.733342, 16
174314920.054518, 190
174316839.986694, 32
174317616.496223, 65
174318052.61943, 39
174318655.772773, 16
174318975.726422, 219
174320086.543404, 13
174323648.830847, 70
174325584.620732, 79
174325815.786911, 82
174326897.796688, 32
174328155.238598, 16
174328257.853881, 57
174328467.681605, 48
174329329.424829, 73
174329451.6297, 78
174329998.284145, 8
174330188.573882, 8
174330619.507082, 37
174331320.787578, 73
174331430.633861, 78
174331839.973933, 84
174332430.960387, 32
174332705.685122, 85
174332712.759933, 73
174333229.746611, 8
174333436.858375, 8
174333711.8855, 73
174334033.468447, 32
174334217.050123, 61
174334929.540403, 32
174335039.537604, 48
174336727.801468, 76
new stimulus
174366089.400294, 70
174366711.687698, 80
174366889.153888, 82
174367373.538507, 8
174367539.614866, 8
174367847.815816, 79
174369647.784967, 82
174376583.905816, 32
174377536.661156, 16
174377832.905225, 57
174379000.3809, 73
174379480.399731, 32
174379903.5027, 61
174380375.340916, 32
174380524.065927, 48
174381007.355562, 76
174381154.371932, 32
174381661.833331, 8
174381812.051703, 8
174382071.376475, 59
174382831.607168, 32
174383871.512356, 73
174384951.219255, 32
174385071.136228, 16
174385159.03456, 188
174385376.091342, 32
174386503.734513, 83
174386735.767358, 84
174386959.126332, 73
174387055.949602, 78
174387571.144967, 8
174387748.064081, 8
174388219.556352, 8
174388527.41746, 190
174389160.661085, 76
174389832.606164, 69
174390311.645419, 78
174390676.902884, 71
174390855.205224, 84
174390951.644265, 72
174391351.413283, 16
174391607.56435, 57
174392500.668447, 39
174393056.167655, 59
174393992.12122, 32
174394144.102608, 73
174394407.06549, 16
174394567.270771, 173
174394776.246532, 173
174395286.529034, 8
174395451.41886, 8
174395687.062627, 16
174395791.878975, 173
174395799.707819, 48
174395895.433054, 16
174396159.949498, 173
174396556.71598, 8
174396743.503543, 8
174397512.609793, 13
174397553.179406, 48
174398412.045766, 8
174398753.073209, 37
174399287.249775, 16
174399790.20085, 16
174399821.434387, 16
174399852.209345, 16
174399883.146041, 16
174399913.949019, 16
174399945.364267, 16
174399976.757044, 16
174400007.772527, 16
174400038.840165, 16
174400085.755803, 16
174400117.753082, 16
174400148.693384, 16
174400179.281083, 16
174400211.488093, 16
174400243.011536, 16
174400273.157856, 16
174400304.246301, 16
174400351.253766, 16
174400382.716176, 16
174400413.905325, 16
174400444.584018, 16
174400475.662476, 16
174400506.803076, 16
174400537.911496, 16
174400569.225208, 16
174400600.446815, 16
174400658.118097, 16
174400678.623177, 16
174400709.663628, 16
174400740.965411, 16
174400772.542673, 16
174400804.406512, 16
174400834.591395, 16
174400854.566321, 219
174401738.682784, 13
new stimulus
174418577.097884, 67
174419255.324071, 73
174419439.460869, 78
174420791.97413, 32
174420999.496756, 16
174421118.83586, 188
174422748.645279, 8
174423102.477404, 16
174423227.693967, 190
174423494.679742, 190
174431719.370618, 32
174432663.192975, 65
174432816.674938, 77
174432992.741812, 79
174433104.758089, 85
174433343.183565, 78
174433518.717512, 84
174434231.0713, 59
174435765.952518, 13
174438405.331881, 38
174438862.274764, 13
174439009.154642, 38
174439416.216804, 87
174439630.464135, 72
174439735.311554, 73
174439846.71889, 76
174440046.614357, 69
174440294.561505, 32
174440678.607919, 49
174442026.61696, 40
174442307.020242, 40
174446505.508071, 84
174446766.724028, 79
174446934.820018, 84
174447062.742553, 65
174447182.722223, 76
174447454.615314, 32
174447502.866461, 16
174447622.251061, 61
174448247.769875, 61
174450311.353571, 32
174451151.139135, 65
174451278.58284, 77
174451390.535865, 79
174451534.935869, 85
174451894.676802, 78
174452038.3544, 84
174452702.604352, 59
174453622.99039, 13
174454055.193073, 73
174454142.856706, 70
174454302.482453, 32
174455999.68041, 84
174456174.372659, 79
174456934.865793, 84
174457054.894844, 65
174457286.54984, 76
174457782.802287, 32
174458070.462648, 16
174458406.764487, 188
174458995.885834, 8
174459294.365645, 16
174459510.977443, 190
174460414.813327, 173
174461084.027465, 8
174461319.672897, 48
174461811.792869, 8
174461998.955506, 173
174462491.653902, 8
174462694.742218, 61
174463326.612881, 49
174463422.851624, 48
174463582.492907, 48
174463870.455934, 32
174464206.327492, 66
174464350.525256, 82
174464447.046137, 69
174464494.693891, 65
174464592.991936, 75
174465206.886774, 59
174465729.382772, 37
174466232.029515, 37
174466262.688789, 37
174466294.174502, 37
174466325.245747, 37
174466356.350837, 37
174466387.706717, 37
174466705.567495, 37
174467041.350833, 39
174467302.758765, 16
174467398.844649, 48
174467715.350776, 37
174468214.905375, 37
174468244.204449, 37
174468275.187197, 37
174468307.511556, 37
new stimulus
174477231.609776, 66
174477678.451176, 80
174477846.508882, 80
174478307.167831, 8
174478474.059533, 8
174478774.920733, 79
174478998.327146, 79
174479250.810695, 76
174480142.707453, 32
174480510.400683, 73
174480630.67553, 83
174480806.415601, 16
174480958.399764, 173
174481374.882893, 83
174481630.630033, 80
174481636.708345, 79
174482115.689064, 8
174482274.072793, 8
174482502.959119, 79
174482846.489739, 82
174483198.482835, 84
174483351.898772, 69
174483598.386681, 68
174484166.938863, 16
174484614.696033, 48
174485252.020255, 8
174485470.438068, 16
174485702.66594, 173
174486286.54984, 8
174486574.171361, 16
174486830.737451, 57
174489575.351236, 86
174490190.628746, 69
174490374.516419, 67
174490686.506673, 84
174490822.360698, 79
174490910.694028, 82
174491326.269156, 16
174491590.558391, 188
174492262.482109, 73
174492382.437644, 78
174492470.315725, 84
174492782.201947, 16
174492862.650948, 190
174493413.694207, 39
174493902.356115, 16
174494111.008125, 32
174494470.10433, 16
174494542.801056, 219
174498390.828822, 13
174499086.952324, 73
174499182.590448, 70
174499310.375382, 32
174499910.553376, 16
174500425.102902, 16
174500455.504728, 16
174500487.232353, 16
174500518.351037, 16
174500547.613215, 16
174501390.853235, 16
174501869.253033, 8
174502041.872109, 8
174502345.902854, 8
174504175.428249, 70
174504377.439058, 79
174504561.588339, 82
174504718.292834, 32
174506038.404058, 16
174506238.296752, 48
174506936.111971, 8
174507189.973475, 16
174507426.668671, 173
174507997.53261, 8
174508658.627999, 73
174508754.790728, 78
174508844.614923, 84
174508978.700661, 32
174509350.761897, 73
174510263.9702, 76
174510790.494362, 8
174511006.477799, 59
174511175.871846, 32
174511446.167264, 32
174511982.91775, 73
174512614.476592, 16
174512718.026787, 188
174513814.64532, 86
174514303.82462, 69
174514494.205906, 67
174514670.025875, 79
174514798.140385, 84
174515507.871983, 8
174515656.235235, 82
174516406.472917, 190
174517006.6154, 83
174517142.290766, 79
174517272.405766, 90
174517549.973797, 69
174517891.313617, 8
174518074.770731, 8
174518218.497988, 8
174518526.562169, 73
174518822.441428, 88
174519380.723177, 8
174519504.012213, 90
174519742.153609, 69
174520126.932971, 16
174520384.980493, 48
174521293.698723, 8
174521718.922304, 16
174522031.462409, 48
174522653.738994, 8
174522909.992429, 16
174523125.963104, 57
174524090.139623, 39
174524462.543198, 59
174524709.857269, 32
174525358.617928, 73
174525365.390627, 79
174525992.848065, 8
174526269.910356, 16
174526478.393139, 173
174527005.103729, 8
174527246.023504, 16
174527702.684527, 61
174528085.969141, 61
174528822.317143, 13
new stimulus
174544119.280844, 73
174544214.324176, 78
174544352.619236, 84
174544743.073539, 32
174545462.099323, 83
174545653.795865, 69
174545821.97314, 67
174545943.599309, 79
174546014.213152, 78
174546063.733226, 68
174547126.126783, 16
174547326.016979, 71
174547701.92245, 82
174547814.160664, 69
174547903.521564, 65
174548525.99928, 84
174548679.503714, 69
174548886.264262, 83
174549006.411773, 84
174550382.020124, 16
174550709.92274, 48
174551371.090536, 8
174551751.375665, 16
174551753.335928, 13
174551806.430305, 57
174552386.377311, 8
174552819.448601, 8
174553366.178228, 32
174553822.207839, 86
174554390.094209, 69
174554837.989535, 67
174555093.935031, 84
174555223.322908, 79
174555318.415621, 82
174555669.961513, 16
174555837.954857, 188
174556390.212391, 73
174556501.889103, 78
174556741.615133, 84
174557502.233107, 190
174557518.301934, 16
174558123.169189, 8
174558357.824224, 16
174558423.298828, 191
174559059.34469, 8
174559269.666225, 16
174559390.393825, 190
174559989.930974, 32
174560109.544725, 16
174560293.425463, 80
174560811.382007, 8
174560989.917935, 16
174561061.579601, 219
174561798.397556, 13
174565174.763546, 73
174565303.419862, 70
174565421.952222, 32
174566629.932594, 73
174566742.123924, 78
174567635.151176, 8
174567825.661186, 8
174567993.543839, 8
174568161.523312, 8
174568649.342135, 8
174568990.185647, 70
174569117.680953, 79
174569255.207554, 82
174569710.204601, 32
174570517.793142, 190
174570805.667117, 190
174570982.310474, 190
174571204.640213, 13
174574998.5968, 73
174577686.343272, 70
174577941.681492, 32
174578877.8348, 77
174579293.951732, 65
174579405.85815, 88
174580278.127868, 32
174581355.167633, 8
174581529.435982, 8
174581697.210995, 8
174581945.235543, 8
174583902.417703, 86
174584157.498476, 69
174584317.417458, 67
174584581.393206, 84
174585877.851168, 80
174586667.68277, 8
174587022.145475, 79
174587253.688115, 89
174587866.937393, 8
174588182.039211, 82
174588837.856927, 219
174589510.142958, 73
174590218.673041, 39
174590806.362614, 32
174591013.562321, 16
174591269.477578, 188
174592466.96114, 8
174592709.565698, 16
174592814.053579, 190
174593549.937177, 32
174593869.739076, 77
174593975.245927, 65
174594127.197909, 88
174597722.245818, 13
new stimulus
174612518.910875, 73
174612597.647629, 78
174613698.563981, 8
174613881.17912, 8
174614430.168902, 86
174614436.355132, 66
174614890.774586, 8
174615221.952999, 79
174615509.321512, 73
174615709.553492, 83
174615715.343563, 68
174616186.620278, 8
174616376.963002, 8
174616480.772863, 83
174616946.973313, 8
174617047.509043, 68
174617261.470074, 32
174617613.614087, 67
174617709.682493, 79
174617821.72679, 85
174618053.486374, 78
174618261.225943, 84
174618677.528193, 68
174618821.56644, 79
174618927.103807, 87
174619031.756476, 78
174619437.282553, 16
174619637.845497, 48
174620387.10055, 8
174620709.591499, 16
174621094.093162, 48
174621682.631923, 8
174622493.424409, 16
174622623.941392, 57
174623607.471413, 73
174623694.064199, 78
174623973.382207, 84
174624677.388373, 32
174624869.666114, 78
174625420.905232, 39
174625990.994332, 32
174626021.353435, 16
174626229.112979, 219
174626572.630838, 13
174628862.146595, 70
174629006.961623, 79
174629157.112305, 82
174629725.620655, 32
174630894.867113, 73
174631613.572474, 188
174631805.289823, 188
174632251.285364, 8
174632416.91119, 8
174632693.84559, 190
174632901.303577, 190
174633085.244515, 190
174633229.344349, 190
174633710.008464, 13
174635366.009556, 67
174635509.086535, 79
174635645.3431, 85
174635885.269982, 84
174636317.251282, 32
174636485.057366, 16
174636607.008951, 188
174636757.181826, 188
174637413.514438, 32
174639589.532485, 73
174640557.341011, 32
174640733.066656, 16
174640997.4885, 188
174641181.115674, 188
174642149.382223, 32
174642432.521439, 69
174642518.490858, 78
174642661.02964, 68
174643045.224751, 76
174643644.133818, 13
174644210.702434, 13
174644793.001978, 8
174645216.947477, 8
174646070.176348, 67
174646206.785238, 79
174646293.814686, 85
174646765.416816, 84
174647197.205307, 32
174647317.082609, 16
174647436.756006, 188
174647581.008422, 188
174647908.931013, 32
174648477.407182, 16
174648597.459259, 222
174648765.560798, 222
174649054.694823, 37
174649710.993034, 76
174649942.079038, 73
174650165.12397, 70
174650741.488074, 84
174651349.470776, 79
174651604.867809, 68
174651757.245911, 68
174652323.347349, 8
174652480.911852, 8
174652669.296255, 71
174653170.646329, 8
174653311.272841, 70
174653500.986095, 70
174653973.472647, 16
174654181.434154, 49
174654592.757792, 38
174654887.128154, 38
174655359.719848, 38
174655839.633259, 40
174656319.145795, 39
174656551.068504, 39
174657030.007887, 76
174657036.993368, 59
174658080.661784, 37
174658394.992646, 8
174658679.889885, 38
174659265.804791, 8
174659440.732293, 8
174659617.150938, 8
174659777.013049, 8
174660301.989475, 173
174660930.524973, 8
174661261.587424, 61
174661741.43037, 48
174662344.605074, 37
