new stimulus
549770255.666295, 83
549770359.44647, 72
549770440.180012, 73
549770526.764055, 82
549771889.420825, 84
549771890.256968, 83
549778407.998228, 32
549778521.13216, 65
549778624.139166, 78
549778719.555695, 68
549778787.957936, 32
549778988.365299, 79
549779051.731542, 85
549779138.931179, 84
549779531.318175, 70
549779659.237462, 73
549779765.526342, 84
549779930.69559, 83
549790725.997101, 32
549791071.196688, 87
549791342.648436, 73
549791503.85419, 84
549791638.896225, 72
549791737.950557, 32
new stimulus
549806502.415215, 83
549806747.008861, 69
549806926.912419, 80
549807068.936828, 65
549807224.101493, 82
549807346.561717, 65
549807450.546072, 84
549807506.289657, 73
549807570.12668, 79
549807642.476324, 78
new stimulus
549835219.670824, 68
549835298.105945, 79
549835386.175848, 78
549835498.181791, 65
549835570.804971, 84
549835650.203293, 69
549835857.768359, 68
549845715.935924, 37
549846208.220331, 37
549846238.90488, 37
549846270.813682, 37
549846303.15304, 37
549846496.768893, 37
549846689.043701, 37
549853767.223318, 65
549853963.533471, 78
549854037.506852, 68
549854114.765713, 32
549854299.799314, 81
549854411.100334, 85
549854523.520465, 73
549854572.398469, 67
549854683.834593, 75
549854818.570079, 76
549855482.393842, 89
549855617.971574, 32
new stimulus
549879363.538131, 69
549879729.806904, 88
549879889.186683, 69
549880081.337484, 67
549880257.075864, 85
549880410.413998, 84
549880490.898695, 69
549881100.549346, 37
549881603.833716, 37
549881634.441976, 37
549881852.986477, 37
549882026.884178, 37
549882202.885552, 37
549882410.402901, 37
549883171.366247, 37
549884195.330306, 39
new stimulus
549905450.64733, 82
549905578.348565, 69
549905808.445928, 80
549905992.71718, 76
549906072.917799, 65
549906235.380542, 67
549906417.021856, 69
549918476.35414, 37
549918981.344919, 37
549919012.08412, 37
549919042.778102, 37
549919074.756536, 37
549919258.975078, 37
549919514.171425, 37
549921650.352544, 80
549921784.904656, 82
549921992.327406, 79
549922137.352385, 77
549922232.368042, 80
549922384.106853, 84
549922824.523504, 76
549922936.473686, 89
549923034.901049, 32
new stimulus
549946105.64055, 84
549946184.12838, 65
549946289.779751, 75
549946347.490795, 69
549962095.069754, 37
549962299.027255, 37
549962458.246131, 37
549962609.785754, 37
549963089.637601, 65
549963320.419081, 67
549963439.950863, 67
549963791.565223, 67
549963976.067011, 69
549964104.568046, 80
549964185.824524, 84
549964256.20865, 32
549964543.728264, 79
new stimulus
549990209.578022, 80
549990879.695326, 65
549991008.628581, 73
549991183.292238, 78
549991383.119516, 84
549991519.080642, 73
549991599.438835, 78
549991747.953475, 71
549996440.043521, 8
549996595.420412, 8
549996740.792998, 8
549996892.208337, 8
549997027.245656, 8
549997187.332299, 8
549997331.557755, 8
549997484.642051, 8
new stimulus
550026727.889935, 70
550026873.52163, 82
550026962.240695, 79
550027016.523943, 77
550027566.95189, 8
550027745.209518, 8
550027901.897217, 8
550028058.836258, 8
550029000.502961, 69
550029564.051469, 8
550030075.008433, 71
550030182.700779, 65
550030260.380209, 84
550030360.217696, 72
550030431.1439, 69
550030502.928163, 82
550030702.672493, 69
550030926.548167, 68
new stimulus
550052081.792174, 80
550052206.437632, 82
550052246.508119, 69
550052422.71617, 83
550052558.448148, 69
550052718.065675, 78
550052806.495946, 84
550052854.826879, 69
550053030.281736, 68
new stimulus
550099136.613061, 83
550099280.312252, 72
550099319.87728, 69
550099480.042711, 69
550099568.499892, 84
550100908.439603, 8
550101058.685619, 8
550101194.135738, 8
550101330.691651, 8
550101441.723297, 8
550101844.822296, 76
550101925.854063, 65
550102030.027065, 89
550102133.630246, 69
550102190.123695, 82
new stimulus
550126899.375472, 16
550126957.782008, 65
550127590.714266, 70
550127765.40289, 82
550128162.051051, 8
550128305.297493, 8
550128733.803966, 83
550128842.428719, 73
550128953.53083, 65
550129047.551383, 78
550129133.158355, 32
550129333.322976, 16
550129414.026279, 65
550129550.653212, 77
550129637.980185, 69
550129685.782911, 82
550129845.509464, 73
550129967.137984, 67
550130085.44052, 65
550130132.914503, 78
550130230.618912, 32
550130398.388136, 83
550130518.712229, 69
550130685.208652, 67
550130853.432568, 84
550130919.020387, 73
550130973.517525, 79
550131053.302014, 78
550133971.651323, 8
550134121.067022, 8
550134273.234723, 8
550134408.752532, 8
550134553.159975, 8
550134696.719901, 8
550134849.802255, 8
550135213.517658, 67
550135381.518528, 79
550135550.089218, 76
550135717.082777, 76
550135957.48073, 69
550136109.251166, 67
550136293.020011, 84
550136341.418357, 73
550136397.416335, 79
550136453.476455, 78
new stimulus
550170806.669888, 65
550171369.42664, 8
550177045.324259, 65
550177213.583684, 80
550177332.454098, 80
550177500.6192, 76
550177598.272008, 73
550177772.663516, 67
550177956.570516, 65
550178132.369651, 78
550178396.620696, 84
550178628.501312, 83
new stimulus
550197573.688748, 87
550197676.397806, 79
550197773.968498, 82
550198100.650604, 83
550198692.255388, 69
550198820.155809, 78
550198901.665016, 83
new stimulus
550227222.216704, 67
550227325.524711, 72
550227396.052263, 65
550227501.307201, 78
550227595.864284, 71
550227667.66214, 69
new stimulus
550260517.404473, 78
550260644.91512, 65
550260699.893859, 82
550260859.247005, 82
550261019.2077, 79
550261100.893346, 87
new stimulus
550288668.239728, 68
550288858.700766, 69
550289035.125759, 67
550289132.708935, 73
550289259.066904, 83
550289378.720474, 73
550289459.01708, 79
550289515.367381, 78
550298680.374893, 8
550299180.875913, 8
550299212.47567, 8
550299243.459, 8
550299275.210228, 8
550299305.686158, 8
550299446.901611, 8
550299630.944547, 8
550300155.368291, 67
550300276.520203, 79
550300418.720218, 77
550300546.754634, 77
550300644.617726, 65
550300748.449501, 78
550300845.106651, 68
new stimulus
550329955.540457, 70
550330114.365952, 79
550330162.805078, 82
550330346.256555, 67
550330522.273187, 69
