new stimulus
550445386.462145, 48
550448890.021438, 8
550449753.597299, 69
550449959.365796, 88
550450173.686307, 65
550450342.464506, 77
550450606.068886, 83
550450818.69464, 67
550450986.413929, 79
550451075.185427, 82
550451159.757901, 69
550451859.81627, 8
550452024.258956, 8
550452178.42824, 8
550452353.56989, 8
new stimulus
550465107.575552, 73
550465426.243838, 78
550465683.140767, 84
550465802.114936, 32
550472050.418515, 8
550472206.905362, 8
550472374.401883, 8
550472548.393629, 8
550472711.010617, 8
550474651.961023, 32
550475532.39817, 67
550476680.902823, 79
550476818.968176, 85
550477681.056791, 8
550477845.047005, 8
550477989.297706, 8
550478457.01522, 67
550478530.407684, 79
550478584.754184, 85
550478760.455667, 78
550478832.37753, 84
550478880.275965, 32
550479017.038556, 61
550479170.613607, 32
550479352.339812, 49
550479818.857486, 59
550479984.321631, 32
550480561.082247, 67
550480616.91516, 79
550480672.194899, 85
550480856.798777, 78
550480953.032584, 84
550481058.048108, 32
550481225.249733, 16
550481289.793067, 188
550481424.123243, 32
550481953.385184, 52
550482825.057814, 49
550482904.047773, 49
550483502.080369, 8
550484145.165353, 59
550484242.016973, 32
550484576.810551, 16
550484953.300294, 61
550485146.29445, 173
550485693.735698, 8
550485840.276498, 16
550485920.438556, 61
550486192.793582, 67
550486320.15359, 79
550486429.427783, 85
550486593.179417, 78
550486640.251974, 84
new stimulus
550498417.058752, 67
550498575.946389, 65
550498848.231505, 83
550498920.389452, 69
550498994.707111, 32
550500465.514801, 16
550500560.712446, 222
550500801.447187, 67
550500976.086708, 79
550501082.863846, 87
550502132.624322, 39
550502753.004731, 59
550502954.420792, 13
550503352.186954, 67
550503443.06462, 79
550503503.901351, 85
550503951.546447, 84
550504066.569884, 32
550504231.472254, 16
550504344.174798, 188
550504471.679342, 188
550504561.314724, 32
550504687.793371, 16
550504783.727287, 222
550505096.027406, 16
550505352.494612, 16
550505523.096291, 77
550505968.674888, 79
550506127.667944, 79
550506631.87307, 16
550506727.982316, 49
550507187.302615, 39
550507433.166844, 32
550507743.965568, 16
550508088.096812, 188
550508223.60297, 188
550508431.986701, 69
550508543.908309, 78
550508616.421631, 68
550508715.084524, 76
550508799.889753, 59
550509566.070806, 8
550509717.943333, 8
550509861.065768, 8
550510013.710908, 8
550510148.312123, 8
550510201.454067, 32
550510321.032733, 69
550510409.906875, 78
550510671.584021, 68
550510887.871714, 76
550511032.06055, 59
new stimulus
550552044.7156, 88
550552457.424969, 16
550552890.055284, 219
550553720.462303, 73
550554751.983272, 219
550555716.497977, 8
550556262.073578, 39
550557136.139783, 219
new stimulus
550570504.258668, 73
550570587.044282, 70
550570630.958972, 32
550570735.140019, 16
550570767.974848, 57
550571632.208748, 90
550572269.887656, 8
550572383.31482, 65
550572655.326955, 190
550573079.924031, 80
550573484.537741, 8
550573635.002363, 8
550573935.897208, 80
550574405.338052, 8
550574566.737445, 219
550574899.095834, 8
550575374.890974, 219
550577111.508807, 48
550577764.898542, 39
550578088.753742, 32
550578598.857086, 61
550578734.658696, 61
550578982.510081, 32
550579367.034728, 66
550580543.225579, 190
550580924.423688, 8
550581241.118134, 219
550582816.690284, 66
550582998.439237, 190
550583158.43239, 83
550583662.910775, 73
550583854.386336, 90
550583942.831588, 69
550584094.489392, 16
550584166.345507, 57
550584254.970804, 48
550585163.924743, 8
550585919.549703, 16
550586143.152673, 48
550586874.289805, 32
550587294.598806, 8
550587559.684052, 32
550587758.883253, 173
550588191.932194, 32
550588303.968098, 49
550588674.379856, 39
550589267.279911, 39
550589485.74729, 39
550590541.355494, 37
550590799.534933, 16
550591303.857685, 16
550591333.49886, 16
550591365.338307, 16
550591383.782272, 222
new stimulus
550612697.243392, 89
550613150.804461, 32
550613358.383398, 16
550613710.65441, 190
550614102.154218, 32
550614502.115324, 90
550626271.034508, 32
550626590.354453, 16
550626742.694987, 56
new stimulus
550637031.289601, 73
550637101.940605, 70
550637261.513468, 32
550637509.440034, 16
550637597.386762, 57
550637974.54259, 78
550638165.62699, 85
550638349.776177, 77
550638534.101249, 49
550638941.971587, 32
550639217.691158, 16
550639344.326547, 190
550639773.538498, 8
550639909.913811, 16
550640006.183682, 188
550640183.035347, 32
550640373.814308, 78
550640581.589103, 85
550640773.682478, 77
550640871.2995, 32
550641055.663964, 50
550641618.978885, 39
550642782.279157, 16
550642918.831741, 80
550643488.616641, 8
550643621.935345, 16
550643741.307611, 219
550644343.895714, 13
550644637.874211, 82
550644797.554435, 69
550644973.735022, 84
550645085.337597, 85
550645175.16634, 82
550645277.230675, 78
550645357.657391, 32
550645573.350851, 78
550645781.783963, 85
550646029.587632, 77
550646135.14135, 32
550646949.811743, 49
550648141.900956, 59
550649357.700946, 40
550649835.348694, 37
550650348.907022, 13
550651250.880252, 38
550651767.582854, 39
550651952.760158, 39
550652112.176556, 39
550652264.99869, 39
550652524.018156, 39
550652900.886022, 13
550653616.996999, 9
550653934.157787, 82
550654077.508261, 69
550654182.269669, 85
550654245.87366, 84
550654373.441179, 78
550654405.531136, 82
550654517.493247, 32
550654606.958293, 78
550654789.384982, 85
550655177.65313, 8
550655337.502302, 8
550655489.422545, 8
550655641.915937, 8
550655785.266966, 8
550655921.516331, 8
550656049.66865, 8
550656373.801269, 84
550656477.481851, 85
550656558.987174, 82
550656663.963305, 78
550656734.928625, 32
550656909.706856, 78
550657253.208357, 85
550657413.231472, 77
550657501.64704, 32
550657582.765917, 50
550657703.036191, 59
550658778.893528, 8
550658961.62205, 8
550659097.544337, 8
550659253.647235, 50
550659342.925855, 59
550660228.40011, 38
550660402.973327, 38
new stimulus
550679445.083958, 70
550679553.608285, 69
550679680.924461, 86
550679799.631753, 69
550679870.490544, 82
550679936.179898, 32
550680341.768738, 61
550680348.829899, 173
550680565.588928, 32
550680954.688779, 8
550681111.444723, 8
550681221.766452, 32
550681342.567706, 84
550681541.251739, 82
550681693.259369, 85
550681758.635794, 69
550681877.17053, 59
new stimulus
550706557.663328, 13
550707005.583901, 73
550707118.394361, 70
550707189.90925, 32
550707374.32476, 16
550707880.506778, 16
550707910.444514, 16
550708105.791467, 8
550708264.531515, 8
550708416.311939, 8
550708566.865058, 8
550708706.008187, 8
550708851.850444, 8
550709009.152349, 8
550709152.769701, 8
550709320.471236, 8
550709635.891216, 8
550711494.840827, 88
550711812.567829, 32
550712037.212232, 16
550712164.460718, 56
550712618.752788, 8
550712852.857199, 16
550712963.300438, 53
550714006.959625, 32
550714236.450826, 48
550714690.311231, 8
550715109.040882, 52
550715540.793164, 8
550715631.519637, 51
550715836.472243, 32
550716148.74573, 173
550716356.855926, 173
550716730.031614, 8
550716961.084688, 8
550717124.747825, 61
550717253.080189, 32
550717364.655577, 61
550717626.258375, 8
550717868.989981, 61
550718198.266515, 8
550718337.753922, 8
550718414.300647, 61
550718557.235824, 32
550718806.504823, 57
550718814.876514, 48
550719260.600757, 8
550719441.003115, 8
550719581.617123, 48
550721037.026361, 32
550724688.200345, 37
550725197.636495, 37
550725228.759368, 37
550725260.212092, 37
550725297.495622, 37
550725323.469587, 37
550725353.613168, 37
550725384.609814, 37
550725627.384976, 37
550725791.207074, 37
550725959.124164, 37
550727813.858385, 16
550727885.449286, 49
550729028.704328, 16
550729164.416608, 57
550730315.485451, 46
550730880.732876, 39
new stimulus
550749805.777984, 73
550750260.232344, 16
550750404.190645, 61
550750875.847516, 61
550751316.643677, 32
550751563.932178, 50
new stimulus
550783405.889285, 73
550783485.769206, 70
550783556.061507, 32
550783659.525701, 16
550783747.446075, 57
550784091.739054, 65
550784204.016591, 71
550784316.683348, 69
550784407.255576, 32
550785163.731104, 16
550785292.116733, 190
550785499.478173, 32
550785915.853364, 52
550786249.259844, 8
550786389.404735, 53
550786689.649585, 8
550786748.867573, 54
550786955.220038, 53
550787688.986552, 39
550788219.49494, 16
550788356.084144, 80
550788954.198579, 8
550789115.661224, 16
550789211.447275, 219
550790029.34267, 13
550790219.841992, 82
550790428.846034, 69
550790595.489212, 84
550790707.337859, 85
550790788.767446, 82
550790875.297948, 78
550790939.624895, 32
550791067.290065, 84
550791227.270457, 82
550791284.626959, 85
550791388.796631, 69
550791501.071394, 59
550792283.369971, 40
550792818.885505, 13
550793188.202565, 82
550793607.954507, 8
550793815.328986, 9
550794324.092116, 69
550794422.439306, 76
550794515.581271, 83
550794579.592515, 69
550794811.300021, 16
550794939.938657, 219
550795249.142496, 13
550795507.76969, 82
550795637.693333, 69
550795740.707553, 84
550795804.668583, 85
550795907.290531, 82
550795979.170226, 78
550796069.627325, 32
550796251.098581, 70
550796365.253139, 65
550796531.778969, 76
550796605.076001, 83
550796667.578082, 69
550796748.44423, 59
new stimulus
550823079.327579, 75
550823172.579403, 32
550823813.493855, 61
550824067.696207, 32
550824723.080311, 48
550825507.45038, 59
550825595.307225, 32
550827339.261975, 75
550827436.630983, 32
550827626.777982, 16
550827714.817646, 188
550827882.747219, 32
550828347.13542, 52
550828833.401763, 8
550829171.457518, 57
550829178.952286, 48
550829641.476227, 8
550829932.29325, 57
550830402.944198, 8
550830587.342786, 53
550831249.312831, 8
550831381.110721, 55
550831802.864246, 8
550831901.43781, 56
550832963.152019, 59
550833060.969337, 32
550833419.166032, 16
550833643.417054, 61
550833822.713341, 61
550834517.620305, 75
new stimulus
550867451.919022, 75
550871264.365896, 8
550872259.254995, 49
550872938.615088, 48
550873632.006786, 8
550875032.412041, 8
550876060.045252, 75
new stimulus
550896523.567627, 88
550898186.312505, 50
550898890.145445, 219
550899549.246139, 73
550900719.025269, 39
550901178.028201, 219
550901939.148565, 74
550902254.474223, 39
550902498.60014, 32
550902978.077193, 173
550903366.99256, 8
550903514.260754, 61
550903650.8777, 32
550904066.095774, 88
550904353.833994, 219
550904826.427434, 73
550905787.867497, 221
550906323.666, 80
550906329.935683, 219
550907102.370051, 8
550907278.110095, 8
550907489.446958, 219
550908130.442695, 74
550908718.884062, 39
550909330.275244, 59
new stimulus
550931171.272479, 66
550931682.25663, 32
550931974.014938, 8
550932107.27261, 32
550933223.21264, 8
550933383.37502, 8
550933835.957907, 65
550934097.09991, 32
550934329.159462, 61
550934472.965737, 32
550934921.387053, 66
550935129.223713, 59
550935352.031044, 13
550936117.057199, 9
550936729.905666, 66
550936969.303798, 32
550937217.221209, 61
550937393.140744, 32
550937889.343148, 84
550938025.177215, 69
550938081.765265, 77
550938205.694425, 80
550938441.075522, 59
new stimulus
550957066.196477, 88
550957577.104338, 16
550957769.327268, 61
550958529.174554, 49
550959334.472325, 8
550959684.601936, 8
550959841.582867, 32
550960073.011567, 16
550960144.543378, 61
550960376.727769, 61
550960689.313908, 49
550961854.247349, 8
550961929.510176, 32
550962048.671049, 49
550963217.215384, 59
new stimulus
551005345.711425, 78
551005885.222912, 8
551009552.988252, 65
551009744.20831, 66
551009936.08835, 83
551010001.516375, 79
551010184.151129, 76
551010248.968831, 85
551010355.005537, 84
551010433.700877, 69
551010663.827092, 16
551010711.696676, 86
551010863.925687, 65
551011000.252729, 76
551011111.952124, 85
551011194.09995, 69
551011288.212885, 32
551011519.900694, 61
551011744.974821, 32
551014287.786213, 8
551014467.42539, 8
551014981.414828, 8
551015012.73772, 8
551015043.982657, 8
551015075.614595, 8
551015107.344184, 8
551015137.56794, 8
551015165.814248, 8
551015198.413548, 8
551015228.914168, 8
551015277.459269, 8
